0,1,2,3,4,5,6,7,8,9,10,11,12,13,14,15,16,17,18,19,20,21,22,23,24,25,26,27,28,29,30,31,32,33,34,35,36,37,38,39,40,41,42,43,44,45,46,47,48,49,50,51,52,53,54,55,56,57,58,59,60,61,62,63,64,65,66,67,68,69,70,71,72,73,74,75,76,77,78,79,80,81,82,83,84,85,86,87,88,89,90,91,92,93,94,95,96,97,98,99,100,101,102,103,104,105,106,107,108,109,110,111,112,113,114,115,116,117,118,119,120,121,122,123,124,125,126,127,128,129,130,131,132,133,134,135,136,137,138,139,140,141,142,143,144,145,146,147,148,149,150,151,152,153,154,155,156,157,158,159,160,161,162,163,164,165,166,167,168,169,170,171,172,173,174,175,176,177,178,179,180,181,182,183,184,185,186,187,188,189,190,191,192,193,194,195,196,197,198,199,200,201,202,203,204,205,206,207,208,209,210,211,212,213,214,215,216,217,218,219,220,221,222,223,224,225,226,227,228,229,230,231,232,233,234,235,236,237,238,239,240,241,242,243,244,245,246,247,248,249,250,251,252,253,254,255,256,257,258,259,260,261,262,263,264,265,266,267,268,269,270,271,272,273,274,275,276,277,278,279,280,281,282,283,284,285,286,287,288,289,290,291,292,293,294,295,296,297,298,299,300,301,302,303,304,305,306,307,308,309,310,311,312,313,314,315,316,317,318,319,320,321,322,323,324,325,326,327,328,329,330,331,332,333,334,335,336,337,338,339,340,341,342,343,344,345,346,347,348,349,350,351,352,353,354,355,356,357,358,359,360,361,362,363,364,365,366,367,368,369,370,371,372,373,374,375,376,377,378,379,380,381,382,383,384,385,386,387,388,389,390,391,392,393,394,395,396,397,398,399,400,401,402,403,404,405,406,407,408,409,410,411,412,413,414,415,416,417,418,419,420,421,422,423,424,425,426,427,428,429,430,431,432,433,434,435,436,437,438,439,440,441,442,443,444,445,446,447,448,449,450,451,452,453,454,455,456,457,458,459,460,461,462,463,464,465,466,467,468,469,470,471,472,473,474,475,476,477,478,479,480,481,482,483,484,485,486,487,488,489,490,491,492,493,494,495,496,497,498,499,500,501,502,503,504,505,506,507,508,509,510,511,512,513,514,515,516,517,518,519,520,521,522,523,524,525,526,527,528,529,530,531,532,533,534,535,536,537,538,539,540,541,542,543,544,545,546,547,548,549,550,551,552,553,554,555,556,557,558,559,560,561,562,563,564,565,566,567,568,569,570,571,572,573,574,575,576,577,578,579,580,581,582,583,584,585,586,587,588,589,590,591,592,593,594,595,596,597,598,599,600,601,602,603,604,605,606,607,608,609,610,611,612,613,614,615,616,617,618,619,620,621,622,623,624,625,626,627,628,629,630,631,632,633,634,635,636,637,638,639,640,641,642,643,644,645,646,647,648,649,650,651,652,653,654,655,656,657,658,659,660,661,662,663,664,665,666,667,668,669,670,671,672,673,674,675,676,677,678,679,680,681,682,683,684,685,686,687,688,689,690,691,692,693,694,695,696,697,698,699,700,701,702,703,704,705,706,707,708,709,710,711,712,713,714,715,716,717,718,719,720,721,722,723,724,725,726,727,728,729,730,731,732,733,734,735,736,737,738,739,740,741,742,743,744,745,746,747,748,749,750,751,752,753,754,755,756,757,758,759,760,761,762,763,764,765,766,767,768,769,770,771,772,773,774,775,776,777,778,779,780,781,782,783,784,785,786,787,788,789,790,791,792,793,794,795,796,797,798,799,800,801,802,803,804,805,806,807,808,809,810,811,812,813,814,815,816,817,818,819,820,821,822,823,824,825,826,827,828,829,830,831,832,833,834,835,836,837,838,839
0.7999999999999999,0.7301818468078407,0.8235294117647057,0.7777777777777777,0.5,0.9999999999999999,0.8,0.6666666666666666,0.24999999999999978,0.9282032302755091,0.02185239926619431,0.6545084971874736,0.27747906604368566,0.0,0.7999999999999999,0.7321892466346531,0.8235294117647057,0.7777777777777777,0.5,0.9999999999999999,0.8333333333333334,0.8333333333333333,0.24999999999999978,0.9282032302755091,0.06460214309120454,0.7499999999999997,0.0,0.3568958678922094,0.7999999999999999,0.7341769660710069,0.8235294117647057,0.7777777777777777,0.5,0.9999999999999999,0.8666666666666667,1.0,0.24999999999999978,0.9282032302755091,0.12638086253384767,0.8345653031794289,0.0990311320975808,0.8019377358048383,0.7999999999999999,0.7361646855073603,0.8235294117647057,0.7777777777777777,0.5,0.9999999999999999,0.9,0.0,0.24999999999999978,0.9282032302755091,0.20448853110729381,0.9045084971874737,0.5,1.0,0.7999999999999999,0.738152404943714,0.8235294117647057,0.7777777777777777,0.5,0.9999999999999999,0.9333333333333333,0.16666666666666666,0.24999999999999978,0.9282032302755091,0.2955114688927057,0.9567727288213003,0.9009688679024191,0.8019377358048384,0.7999999999999999,0.7401598047705265,0.8235294117647057,0.7777777777777777,0.5,0.9999999999999999,0.9666666666666667,0.3333333333333333,0.24999999999999978,0.9282032302755091,0.39547153673234625,0.9890738003669028,1.0,0.3568958678922095,0.8571428571428571,0.7421672045973393,0.8823529411764705,0.8333333333333333,0.5,0.9999999999999999,0.9999999999999999,0.5,0.24999999999999978,0.9282032302755091,0.4999999999999999,1.0,0.7225209339563144,5.551115123125783e-17,0.8571428571428571,0.7441549240336927,0.8823529411764705,0.8333333333333333,1.0,0.0,0.0,0.6666666666666666,0.5,1.0,0.5,1.0,0.27747906604368566,0.0,0.8571428571428571,0.7461426434700464,0.8823529411764705,0.8333333333333333,1.0,0.0,0.03333333333333333,0.8333333333333333,0.5,1.0,0.6045284632676534,0.9890738003669028,0.0,0.3568958678922094,0.8571428571428571,0.7480910021254821,0.8823529411764705,0.8333333333333333,1.0,0.0,0.06666666666666668,1.0,0.5,1.0,0.7044885311072939,0.9567727288213004,0.0990311320975808,0.8019377358048383,0.8571428571428571,0.7500393607809177,0.8823529411764705,0.8333333333333333,1.0,0.0,0.1,0.0,0.5,1.0,0.7955114688927061,0.9045084971874737,0.5,1.0,0.8571428571428571,0.7519089978745179,0.8823529411764705,0.8333333333333333,1.0,0.0,0.13333333333333333,0.16666666666666666,0.5,1.0,0.8736191374661522,0.8345653031794291,0.9009688679024191,0.8019377358048384,0.7999999999999999,0.7537983153585768,0.8235294117647057,0.7777777777777777,1.0,0.0,0.16666666666666669,0.3333333333333333,0.5,1.0,0.9353978569087953,0.75,1.0,0.3568958678922095,0.7999999999999999,0.7556679524521766,0.8235294117647057,0.7777777777777777,1.0,0.0,0.2,0.5,0.5,1.0,0.9781476007338057,0.6545084971874737,0.7225209339563144,5.551115123125783e-17,0.7999999999999999,0.7575375895457768,0.8235294117647057,0.7777777777777777,1.0,0.0,0.23333333333333334,0.6666666666666666,0.5,1.0,1.0,0.5522642316338269,0.27747906604368566,0.0,0.7999999999999999,0.7594269070298356,0.8235294117647057,0.7777777777777777,1.0,0.0,0.26666666666666666,0.8333333333333333,0.5,1.0,1.0,0.44773576836617335,0.0,0.3568958678922094,0.7999999999999999,0.7613359049043531,0.8235294117647057,0.7777777777777777,1.0,0.0,0.3,1.0,0.5,1.0,0.9781476007338057,0.34549150281252633,0.0990311320975808,0.8019377358048383,0.7999999999999999,0.7632645831693301,0.8235294117647057,0.7777777777777777,1.0,0.0,0.3333333333333333,0.0,0.5,1.0,0.9353978569087953,0.2500000000000001,0.5,1.0,0.7999999999999999,0.7651342202629299,0.8235294117647057,0.7777777777777777,1.0,0.0,0.3666666666666667,0.16666666666666666,0.5,1.0,0.8736191374661523,0.16543469682057105,0.9009688679024191,0.8019377358048384,0.7999999999999999,0.7670628985279069,0.8235294117647057,0.7777777777777777,1.0,0.0,0.4,0.3333333333333333,0.5,1.0,0.7955114688927061,0.09549150281252633,1.0,0.3568958678922095,0.7999999999999999,0.7689522160119657,0.8235294117647057,0.7777777777777777,1.0,0.0,0.43333333333333335,0.5,0.5,1.0,0.704488531107294,0.04322727117869962,0.7225209339563144,5.551115123125783e-17,0.7999999999999999,0.7708218531055655,0.8235294117647057,0.7777777777777777,1.0,0.0,0.4666666666666667,0.6666666666666666,0.5,1.0,0.6045284632676536,0.010926199633097211,0.27747906604368566,0.0,0.7999999999999999,0.7726718098087066,0.8235294117647057,0.7777777777777777,1.0,0.0,0.5,0.8333333333333333,0.5,1.0,0.5000000000000001,0.0,0.0,0.3568958678922094,0.7999999999999999,0.7745611272927655,0.8235294117647057,0.7777777777777777,1.0,0.0,0.5333333333333333,1.0,0.5,1.0,0.3954715367323467,0.010926199633097156,0.0990311320975808,0.8019377358048383,0.8571428571428571,0.7763914036054476,0.8823529411764705,0.8333333333333333,1.0,0.0,0.5666666666666667,0.0,0.5,1.0,0.29551146889270624,0.043227271178699456,0.5,1.0,0.8571428571428571,0.7782807210895064,0.8823529411764705,0.8333333333333333,1.0,0.0,0.6,0.16666666666666666,0.5,1.0,0.20448853110729398,0.09549150281252627,0.9009688679024191,0.8019377358048384,0.8571428571428571,0.7801897189640243,0.8823529411764705,0.8333333333333333,1.0,0.0,0.6333333333333333,0.3333333333333333,0.5,1.0,0.12638086253384795,0.16543469682057077,1.0,0.3568958678922095,0.8571428571428571,0.7820593560576241,0.8823529411764705,0.8333333333333333,1.0,0.0,0.6666666666666666,0.5,0.5,1.0,0.06460214309120482,0.24999999999999978,0.7225209339563144,5.551115123125783e-17,0.8571428571428571,0.7839880343226011,0.8823529411764705,0.8333333333333333,1.0,0.0,0.7,0.6666666666666666,0.5,1.0,0.021852399266194367,0.3454915028125262,0.27747906604368566,0.0,0.8571428571428571,0.7858970321971186,0.8823529411764705,0.8333333333333333,1.0,0.0,0.7333333333333333,0.8333333333333333,0.5,1.0,0.0,0.4477357683661729,0.0,0.3568958678922094,0.8571428571428571,0.7878257104620956,0.8823529411764705,0.8333333333333333,1.0,0.0,0.7666666666666667,1.0,0.5,1.0,0.0,0.5522642316338265,0.0990311320975808,0.8019377358048383,0.8571428571428571,0.7897543887270722,0.8823529411764705,0.8333333333333333,1.0,0.0,0.8,0.0,0.5,1.0,0.02185239926619431,0.6545084971874736,0.5,1.0,0.8571428571428571,0.7916830669920492,0.8823529411764705,0.8333333333333333,1.0,0.0,0.8333333333333334,0.16666666666666666,0.5,1.0,0.06460214309120454,0.7499999999999997,0.9009688679024191,0.8019377358048384,0.8571428571428571,0.7935920648665671,0.8823529411764705,0.8333333333333333,1.0,0.0,0.8666666666666667,0.3333333333333333,0.5,1.0,0.12638086253384767,0.8345653031794289,1.0,0.3568958678922095,0.8571428571428571,0.7955010627410846,0.8823529411764705,0.8333333333333333,1.0,0.0,0.9,0.5,0.5,1.0,0.20448853110729381,0.9045084971874737,0.7225209339563144,5.551115123125783e-17,0.8571428571428571,0.7974494213965206,0.8823529411764705,0.8333333333333333,1.0,0.0,0.9333333333333333,0.6666666666666666,0.5,1.0,0.2955114688927057,0.9567727288213003,0.27747906604368566,0.0,0.8571428571428571,0.7993780996614972,0.8823529411764705,0.8333333333333333,1.0,0.0,0.9666666666666667,0.8333333333333333,0.5,1.0,0.39547153673234625,0.9890738003669028,0.0,0.3568958678922094,0.8571428571428571,0.8013067779264742,0.8823529411764705,0.8333333333333333,1.0,0.0,0.9999999999999999,1.0,0.5,1.0,0.4999999999999999,1.0,0.0990311320975808,0.8019377358048383,0.8571428571428571,0.8032157758009917,0.8823529411764705,0.8333333333333333,1.0,0.09090909090909091,0.0,0.0,0.75,0.9282032302755092,0.5,1.0,0.5,1.0,0.8571428571428571,0.8051247736755096,0.8823529411764705,0.8333333333333333,1.0,0.09090909090909091,0.03333333333333333,0.16666666666666666,0.75,0.9282032302755092,0.6045284632676534,0.9890738003669028,0.9009688679024191,0.8019377358048384,0.8571428571428571,0.8068369676454381,0.8823529411764705,0.8333333333333333,1.0,0.09090909090909091,0.06666666666666668,0.3333333333333333,0.75,0.9282032302755092,0.7044885311072939,0.9567727288213004,1.0,0.3568958678922095,0.8571428571428571,0.8086672439581202,0.8823529411764705,0.8333333333333333,1.0,0.09090909090909091,0.1,0.5,0.75,0.9282032302755092,0.7955114688927061,0.9045084971874737,0.7225209339563144,5.551115123125783e-17,0.8571428571428571,0.8104975202708022,0.8823529411764705,0.8333333333333333,1.0,0.09090909090909091,0.13333333333333333,0.6666666666666666,0.75,0.9282032302755092,0.8736191374661522,0.8345653031794291,0.27747906604368566,0.0,0.8571428571428571,0.8123868377548611,0.8823529411764705,0.8333333333333333,1.0,0.09090909090909091,0.16666666666666669,0.8333333333333333,0.75,0.9282032302755092,0.9353978569087953,0.75,0.0,0.3568958678922094,0.8857142857142858,0.814295835629379,0.8823529411764705,0.8888888888888888,1.0,0.09090909090909091,0.2,1.0,0.75,0.9282032302755092,0.9781476007338057,0.6545084971874737,0.0990311320975808,0.8019377358048383,0.8571428571428571,0.8162245138943556,0.8823529411764705,0.8333333333333333,1.0,0.09090909090909091,0.23333333333333334,0.0,0.75,0.9282032302755092,1.0,0.5522642316338269,0.5,1.0,0.8571428571428571,0.8181925529402503,0.8823529411764705,0.8333333333333333,1.0,0.09090909090909091,0.26666666666666666,0.16666666666666666,0.75,0.9282032302755092,1.0,0.44773576836617335,0.9009688679024191,0.8019377358048384,0.8571428571428571,0.8201212312052273,0.8823529411764705,0.8333333333333333,1.0,0.09090909090909091,0.3,0.3333333333333333,0.75,0.9282032302755092,0.9781476007338057,0.34549150281252633,1.0,0.3568958678922095,0.8571428571428571,0.8221089506415806,0.8823529411764705,0.8333333333333333,1.0,0.09090909090909091,0.3333333333333333,0.5,0.75,0.9282032302755092,0.9353978569087953,0.2500000000000001,0.7225209339563144,5.551115123125783e-17,0.8571428571428571,0.8240573092970163,0.8823529411764705,0.8333333333333333,1.0,0.09090909090909091,0.3666666666666667,0.6666666666666666,0.75,0.9282032302755092,0.8736191374661523,0.16543469682057105,0.27747906604368566,0.0,0.8571428571428571,0.826025348342911,0.8823529411764705,0.8333333333333333,1.0,0.09090909090909091,0.4,0.8333333333333333,0.75,0.9282032302755092,0.7955114688927061,0.09549150281252633,0.0,0.3568958678922094,0.8571428571428571,0.8279933873888057,0.8823529411764705,0.8333333333333333,1.0,0.09090909090909091,0.43333333333333335,1.0,0.75,0.9282032302755092,0.704488531107294,0.04322727117869962,0.0990311320975808,0.8019377358048383,0.8571428571428571,0.8299614264347004,0.8823529411764705,0.8333333333333333,1.0,0.09090909090909091,0.4666666666666667,0.0,0.75,0.9282032302755092,0.6045284632676536,0.010926199633097211,0.5,1.0,0.8571428571428571,0.8319294654805951,0.8823529411764705,0.8333333333333333,1.0,0.09090909090909091,0.5,0.16666666666666666,0.75,0.9282032302755092,0.5000000000000001,0.0,0.9009688679024191,0.8019377358048384,0.8571428571428571,0.8339368653074075,0.8823529411764705,0.8333333333333333,1.0,0.09090909090909091,0.5333333333333333,0.3333333333333333,0.75,0.9282032302755092,0.3954715367323467,0.010926199633097156,1.0,0.3568958678922095,0.8571428571428571,0.8358852239628436,0.8823529411764705,0.8333333333333333,1.0,0.09090909090909091,0.5666666666666667,0.5,0.75,0.9282032302755092,0.29551146889270624,0.043227271178699456,0.7225209339563144,5.551115123125783e-17,0.7999999999999999,0.837892623789656,0.8235294117647057,0.7777777777777777,1.0,0.09090909090909091,0.6,0.6666666666666666,0.75,0.9282032302755092,0.20448853110729398,0.09549150281252627,0.27747906604368566,0.0,0.8571428571428571,0.8398213020546326,0.8823529411764705,0.8333333333333333,1.0,0.09090909090909091,0.6333333333333333,0.8333333333333333,0.75,0.9282032302755092,0.12638086253384795,0.16543469682057077,0.0,0.3568958678922094,0.8857142857142858,0.8417106195386914,0.8823529411764705,0.8888888888888888,1.0,0.09090909090909091,0.6666666666666666,1.0,0.75,0.9282032302755092,0.06460214309120482,0.24999999999999978,0.0990311320975808,0.8019377358048383,0.8571428571428571,0.8436196174132093,0.8823529411764705,0.8333333333333333,1.0,0.09090909090909091,0.7,0.0,0.75,0.9282032302755092,0.021852399266194367,0.3454915028125262,0.5,1.0
0.7999999999999999,0.7321892466346531,0.8235294117647057,0.7777777777777777,0.5,0.9999999999999999,0.8333333333333334,0.8333333333333333,0.24999999999999978,0.9282032302755091,0.06460214309120454,0.7499999999999997,0.0,0.3568958678922094,0.7999999999999999,0.7341769660710069,0.8235294117647057,0.7777777777777777,0.5,0.9999999999999999,0.8666666666666667,1.0,0.24999999999999978,0.9282032302755091,0.12638086253384767,0.8345653031794289,0.0990311320975808,0.8019377358048383,0.7999999999999999,0.7361646855073603,0.8235294117647057,0.7777777777777777,0.5,0.9999999999999999,0.9,0.0,0.24999999999999978,0.9282032302755091,0.20448853110729381,0.9045084971874737,0.5,1.0,0.7999999999999999,0.738152404943714,0.8235294117647057,0.7777777777777777,0.5,0.9999999999999999,0.9333333333333333,0.16666666666666666,0.24999999999999978,0.9282032302755091,0.2955114688927057,0.9567727288213003,0.9009688679024191,0.8019377358048384,0.7999999999999999,0.7401598047705265,0.8235294117647057,0.7777777777777777,0.5,0.9999999999999999,0.9666666666666667,0.3333333333333333,0.24999999999999978,0.9282032302755091,0.39547153673234625,0.9890738003669028,1.0,0.3568958678922095,0.8571428571428571,0.7421672045973393,0.8823529411764705,0.8333333333333333,0.5,0.9999999999999999,0.9999999999999999,0.5,0.24999999999999978,0.9282032302755091,0.4999999999999999,1.0,0.7225209339563144,5.551115123125783e-17,0.8571428571428571,0.7441549240336927,0.8823529411764705,0.8333333333333333,1.0,0.0,0.0,0.6666666666666666,0.5,1.0,0.5,1.0,0.27747906604368566,0.0,0.8571428571428571,0.7461426434700464,0.8823529411764705,0.8333333333333333,1.0,0.0,0.03333333333333333,0.8333333333333333,0.5,1.0,0.6045284632676534,0.9890738003669028,0.0,0.3568958678922094,0.8571428571428571,0.7480910021254821,0.8823529411764705,0.8333333333333333,1.0,0.0,0.06666666666666668,1.0,0.5,1.0,0.7044885311072939,0.9567727288213004,0.0990311320975808,0.8019377358048383,0.8571428571428571,0.7500393607809177,0.8823529411764705,0.8333333333333333,1.0,0.0,0.1,0.0,0.5,1.0,0.7955114688927061,0.9045084971874737,0.5,1.0,0.8571428571428571,0.7519089978745179,0.8823529411764705,0.8333333333333333,1.0,0.0,0.13333333333333333,0.16666666666666666,0.5,1.0,0.8736191374661522,0.8345653031794291,0.9009688679024191,0.8019377358048384,0.7999999999999999,0.7537983153585768,0.8235294117647057,0.7777777777777777,1.0,0.0,0.16666666666666669,0.3333333333333333,0.5,1.0,0.9353978569087953,0.75,1.0,0.3568958678922095,0.7999999999999999,0.7556679524521766,0.8235294117647057,0.7777777777777777,1.0,0.0,0.2,0.5,0.5,1.0,0.9781476007338057,0.6545084971874737,0.7225209339563144,5.551115123125783e-17,0.7999999999999999,0.7575375895457768,0.8235294117647057,0.7777777777777777,1.0,0.0,0.23333333333333334,0.6666666666666666,0.5,1.0,1.0,0.5522642316338269,0.27747906604368566,0.0,0.7999999999999999,0.7594269070298356,0.8235294117647057,0.7777777777777777,1.0,0.0,0.26666666666666666,0.8333333333333333,0.5,1.0,1.0,0.44773576836617335,0.0,0.3568958678922094,0.7999999999999999,0.7613359049043531,0.8235294117647057,0.7777777777777777,1.0,0.0,0.3,1.0,0.5,1.0,0.9781476007338057,0.34549150281252633,0.0990311320975808,0.8019377358048383,0.7999999999999999,0.7632645831693301,0.8235294117647057,0.7777777777777777,1.0,0.0,0.3333333333333333,0.0,0.5,1.0,0.9353978569087953,0.2500000000000001,0.5,1.0,0.7999999999999999,0.7651342202629299,0.8235294117647057,0.7777777777777777,1.0,0.0,0.3666666666666667,0.16666666666666666,0.5,1.0,0.8736191374661523,0.16543469682057105,0.9009688679024191,0.8019377358048384,0.7999999999999999,0.7670628985279069,0.8235294117647057,0.7777777777777777,1.0,0.0,0.4,0.3333333333333333,0.5,1.0,0.7955114688927061,0.09549150281252633,1.0,0.3568958678922095,0.7999999999999999,0.7689522160119657,0.8235294117647057,0.7777777777777777,1.0,0.0,0.43333333333333335,0.5,0.5,1.0,0.704488531107294,0.04322727117869962,0.7225209339563144,5.551115123125783e-17,0.7999999999999999,0.7708218531055655,0.8235294117647057,0.7777777777777777,1.0,0.0,0.4666666666666667,0.6666666666666666,0.5,1.0,0.6045284632676536,0.010926199633097211,0.27747906604368566,0.0,0.7999999999999999,0.7726718098087066,0.8235294117647057,0.7777777777777777,1.0,0.0,0.5,0.8333333333333333,0.5,1.0,0.5000000000000001,0.0,0.0,0.3568958678922094,0.7999999999999999,0.7745611272927655,0.8235294117647057,0.7777777777777777,1.0,0.0,0.5333333333333333,1.0,0.5,1.0,0.3954715367323467,0.010926199633097156,0.0990311320975808,0.8019377358048383,0.8571428571428571,0.7763914036054476,0.8823529411764705,0.8333333333333333,1.0,0.0,0.5666666666666667,0.0,0.5,1.0,0.29551146889270624,0.043227271178699456,0.5,1.0,0.8571428571428571,0.7782807210895064,0.8823529411764705,0.8333333333333333,1.0,0.0,0.6,0.16666666666666666,0.5,1.0,0.20448853110729398,0.09549150281252627,0.9009688679024191,0.8019377358048384,0.8571428571428571,0.7801897189640243,0.8823529411764705,0.8333333333333333,1.0,0.0,0.6333333333333333,0.3333333333333333,0.5,1.0,0.12638086253384795,0.16543469682057077,1.0,0.3568958678922095,0.8571428571428571,0.7820593560576241,0.8823529411764705,0.8333333333333333,1.0,0.0,0.6666666666666666,0.5,0.5,1.0,0.06460214309120482,0.24999999999999978,0.7225209339563144,5.551115123125783e-17,0.8571428571428571,0.7839880343226011,0.8823529411764705,0.8333333333333333,1.0,0.0,0.7,0.6666666666666666,0.5,1.0,0.021852399266194367,0.3454915028125262,0.27747906604368566,0.0,0.8571428571428571,0.7858970321971186,0.8823529411764705,0.8333333333333333,1.0,0.0,0.7333333333333333,0.8333333333333333,0.5,1.0,0.0,0.4477357683661729,0.0,0.3568958678922094,0.8571428571428571,0.7878257104620956,0.8823529411764705,0.8333333333333333,1.0,0.0,0.7666666666666667,1.0,0.5,1.0,0.0,0.5522642316338265,0.0990311320975808,0.8019377358048383,0.8571428571428571,0.7897543887270722,0.8823529411764705,0.8333333333333333,1.0,0.0,0.8,0.0,0.5,1.0,0.02185239926619431,0.6545084971874736,0.5,1.0,0.8571428571428571,0.7916830669920492,0.8823529411764705,0.8333333333333333,1.0,0.0,0.8333333333333334,0.16666666666666666,0.5,1.0,0.06460214309120454,0.7499999999999997,0.9009688679024191,0.8019377358048384,0.8571428571428571,0.7935920648665671,0.8823529411764705,0.8333333333333333,1.0,0.0,0.8666666666666667,0.3333333333333333,0.5,1.0,0.12638086253384767,0.8345653031794289,1.0,0.3568958678922095,0.8571428571428571,0.7955010627410846,0.8823529411764705,0.8333333333333333,1.0,0.0,0.9,0.5,0.5,1.0,0.20448853110729381,0.9045084971874737,0.7225209339563144,5.551115123125783e-17,0.8571428571428571,0.7974494213965206,0.8823529411764705,0.8333333333333333,1.0,0.0,0.9333333333333333,0.6666666666666666,0.5,1.0,0.2955114688927057,0.9567727288213003,0.27747906604368566,0.0,0.8571428571428571,0.7993780996614972,0.8823529411764705,0.8333333333333333,1.0,0.0,0.9666666666666667,0.8333333333333333,0.5,1.0,0.39547153673234625,0.9890738003669028,0.0,0.3568958678922094,0.8571428571428571,0.8013067779264742,0.8823529411764705,0.8333333333333333,1.0,0.0,0.9999999999999999,1.0,0.5,1.0,0.4999999999999999,1.0,0.0990311320975808,0.8019377358048383,0.8571428571428571,0.8032157758009917,0.8823529411764705,0.8333333333333333,1.0,0.09090909090909091,0.0,0.0,0.75,0.9282032302755092,0.5,1.0,0.5,1.0,0.8571428571428571,0.8051247736755096,0.8823529411764705,0.8333333333333333,1.0,0.09090909090909091,0.03333333333333333,0.16666666666666666,0.75,0.9282032302755092,0.6045284632676534,0.9890738003669028,0.9009688679024191,0.8019377358048384,0.8571428571428571,0.8068369676454381,0.8823529411764705,0.8333333333333333,1.0,0.09090909090909091,0.06666666666666668,0.3333333333333333,0.75,0.9282032302755092,0.7044885311072939,0.9567727288213004,1.0,0.3568958678922095,0.8571428571428571,0.8086672439581202,0.8823529411764705,0.8333333333333333,1.0,0.09090909090909091,0.1,0.5,0.75,0.9282032302755092,0.7955114688927061,0.9045084971874737,0.7225209339563144,5.551115123125783e-17,0.8571428571428571,0.8104975202708022,0.8823529411764705,0.8333333333333333,1.0,0.09090909090909091,0.13333333333333333,0.6666666666666666,0.75,0.9282032302755092,0.8736191374661522,0.8345653031794291,0.27747906604368566,0.0,0.8571428571428571,0.8123868377548611,0.8823529411764705,0.8333333333333333,1.0,0.09090909090909091,0.16666666666666669,0.8333333333333333,0.75,0.9282032302755092,0.9353978569087953,0.75,0.0,0.3568958678922094,0.8857142857142858,0.814295835629379,0.8823529411764705,0.8888888888888888,1.0,0.09090909090909091,0.2,1.0,0.75,0.9282032302755092,0.9781476007338057,0.6545084971874737,0.0990311320975808,0.8019377358048383,0.8571428571428571,0.8162245138943556,0.8823529411764705,0.8333333333333333,1.0,0.09090909090909091,0.23333333333333334,0.0,0.75,0.9282032302755092,1.0,0.5522642316338269,0.5,1.0,0.8571428571428571,0.8181925529402503,0.8823529411764705,0.8333333333333333,1.0,0.09090909090909091,0.26666666666666666,0.16666666666666666,0.75,0.9282032302755092,1.0,0.44773576836617335,0.9009688679024191,0.8019377358048384,0.8571428571428571,0.8201212312052273,0.8823529411764705,0.8333333333333333,1.0,0.09090909090909091,0.3,0.3333333333333333,0.75,0.9282032302755092,0.9781476007338057,0.34549150281252633,1.0,0.3568958678922095,0.8571428571428571,0.8221089506415806,0.8823529411764705,0.8333333333333333,1.0,0.09090909090909091,0.3333333333333333,0.5,0.75,0.9282032302755092,0.9353978569087953,0.2500000000000001,0.7225209339563144,5.551115123125783e-17,0.8571428571428571,0.8240573092970163,0.8823529411764705,0.8333333333333333,1.0,0.09090909090909091,0.3666666666666667,0.6666666666666666,0.75,0.9282032302755092,0.8736191374661523,0.16543469682057105,0.27747906604368566,0.0,0.8571428571428571,0.826025348342911,0.8823529411764705,0.8333333333333333,1.0,0.09090909090909091,0.4,0.8333333333333333,0.75,0.9282032302755092,0.7955114688927061,0.09549150281252633,0.0,0.3568958678922094,0.8571428571428571,0.8279933873888057,0.8823529411764705,0.8333333333333333,1.0,0.09090909090909091,0.43333333333333335,1.0,0.75,0.9282032302755092,0.704488531107294,0.04322727117869962,0.0990311320975808,0.8019377358048383,0.8571428571428571,0.8299614264347004,0.8823529411764705,0.8333333333333333,1.0,0.09090909090909091,0.4666666666666667,0.0,0.75,0.9282032302755092,0.6045284632676536,0.010926199633097211,0.5,1.0,0.8571428571428571,0.8319294654805951,0.8823529411764705,0.8333333333333333,1.0,0.09090909090909091,0.5,0.16666666666666666,0.75,0.9282032302755092,0.5000000000000001,0.0,0.9009688679024191,0.8019377358048384,0.8571428571428571,0.8339368653074075,0.8823529411764705,0.8333333333333333,1.0,0.09090909090909091,0.5333333333333333,0.3333333333333333,0.75,0.9282032302755092,0.3954715367323467,0.010926199633097156,1.0,0.3568958678922095,0.8571428571428571,0.8358852239628436,0.8823529411764705,0.8333333333333333,1.0,0.09090909090909091,0.5666666666666667,0.5,0.75,0.9282032302755092,0.29551146889270624,0.043227271178699456,0.7225209339563144,5.551115123125783e-17,0.7999999999999999,0.837892623789656,0.8235294117647057,0.7777777777777777,1.0,0.09090909090909091,0.6,0.6666666666666666,0.75,0.9282032302755092,0.20448853110729398,0.09549150281252627,0.27747906604368566,0.0,0.8571428571428571,0.8398213020546326,0.8823529411764705,0.8333333333333333,1.0,0.09090909090909091,0.6333333333333333,0.8333333333333333,0.75,0.9282032302755092,0.12638086253384795,0.16543469682057077,0.0,0.3568958678922094,0.8857142857142858,0.8417106195386914,0.8823529411764705,0.8888888888888888,1.0,0.09090909090909091,0.6666666666666666,1.0,0.75,0.9282032302755092,0.06460214309120482,0.24999999999999978,0.0990311320975808,0.8019377358048383,0.8571428571428571,0.8436196174132093,0.8823529411764705,0.8333333333333333,1.0,0.09090909090909091,0.7,0.0,0.75,0.9282032302755092,0.021852399266194367,0.3454915028125262,0.5,1.0,0.8571428571428571,0.8455286152877273,0.8823529411764705,0.8333333333333333,1.0,0.09090909090909091,0.7333333333333333,0.16666666666666666,0.75,0.9282032302755092,0.0,0.4477357683661729,0.9009688679024191,0.8019377358048384
0.7999999999999999,0.7341769660710069,0.8235294117647057,0.7777777777777777,0.5,0.9999999999999999,0.8666666666666667,1.0,0.24999999999999978,0.9282032302755091,0.12638086253384767,0.8345653031794289,0.0990311320975808,0.8019377358048383,0.7999999999999999,0.7361646855073603,0.8235294117647057,0.7777777777777777,0.5,0.9999999999999999,0.9,0.0,0.24999999999999978,0.9282032302755091,0.20448853110729381,0.9045084971874737,0.5,1.0,0.7999999999999999,0.738152404943714,0.8235294117647057,0.7777777777777777,0.5,0.9999999999999999,0.9333333333333333,0.16666666666666666,0.24999999999999978,0.9282032302755091,0.2955114688927057,0.9567727288213003,0.9009688679024191,0.8019377358048384,0.7999999999999999,0.7401598047705265,0.8235294117647057,0.7777777777777777,0.5,0.9999999999999999,0.9666666666666667,0.3333333333333333,0.24999999999999978,0.9282032302755091,0.39547153673234625,0.9890738003669028,1.0,0.3568958678922095,0.8571428571428571,0.7421672045973393,0.8823529411764705,0.8333333333333333,0.5,0.9999999999999999,0.9999999999999999,0.5,0.24999999999999978,0.9282032302755091,0.4999999999999999,1.0,0.7225209339563144,5.551115123125783e-17,0.8571428571428571,0.7441549240336927,0.8823529411764705,0.8333333333333333,1.0,0.0,0.0,0.6666666666666666,0.5,1.0,0.5,1.0,0.27747906604368566,0.0,0.8571428571428571,0.7461426434700464,0.8823529411764705,0.8333333333333333,1.0,0.0,0.03333333333333333,0.8333333333333333,0.5,1.0,0.6045284632676534,0.9890738003669028,0.0,0.3568958678922094,0.8571428571428571,0.7480910021254821,0.8823529411764705,0.8333333333333333,1.0,0.0,0.06666666666666668,1.0,0.5,1.0,0.7044885311072939,0.9567727288213004,0.0990311320975808,0.8019377358048383,0.8571428571428571,0.7500393607809177,0.8823529411764705,0.8333333333333333,1.0,0.0,0.1,0.0,0.5,1.0,0.7955114688927061,0.9045084971874737,0.5,1.0,0.8571428571428571,0.7519089978745179,0.8823529411764705,0.8333333333333333,1.0,0.0,0.13333333333333333,0.16666666666666666,0.5,1.0,0.8736191374661522,0.8345653031794291,0.9009688679024191,0.8019377358048384,0.7999999999999999,0.7537983153585768,0.8235294117647057,0.7777777777777777,1.0,0.0,0.16666666666666669,0.3333333333333333,0.5,1.0,0.9353978569087953,0.75,1.0,0.3568958678922095,0.7999999999999999,0.7556679524521766,0.8235294117647057,0.7777777777777777,1.0,0.0,0.2,0.5,0.5,1.0,0.9781476007338057,0.6545084971874737,0.7225209339563144,5.551115123125783e-17,0.7999999999999999,0.7575375895457768,0.8235294117647057,0.7777777777777777,1.0,0.0,0.23333333333333334,0.6666666666666666,0.5,1.0,1.0,0.5522642316338269,0.27747906604368566,0.0,0.7999999999999999,0.7594269070298356,0.8235294117647057,0.7777777777777777,1.0,0.0,0.26666666666666666,0.8333333333333333,0.5,1.0,1.0,0.44773576836617335,0.0,0.3568958678922094,0.7999999999999999,0.7613359049043531,0.8235294117647057,0.7777777777777777,1.0,0.0,0.3,1.0,0.5,1.0,0.9781476007338057,0.34549150281252633,0.0990311320975808,0.8019377358048383,0.7999999999999999,0.7632645831693301,0.8235294117647057,0.7777777777777777,1.0,0.0,0.3333333333333333,0.0,0.5,1.0,0.9353978569087953,0.2500000000000001,0.5,1.0,0.7999999999999999,0.7651342202629299,0.8235294117647057,0.7777777777777777,1.0,0.0,0.3666666666666667,0.16666666666666666,0.5,1.0,0.8736191374661523,0.16543469682057105,0.9009688679024191,0.8019377358048384,0.7999999999999999,0.7670628985279069,0.8235294117647057,0.7777777777777777,1.0,0.0,0.4,0.3333333333333333,0.5,1.0,0.7955114688927061,0.09549150281252633,1.0,0.3568958678922095,0.7999999999999999,0.7689522160119657,0.8235294117647057,0.7777777777777777,1.0,0.0,0.43333333333333335,0.5,0.5,1.0,0.704488531107294,0.04322727117869962,0.7225209339563144,5.551115123125783e-17,0.7999999999999999,0.7708218531055655,0.8235294117647057,0.7777777777777777,1.0,0.0,0.4666666666666667,0.6666666666666666,0.5,1.0,0.6045284632676536,0.010926199633097211,0.27747906604368566,0.0,0.7999999999999999,0.7726718098087066,0.8235294117647057,0.7777777777777777,1.0,0.0,0.5,0.8333333333333333,0.5,1.0,0.5000000000000001,0.0,0.0,0.3568958678922094,0.7999999999999999,0.7745611272927655,0.8235294117647057,0.7777777777777777,1.0,0.0,0.5333333333333333,1.0,0.5,1.0,0.3954715367323467,0.010926199633097156,0.0990311320975808,0.8019377358048383,0.8571428571428571,0.7763914036054476,0.8823529411764705,0.8333333333333333,1.0,0.0,0.5666666666666667,0.0,0.5,1.0,0.29551146889270624,0.043227271178699456,0.5,1.0,0.8571428571428571,0.7782807210895064,0.8823529411764705,0.8333333333333333,1.0,0.0,0.6,0.16666666666666666,0.5,1.0,0.20448853110729398,0.09549150281252627,0.9009688679024191,0.8019377358048384,0.8571428571428571,0.7801897189640243,0.8823529411764705,0.8333333333333333,1.0,0.0,0.6333333333333333,0.3333333333333333,0.5,1.0,0.12638086253384795,0.16543469682057077,1.0,0.3568958678922095,0.8571428571428571,0.7820593560576241,0.8823529411764705,0.8333333333333333,1.0,0.0,0.6666666666666666,0.5,0.5,1.0,0.06460214309120482,0.24999999999999978,0.7225209339563144,5.551115123125783e-17,0.8571428571428571,0.7839880343226011,0.8823529411764705,0.8333333333333333,1.0,0.0,0.7,0.6666666666666666,0.5,1.0,0.021852399266194367,0.3454915028125262,0.27747906604368566,0.0,0.8571428571428571,0.7858970321971186,0.8823529411764705,0.8333333333333333,1.0,0.0,0.7333333333333333,0.8333333333333333,0.5,1.0,0.0,0.4477357683661729,0.0,0.3568958678922094,0.8571428571428571,0.7878257104620956,0.8823529411764705,0.8333333333333333,1.0,0.0,0.7666666666666667,1.0,0.5,1.0,0.0,0.5522642316338265,0.0990311320975808,0.8019377358048383,0.8571428571428571,0.7897543887270722,0.8823529411764705,0.8333333333333333,1.0,0.0,0.8,0.0,0.5,1.0,0.02185239926619431,0.6545084971874736,0.5,1.0,0.8571428571428571,0.7916830669920492,0.8823529411764705,0.8333333333333333,1.0,0.0,0.8333333333333334,0.16666666666666666,0.5,1.0,0.06460214309120454,0.7499999999999997,0.9009688679024191,0.8019377358048384,0.8571428571428571,0.7935920648665671,0.8823529411764705,0.8333333333333333,1.0,0.0,0.8666666666666667,0.3333333333333333,0.5,1.0,0.12638086253384767,0.8345653031794289,1.0,0.3568958678922095,0.8571428571428571,0.7955010627410846,0.8823529411764705,0.8333333333333333,1.0,0.0,0.9,0.5,0.5,1.0,0.20448853110729381,0.9045084971874737,0.7225209339563144,5.551115123125783e-17,0.8571428571428571,0.7974494213965206,0.8823529411764705,0.8333333333333333,1.0,0.0,0.9333333333333333,0.6666666666666666,0.5,1.0,0.2955114688927057,0.9567727288213003,0.27747906604368566,0.0,0.8571428571428571,0.7993780996614972,0.8823529411764705,0.8333333333333333,1.0,0.0,0.9666666666666667,0.8333333333333333,0.5,1.0,0.39547153673234625,0.9890738003669028,0.0,0.3568958678922094,0.8571428571428571,0.8013067779264742,0.8823529411764705,0.8333333333333333,1.0,0.0,0.9999999999999999,1.0,0.5,1.0,0.4999999999999999,1.0,0.0990311320975808,0.8019377358048383,0.8571428571428571,0.8032157758009917,0.8823529411764705,0.8333333333333333,1.0,0.09090909090909091,0.0,0.0,0.75,0.9282032302755092,0.5,1.0,0.5,1.0,0.8571428571428571,0.8051247736755096,0.8823529411764705,0.8333333333333333,1.0,0.09090909090909091,0.03333333333333333,0.16666666666666666,0.75,0.9282032302755092,0.6045284632676534,0.9890738003669028,0.9009688679024191,0.8019377358048384,0.8571428571428571,0.8068369676454381,0.8823529411764705,0.8333333333333333,1.0,0.09090909090909091,0.06666666666666668,0.3333333333333333,0.75,0.9282032302755092,0.7044885311072939,0.9567727288213004,1.0,0.3568958678922095,0.8571428571428571,0.8086672439581202,0.8823529411764705,0.8333333333333333,1.0,0.09090909090909091,0.1,0.5,0.75,0.9282032302755092,0.7955114688927061,0.9045084971874737,0.7225209339563144,5.551115123125783e-17,0.8571428571428571,0.8104975202708022,0.8823529411764705,0.8333333333333333,1.0,0.09090909090909091,0.13333333333333333,0.6666666666666666,0.75,0.9282032302755092,0.8736191374661522,0.8345653031794291,0.27747906604368566,0.0,0.8571428571428571,0.8123868377548611,0.8823529411764705,0.8333333333333333,1.0,0.09090909090909091,0.16666666666666669,0.8333333333333333,0.75,0.9282032302755092,0.9353978569087953,0.75,0.0,0.3568958678922094,0.8857142857142858,0.814295835629379,0.8823529411764705,0.8888888888888888,1.0,0.09090909090909091,0.2,1.0,0.75,0.9282032302755092,0.9781476007338057,0.6545084971874737,0.0990311320975808,0.8019377358048383,0.8571428571428571,0.8162245138943556,0.8823529411764705,0.8333333333333333,1.0,0.09090909090909091,0.23333333333333334,0.0,0.75,0.9282032302755092,1.0,0.5522642316338269,0.5,1.0,0.8571428571428571,0.8181925529402503,0.8823529411764705,0.8333333333333333,1.0,0.09090909090909091,0.26666666666666666,0.16666666666666666,0.75,0.9282032302755092,1.0,0.44773576836617335,0.9009688679024191,0.8019377358048384,0.8571428571428571,0.8201212312052273,0.8823529411764705,0.8333333333333333,1.0,0.09090909090909091,0.3,0.3333333333333333,0.75,0.9282032302755092,0.9781476007338057,0.34549150281252633,1.0,0.3568958678922095,0.8571428571428571,0.8221089506415806,0.8823529411764705,0.8333333333333333,1.0,0.09090909090909091,0.3333333333333333,0.5,0.75,0.9282032302755092,0.9353978569087953,0.2500000000000001,0.7225209339563144,5.551115123125783e-17,0.8571428571428571,0.8240573092970163,0.8823529411764705,0.8333333333333333,1.0,0.09090909090909091,0.3666666666666667,0.6666666666666666,0.75,0.9282032302755092,0.8736191374661523,0.16543469682057105,0.27747906604368566,0.0,0.8571428571428571,0.826025348342911,0.8823529411764705,0.8333333333333333,1.0,0.09090909090909091,0.4,0.8333333333333333,0.75,0.9282032302755092,0.7955114688927061,0.09549150281252633,0.0,0.3568958678922094,0.8571428571428571,0.8279933873888057,0.8823529411764705,0.8333333333333333,1.0,0.09090909090909091,0.43333333333333335,1.0,0.75,0.9282032302755092,0.704488531107294,0.04322727117869962,0.0990311320975808,0.8019377358048383,0.8571428571428571,0.8299614264347004,0.8823529411764705,0.8333333333333333,1.0,0.09090909090909091,0.4666666666666667,0.0,0.75,0.9282032302755092,0.6045284632676536,0.010926199633097211,0.5,1.0,0.8571428571428571,0.8319294654805951,0.8823529411764705,0.8333333333333333,1.0,0.09090909090909091,0.5,0.16666666666666666,0.75,0.9282032302755092,0.5000000000000001,0.0,0.9009688679024191,0.8019377358048384,0.8571428571428571,0.8339368653074075,0.8823529411764705,0.8333333333333333,1.0,0.09090909090909091,0.5333333333333333,0.3333333333333333,0.75,0.9282032302755092,0.3954715367323467,0.010926199633097156,1.0,0.3568958678922095,0.8571428571428571,0.8358852239628436,0.8823529411764705,0.8333333333333333,1.0,0.09090909090909091,0.5666666666666667,0.5,0.75,0.9282032302755092,0.29551146889270624,0.043227271178699456,0.7225209339563144,5.551115123125783e-17,0.7999999999999999,0.837892623789656,0.8235294117647057,0.7777777777777777,1.0,0.09090909090909091,0.6,0.6666666666666666,0.75,0.9282032302755092,0.20448853110729398,0.09549150281252627,0.27747906604368566,0.0,0.8571428571428571,0.8398213020546326,0.8823529411764705,0.8333333333333333,1.0,0.09090909090909091,0.6333333333333333,0.8333333333333333,0.75,0.9282032302755092,0.12638086253384795,0.16543469682057077,0.0,0.3568958678922094,0.8857142857142858,0.8417106195386914,0.8823529411764705,0.8888888888888888,1.0,0.09090909090909091,0.6666666666666666,1.0,0.75,0.9282032302755092,0.06460214309120482,0.24999999999999978,0.0990311320975808,0.8019377358048383,0.8571428571428571,0.8436196174132093,0.8823529411764705,0.8333333333333333,1.0,0.09090909090909091,0.7,0.0,0.75,0.9282032302755092,0.021852399266194367,0.3454915028125262,0.5,1.0,0.8571428571428571,0.8455286152877273,0.8823529411764705,0.8333333333333333,1.0,0.09090909090909091,0.7333333333333333,0.16666666666666666,0.75,0.9282032302755092,0.0,0.4477357683661729,0.9009688679024191,0.8019377358048384,0.8571428571428571,0.8473785719908684,0.8823529411764705,0.8333333333333333,1.0,0.09090909090909091,0.7666666666666667,0.3333333333333333,0.75,0.9282032302755092,0.0,0.5522642316338265,1.0,0.3568958678922095
0.7999999999999999,0.7361646855073603,0.8235294117647057,0.7777777777777777,0.5,0.9999999999999999,0.9,0.0,0.24999999999999978,0.9282032302755091,0.20448853110729381,0.9045084971874737,0.5,1.0,0.7999999999999999,0.738152404943714,0.8235294117647057,0.7777777777777777,0.5,0.9999999999999999,0.9333333333333333,0.16666666666666666,0.24999999999999978,0.9282032302755091,0.2955114688927057,0.9567727288213003,0.9009688679024191,0.8019377358048384,0.7999999999999999,0.7401598047705265,0.8235294117647057,0.7777777777777777,0.5,0.9999999999999999,0.9666666666666667,0.3333333333333333,0.24999999999999978,0.9282032302755091,0.39547153673234625,0.9890738003669028,1.0,0.3568958678922095,0.8571428571428571,0.7421672045973393,0.8823529411764705,0.8333333333333333,0.5,0.9999999999999999,0.9999999999999999,0.5,0.24999999999999978,0.9282032302755091,0.4999999999999999,1.0,0.7225209339563144,5.551115123125783e-17,0.8571428571428571,0.7441549240336927,0.8823529411764705,0.8333333333333333,1.0,0.0,0.0,0.6666666666666666,0.5,1.0,0.5,1.0,0.27747906604368566,0.0,0.8571428571428571,0.7461426434700464,0.8823529411764705,0.8333333333333333,1.0,0.0,0.03333333333333333,0.8333333333333333,0.5,1.0,0.6045284632676534,0.9890738003669028,0.0,0.3568958678922094,0.8571428571428571,0.7480910021254821,0.8823529411764705,0.8333333333333333,1.0,0.0,0.06666666666666668,1.0,0.5,1.0,0.7044885311072939,0.9567727288213004,0.0990311320975808,0.8019377358048383,0.8571428571428571,0.7500393607809177,0.8823529411764705,0.8333333333333333,1.0,0.0,0.1,0.0,0.5,1.0,0.7955114688927061,0.9045084971874737,0.5,1.0,0.8571428571428571,0.7519089978745179,0.8823529411764705,0.8333333333333333,1.0,0.0,0.13333333333333333,0.16666666666666666,0.5,1.0,0.8736191374661522,0.8345653031794291,0.9009688679024191,0.8019377358048384,0.7999999999999999,0.7537983153585768,0.8235294117647057,0.7777777777777777,1.0,0.0,0.16666666666666669,0.3333333333333333,0.5,1.0,0.9353978569087953,0.75,1.0,0.3568958678922095,0.7999999999999999,0.7556679524521766,0.8235294117647057,0.7777777777777777,1.0,0.0,0.2,0.5,0.5,1.0,0.9781476007338057,0.6545084971874737,0.7225209339563144,5.551115123125783e-17,0.7999999999999999,0.7575375895457768,0.8235294117647057,0.7777777777777777,1.0,0.0,0.23333333333333334,0.6666666666666666,0.5,1.0,1.0,0.5522642316338269,0.27747906604368566,0.0,0.7999999999999999,0.7594269070298356,0.8235294117647057,0.7777777777777777,1.0,0.0,0.26666666666666666,0.8333333333333333,0.5,1.0,1.0,0.44773576836617335,0.0,0.3568958678922094,0.7999999999999999,0.7613359049043531,0.8235294117647057,0.7777777777777777,1.0,0.0,0.3,1.0,0.5,1.0,0.9781476007338057,0.34549150281252633,0.0990311320975808,0.8019377358048383,0.7999999999999999,0.7632645831693301,0.8235294117647057,0.7777777777777777,1.0,0.0,0.3333333333333333,0.0,0.5,1.0,0.9353978569087953,0.2500000000000001,0.5,1.0,0.7999999999999999,0.7651342202629299,0.8235294117647057,0.7777777777777777,1.0,0.0,0.3666666666666667,0.16666666666666666,0.5,1.0,0.8736191374661523,0.16543469682057105,0.9009688679024191,0.8019377358048384,0.7999999999999999,0.7670628985279069,0.8235294117647057,0.7777777777777777,1.0,0.0,0.4,0.3333333333333333,0.5,1.0,0.7955114688927061,0.09549150281252633,1.0,0.3568958678922095,0.7999999999999999,0.7689522160119657,0.8235294117647057,0.7777777777777777,1.0,0.0,0.43333333333333335,0.5,0.5,1.0,0.704488531107294,0.04322727117869962,0.7225209339563144,5.551115123125783e-17,0.7999999999999999,0.7708218531055655,0.8235294117647057,0.7777777777777777,1.0,0.0,0.4666666666666667,0.6666666666666666,0.5,1.0,0.6045284632676536,0.010926199633097211,0.27747906604368566,0.0,0.7999999999999999,0.7726718098087066,0.8235294117647057,0.7777777777777777,1.0,0.0,0.5,0.8333333333333333,0.5,1.0,0.5000000000000001,0.0,0.0,0.3568958678922094,0.7999999999999999,0.7745611272927655,0.8235294117647057,0.7777777777777777,1.0,0.0,0.5333333333333333,1.0,0.5,1.0,0.3954715367323467,0.010926199633097156,0.0990311320975808,0.8019377358048383,0.8571428571428571,0.7763914036054476,0.8823529411764705,0.8333333333333333,1.0,0.0,0.5666666666666667,0.0,0.5,1.0,0.29551146889270624,0.043227271178699456,0.5,1.0,0.8571428571428571,0.7782807210895064,0.8823529411764705,0.8333333333333333,1.0,0.0,0.6,0.16666666666666666,0.5,1.0,0.20448853110729398,0.09549150281252627,0.9009688679024191,0.8019377358048384,0.8571428571428571,0.7801897189640243,0.8823529411764705,0.8333333333333333,1.0,0.0,0.6333333333333333,0.3333333333333333,0.5,1.0,0.12638086253384795,0.16543469682057077,1.0,0.3568958678922095,0.8571428571428571,0.7820593560576241,0.8823529411764705,0.8333333333333333,1.0,0.0,0.6666666666666666,0.5,0.5,1.0,0.06460214309120482,0.24999999999999978,0.7225209339563144,5.551115123125783e-17,0.8571428571428571,0.7839880343226011,0.8823529411764705,0.8333333333333333,1.0,0.0,0.7,0.6666666666666666,0.5,1.0,0.021852399266194367,0.3454915028125262,0.27747906604368566,0.0,0.8571428571428571,0.7858970321971186,0.8823529411764705,0.8333333333333333,1.0,0.0,0.7333333333333333,0.8333333333333333,0.5,1.0,0.0,0.4477357683661729,0.0,0.3568958678922094,0.8571428571428571,0.7878257104620956,0.8823529411764705,0.8333333333333333,1.0,0.0,0.7666666666666667,1.0,0.5,1.0,0.0,0.5522642316338265,0.0990311320975808,0.8019377358048383,0.8571428571428571,0.7897543887270722,0.8823529411764705,0.8333333333333333,1.0,0.0,0.8,0.0,0.5,1.0,0.02185239926619431,0.6545084971874736,0.5,1.0,0.8571428571428571,0.7916830669920492,0.8823529411764705,0.8333333333333333,1.0,0.0,0.8333333333333334,0.16666666666666666,0.5,1.0,0.06460214309120454,0.7499999999999997,0.9009688679024191,0.8019377358048384,0.8571428571428571,0.7935920648665671,0.8823529411764705,0.8333333333333333,1.0,0.0,0.8666666666666667,0.3333333333333333,0.5,1.0,0.12638086253384767,0.8345653031794289,1.0,0.3568958678922095,0.8571428571428571,0.7955010627410846,0.8823529411764705,0.8333333333333333,1.0,0.0,0.9,0.5,0.5,1.0,0.20448853110729381,0.9045084971874737,0.7225209339563144,5.551115123125783e-17,0.8571428571428571,0.7974494213965206,0.8823529411764705,0.8333333333333333,1.0,0.0,0.9333333333333333,0.6666666666666666,0.5,1.0,0.2955114688927057,0.9567727288213003,0.27747906604368566,0.0,0.8571428571428571,0.7993780996614972,0.8823529411764705,0.8333333333333333,1.0,0.0,0.9666666666666667,0.8333333333333333,0.5,1.0,0.39547153673234625,0.9890738003669028,0.0,0.3568958678922094,0.8571428571428571,0.8013067779264742,0.8823529411764705,0.8333333333333333,1.0,0.0,0.9999999999999999,1.0,0.5,1.0,0.4999999999999999,1.0,0.0990311320975808,0.8019377358048383,0.8571428571428571,0.8032157758009917,0.8823529411764705,0.8333333333333333,1.0,0.09090909090909091,0.0,0.0,0.75,0.9282032302755092,0.5,1.0,0.5,1.0,0.8571428571428571,0.8051247736755096,0.8823529411764705,0.8333333333333333,1.0,0.09090909090909091,0.03333333333333333,0.16666666666666666,0.75,0.9282032302755092,0.6045284632676534,0.9890738003669028,0.9009688679024191,0.8019377358048384,0.8571428571428571,0.8068369676454381,0.8823529411764705,0.8333333333333333,1.0,0.09090909090909091,0.06666666666666668,0.3333333333333333,0.75,0.9282032302755092,0.7044885311072939,0.9567727288213004,1.0,0.3568958678922095,0.8571428571428571,0.8086672439581202,0.8823529411764705,0.8333333333333333,1.0,0.09090909090909091,0.1,0.5,0.75,0.9282032302755092,0.7955114688927061,0.9045084971874737,0.7225209339563144,5.551115123125783e-17,0.8571428571428571,0.8104975202708022,0.8823529411764705,0.8333333333333333,1.0,0.09090909090909091,0.13333333333333333,0.6666666666666666,0.75,0.9282032302755092,0.8736191374661522,0.8345653031794291,0.27747906604368566,0.0,0.8571428571428571,0.8123868377548611,0.8823529411764705,0.8333333333333333,1.0,0.09090909090909091,0.16666666666666669,0.8333333333333333,0.75,0.9282032302755092,0.9353978569087953,0.75,0.0,0.3568958678922094,0.8857142857142858,0.814295835629379,0.8823529411764705,0.8888888888888888,1.0,0.09090909090909091,0.2,1.0,0.75,0.9282032302755092,0.9781476007338057,0.6545084971874737,0.0990311320975808,0.8019377358048383,0.8571428571428571,0.8162245138943556,0.8823529411764705,0.8333333333333333,1.0,0.09090909090909091,0.23333333333333334,0.0,0.75,0.9282032302755092,1.0,0.5522642316338269,0.5,1.0,0.8571428571428571,0.8181925529402503,0.8823529411764705,0.8333333333333333,1.0,0.09090909090909091,0.26666666666666666,0.16666666666666666,0.75,0.9282032302755092,1.0,0.44773576836617335,0.9009688679024191,0.8019377358048384,0.8571428571428571,0.8201212312052273,0.8823529411764705,0.8333333333333333,1.0,0.09090909090909091,0.3,0.3333333333333333,0.75,0.9282032302755092,0.9781476007338057,0.34549150281252633,1.0,0.3568958678922095,0.8571428571428571,0.8221089506415806,0.8823529411764705,0.8333333333333333,1.0,0.09090909090909091,0.3333333333333333,0.5,0.75,0.9282032302755092,0.9353978569087953,0.2500000000000001,0.7225209339563144,5.551115123125783e-17,0.8571428571428571,0.8240573092970163,0.8823529411764705,0.8333333333333333,1.0,0.09090909090909091,0.3666666666666667,0.6666666666666666,0.75,0.9282032302755092,0.8736191374661523,0.16543469682057105,0.27747906604368566,0.0,0.8571428571428571,0.826025348342911,0.8823529411764705,0.8333333333333333,1.0,0.09090909090909091,0.4,0.8333333333333333,0.75,0.9282032302755092,0.7955114688927061,0.09549150281252633,0.0,0.3568958678922094,0.8571428571428571,0.8279933873888057,0.8823529411764705,0.8333333333333333,1.0,0.09090909090909091,0.43333333333333335,1.0,0.75,0.9282032302755092,0.704488531107294,0.04322727117869962,0.0990311320975808,0.8019377358048383,0.8571428571428571,0.8299614264347004,0.8823529411764705,0.8333333333333333,1.0,0.09090909090909091,0.4666666666666667,0.0,0.75,0.9282032302755092,0.6045284632676536,0.010926199633097211,0.5,1.0,0.8571428571428571,0.8319294654805951,0.8823529411764705,0.8333333333333333,1.0,0.09090909090909091,0.5,0.16666666666666666,0.75,0.9282032302755092,0.5000000000000001,0.0,0.9009688679024191,0.8019377358048384,0.8571428571428571,0.8339368653074075,0.8823529411764705,0.8333333333333333,1.0,0.09090909090909091,0.5333333333333333,0.3333333333333333,0.75,0.9282032302755092,0.3954715367323467,0.010926199633097156,1.0,0.3568958678922095,0.8571428571428571,0.8358852239628436,0.8823529411764705,0.8333333333333333,1.0,0.09090909090909091,0.5666666666666667,0.5,0.75,0.9282032302755092,0.29551146889270624,0.043227271178699456,0.7225209339563144,5.551115123125783e-17,0.7999999999999999,0.837892623789656,0.8235294117647057,0.7777777777777777,1.0,0.09090909090909091,0.6,0.6666666666666666,0.75,0.9282032302755092,0.20448853110729398,0.09549150281252627,0.27747906604368566,0.0,0.8571428571428571,0.8398213020546326,0.8823529411764705,0.8333333333333333,1.0,0.09090909090909091,0.6333333333333333,0.8333333333333333,0.75,0.9282032302755092,0.12638086253384795,0.16543469682057077,0.0,0.3568958678922094,0.8857142857142858,0.8417106195386914,0.8823529411764705,0.8888888888888888,1.0,0.09090909090909091,0.6666666666666666,1.0,0.75,0.9282032302755092,0.06460214309120482,0.24999999999999978,0.0990311320975808,0.8019377358048383,0.8571428571428571,0.8436196174132093,0.8823529411764705,0.8333333333333333,1.0,0.09090909090909091,0.7,0.0,0.75,0.9282032302755092,0.021852399266194367,0.3454915028125262,0.5,1.0,0.8571428571428571,0.8455286152877273,0.8823529411764705,0.8333333333333333,1.0,0.09090909090909091,0.7333333333333333,0.16666666666666666,0.75,0.9282032302755092,0.0,0.4477357683661729,0.9009688679024191,0.8019377358048384,0.8571428571428571,0.8473785719908684,0.8823529411764705,0.8333333333333333,1.0,0.09090909090909091,0.7666666666666667,0.3333333333333333,0.75,0.9282032302755092,0.0,0.5522642316338265,1.0,0.3568958678922095,0.8571428571428571,0.849326930646304,0.8823529411764705,0.8333333333333333,1.0,0.09090909090909091,0.8,0.5,0.75,0.9282032302755092,0.02185239926619431,0.6545084971874736,0.7225209339563144,5.551115123125783e-17
0.7999999999999999,0.738152404943714,0.8235294117647057,0.7777777777777777,0.5,0.9999999999999999,0.9333333333333333,0.16666666666666666,0.24999999999999978,0.9282032302755091,0.2955114688927057,0.9567727288213003,0.9009688679024191,0.8019377358048384,0.7999999999999999,0.7401598047705265,0.8235294117647057,0.7777777777777777,0.5,0.9999999999999999,0.9666666666666667,0.3333333333333333,0.24999999999999978,0.9282032302755091,0.39547153673234625,0.9890738003669028,1.0,0.3568958678922095,0.8571428571428571,0.7421672045973393,0.8823529411764705,0.8333333333333333,0.5,0.9999999999999999,0.9999999999999999,0.5,0.24999999999999978,0.9282032302755091,0.4999999999999999,1.0,0.7225209339563144,5.551115123125783e-17,0.8571428571428571,0.7441549240336927,0.8823529411764705,0.8333333333333333,1.0,0.0,0.0,0.6666666666666666,0.5,1.0,0.5,1.0,0.27747906604368566,0.0,0.8571428571428571,0.7461426434700464,0.8823529411764705,0.8333333333333333,1.0,0.0,0.03333333333333333,0.8333333333333333,0.5,1.0,0.6045284632676534,0.9890738003669028,0.0,0.3568958678922094,0.8571428571428571,0.7480910021254821,0.8823529411764705,0.8333333333333333,1.0,0.0,0.06666666666666668,1.0,0.5,1.0,0.7044885311072939,0.9567727288213004,0.0990311320975808,0.8019377358048383,0.8571428571428571,0.7500393607809177,0.8823529411764705,0.8333333333333333,1.0,0.0,0.1,0.0,0.5,1.0,0.7955114688927061,0.9045084971874737,0.5,1.0,0.8571428571428571,0.7519089978745179,0.8823529411764705,0.8333333333333333,1.0,0.0,0.13333333333333333,0.16666666666666666,0.5,1.0,0.8736191374661522,0.8345653031794291,0.9009688679024191,0.8019377358048384,0.7999999999999999,0.7537983153585768,0.8235294117647057,0.7777777777777777,1.0,0.0,0.16666666666666669,0.3333333333333333,0.5,1.0,0.9353978569087953,0.75,1.0,0.3568958678922095,0.7999999999999999,0.7556679524521766,0.8235294117647057,0.7777777777777777,1.0,0.0,0.2,0.5,0.5,1.0,0.9781476007338057,0.6545084971874737,0.7225209339563144,5.551115123125783e-17,0.7999999999999999,0.7575375895457768,0.8235294117647057,0.7777777777777777,1.0,0.0,0.23333333333333334,0.6666666666666666,0.5,1.0,1.0,0.5522642316338269,0.27747906604368566,0.0,0.7999999999999999,0.7594269070298356,0.8235294117647057,0.7777777777777777,1.0,0.0,0.26666666666666666,0.8333333333333333,0.5,1.0,1.0,0.44773576836617335,0.0,0.3568958678922094,0.7999999999999999,0.7613359049043531,0.8235294117647057,0.7777777777777777,1.0,0.0,0.3,1.0,0.5,1.0,0.9781476007338057,0.34549150281252633,0.0990311320975808,0.8019377358048383,0.7999999999999999,0.7632645831693301,0.8235294117647057,0.7777777777777777,1.0,0.0,0.3333333333333333,0.0,0.5,1.0,0.9353978569087953,0.2500000000000001,0.5,1.0,0.7999999999999999,0.7651342202629299,0.8235294117647057,0.7777777777777777,1.0,0.0,0.3666666666666667,0.16666666666666666,0.5,1.0,0.8736191374661523,0.16543469682057105,0.9009688679024191,0.8019377358048384,0.7999999999999999,0.7670628985279069,0.8235294117647057,0.7777777777777777,1.0,0.0,0.4,0.3333333333333333,0.5,1.0,0.7955114688927061,0.09549150281252633,1.0,0.3568958678922095,0.7999999999999999,0.7689522160119657,0.8235294117647057,0.7777777777777777,1.0,0.0,0.43333333333333335,0.5,0.5,1.0,0.704488531107294,0.04322727117869962,0.7225209339563144,5.551115123125783e-17,0.7999999999999999,0.7708218531055655,0.8235294117647057,0.7777777777777777,1.0,0.0,0.4666666666666667,0.6666666666666666,0.5,1.0,0.6045284632676536,0.010926199633097211,0.27747906604368566,0.0,0.7999999999999999,0.7726718098087066,0.8235294117647057,0.7777777777777777,1.0,0.0,0.5,0.8333333333333333,0.5,1.0,0.5000000000000001,0.0,0.0,0.3568958678922094,0.7999999999999999,0.7745611272927655,0.8235294117647057,0.7777777777777777,1.0,0.0,0.5333333333333333,1.0,0.5,1.0,0.3954715367323467,0.010926199633097156,0.0990311320975808,0.8019377358048383,0.8571428571428571,0.7763914036054476,0.8823529411764705,0.8333333333333333,1.0,0.0,0.5666666666666667,0.0,0.5,1.0,0.29551146889270624,0.043227271178699456,0.5,1.0,0.8571428571428571,0.7782807210895064,0.8823529411764705,0.8333333333333333,1.0,0.0,0.6,0.16666666666666666,0.5,1.0,0.20448853110729398,0.09549150281252627,0.9009688679024191,0.8019377358048384,0.8571428571428571,0.7801897189640243,0.8823529411764705,0.8333333333333333,1.0,0.0,0.6333333333333333,0.3333333333333333,0.5,1.0,0.12638086253384795,0.16543469682057077,1.0,0.3568958678922095,0.8571428571428571,0.7820593560576241,0.8823529411764705,0.8333333333333333,1.0,0.0,0.6666666666666666,0.5,0.5,1.0,0.06460214309120482,0.24999999999999978,0.7225209339563144,5.551115123125783e-17,0.8571428571428571,0.7839880343226011,0.8823529411764705,0.8333333333333333,1.0,0.0,0.7,0.6666666666666666,0.5,1.0,0.021852399266194367,0.3454915028125262,0.27747906604368566,0.0,0.8571428571428571,0.7858970321971186,0.8823529411764705,0.8333333333333333,1.0,0.0,0.7333333333333333,0.8333333333333333,0.5,1.0,0.0,0.4477357683661729,0.0,0.3568958678922094,0.8571428571428571,0.7878257104620956,0.8823529411764705,0.8333333333333333,1.0,0.0,0.7666666666666667,1.0,0.5,1.0,0.0,0.5522642316338265,0.0990311320975808,0.8019377358048383,0.8571428571428571,0.7897543887270722,0.8823529411764705,0.8333333333333333,1.0,0.0,0.8,0.0,0.5,1.0,0.02185239926619431,0.6545084971874736,0.5,1.0,0.8571428571428571,0.7916830669920492,0.8823529411764705,0.8333333333333333,1.0,0.0,0.8333333333333334,0.16666666666666666,0.5,1.0,0.06460214309120454,0.7499999999999997,0.9009688679024191,0.8019377358048384,0.8571428571428571,0.7935920648665671,0.8823529411764705,0.8333333333333333,1.0,0.0,0.8666666666666667,0.3333333333333333,0.5,1.0,0.12638086253384767,0.8345653031794289,1.0,0.3568958678922095,0.8571428571428571,0.7955010627410846,0.8823529411764705,0.8333333333333333,1.0,0.0,0.9,0.5,0.5,1.0,0.20448853110729381,0.9045084971874737,0.7225209339563144,5.551115123125783e-17,0.8571428571428571,0.7974494213965206,0.8823529411764705,0.8333333333333333,1.0,0.0,0.9333333333333333,0.6666666666666666,0.5,1.0,0.2955114688927057,0.9567727288213003,0.27747906604368566,0.0,0.8571428571428571,0.7993780996614972,0.8823529411764705,0.8333333333333333,1.0,0.0,0.9666666666666667,0.8333333333333333,0.5,1.0,0.39547153673234625,0.9890738003669028,0.0,0.3568958678922094,0.8571428571428571,0.8013067779264742,0.8823529411764705,0.8333333333333333,1.0,0.0,0.9999999999999999,1.0,0.5,1.0,0.4999999999999999,1.0,0.0990311320975808,0.8019377358048383,0.8571428571428571,0.8032157758009917,0.8823529411764705,0.8333333333333333,1.0,0.09090909090909091,0.0,0.0,0.75,0.9282032302755092,0.5,1.0,0.5,1.0,0.8571428571428571,0.8051247736755096,0.8823529411764705,0.8333333333333333,1.0,0.09090909090909091,0.03333333333333333,0.16666666666666666,0.75,0.9282032302755092,0.6045284632676534,0.9890738003669028,0.9009688679024191,0.8019377358048384,0.8571428571428571,0.8068369676454381,0.8823529411764705,0.8333333333333333,1.0,0.09090909090909091,0.06666666666666668,0.3333333333333333,0.75,0.9282032302755092,0.7044885311072939,0.9567727288213004,1.0,0.3568958678922095,0.8571428571428571,0.8086672439581202,0.8823529411764705,0.8333333333333333,1.0,0.09090909090909091,0.1,0.5,0.75,0.9282032302755092,0.7955114688927061,0.9045084971874737,0.7225209339563144,5.551115123125783e-17,0.8571428571428571,0.8104975202708022,0.8823529411764705,0.8333333333333333,1.0,0.09090909090909091,0.13333333333333333,0.6666666666666666,0.75,0.9282032302755092,0.8736191374661522,0.8345653031794291,0.27747906604368566,0.0,0.8571428571428571,0.8123868377548611,0.8823529411764705,0.8333333333333333,1.0,0.09090909090909091,0.16666666666666669,0.8333333333333333,0.75,0.9282032302755092,0.9353978569087953,0.75,0.0,0.3568958678922094,0.8857142857142858,0.814295835629379,0.8823529411764705,0.8888888888888888,1.0,0.09090909090909091,0.2,1.0,0.75,0.9282032302755092,0.9781476007338057,0.6545084971874737,0.0990311320975808,0.8019377358048383,0.8571428571428571,0.8162245138943556,0.8823529411764705,0.8333333333333333,1.0,0.09090909090909091,0.23333333333333334,0.0,0.75,0.9282032302755092,1.0,0.5522642316338269,0.5,1.0,0.8571428571428571,0.8181925529402503,0.8823529411764705,0.8333333333333333,1.0,0.09090909090909091,0.26666666666666666,0.16666666666666666,0.75,0.9282032302755092,1.0,0.44773576836617335,0.9009688679024191,0.8019377358048384,0.8571428571428571,0.8201212312052273,0.8823529411764705,0.8333333333333333,1.0,0.09090909090909091,0.3,0.3333333333333333,0.75,0.9282032302755092,0.9781476007338057,0.34549150281252633,1.0,0.3568958678922095,0.8571428571428571,0.8221089506415806,0.8823529411764705,0.8333333333333333,1.0,0.09090909090909091,0.3333333333333333,0.5,0.75,0.9282032302755092,0.9353978569087953,0.2500000000000001,0.7225209339563144,5.551115123125783e-17,0.8571428571428571,0.8240573092970163,0.8823529411764705,0.8333333333333333,1.0,0.09090909090909091,0.3666666666666667,0.6666666666666666,0.75,0.9282032302755092,0.8736191374661523,0.16543469682057105,0.27747906604368566,0.0,0.8571428571428571,0.826025348342911,0.8823529411764705,0.8333333333333333,1.0,0.09090909090909091,0.4,0.8333333333333333,0.75,0.9282032302755092,0.7955114688927061,0.09549150281252633,0.0,0.3568958678922094,0.8571428571428571,0.8279933873888057,0.8823529411764705,0.8333333333333333,1.0,0.09090909090909091,0.43333333333333335,1.0,0.75,0.9282032302755092,0.704488531107294,0.04322727117869962,0.0990311320975808,0.8019377358048383,0.8571428571428571,0.8299614264347004,0.8823529411764705,0.8333333333333333,1.0,0.09090909090909091,0.4666666666666667,0.0,0.75,0.9282032302755092,0.6045284632676536,0.010926199633097211,0.5,1.0,0.8571428571428571,0.8319294654805951,0.8823529411764705,0.8333333333333333,1.0,0.09090909090909091,0.5,0.16666666666666666,0.75,0.9282032302755092,0.5000000000000001,0.0,0.9009688679024191,0.8019377358048384,0.8571428571428571,0.8339368653074075,0.8823529411764705,0.8333333333333333,1.0,0.09090909090909091,0.5333333333333333,0.3333333333333333,0.75,0.9282032302755092,0.3954715367323467,0.010926199633097156,1.0,0.3568958678922095,0.8571428571428571,0.8358852239628436,0.8823529411764705,0.8333333333333333,1.0,0.09090909090909091,0.5666666666666667,0.5,0.75,0.9282032302755092,0.29551146889270624,0.043227271178699456,0.7225209339563144,5.551115123125783e-17,0.7999999999999999,0.837892623789656,0.8235294117647057,0.7777777777777777,1.0,0.09090909090909091,0.6,0.6666666666666666,0.75,0.9282032302755092,0.20448853110729398,0.09549150281252627,0.27747906604368566,0.0,0.8571428571428571,0.8398213020546326,0.8823529411764705,0.8333333333333333,1.0,0.09090909090909091,0.6333333333333333,0.8333333333333333,0.75,0.9282032302755092,0.12638086253384795,0.16543469682057077,0.0,0.3568958678922094,0.8857142857142858,0.8417106195386914,0.8823529411764705,0.8888888888888888,1.0,0.09090909090909091,0.6666666666666666,1.0,0.75,0.9282032302755092,0.06460214309120482,0.24999999999999978,0.0990311320975808,0.8019377358048383,0.8571428571428571,0.8436196174132093,0.8823529411764705,0.8333333333333333,1.0,0.09090909090909091,0.7,0.0,0.75,0.9282032302755092,0.021852399266194367,0.3454915028125262,0.5,1.0,0.8571428571428571,0.8455286152877273,0.8823529411764705,0.8333333333333333,1.0,0.09090909090909091,0.7333333333333333,0.16666666666666666,0.75,0.9282032302755092,0.0,0.4477357683661729,0.9009688679024191,0.8019377358048384,0.8571428571428571,0.8473785719908684,0.8823529411764705,0.8333333333333333,1.0,0.09090909090909091,0.7666666666666667,0.3333333333333333,0.75,0.9282032302755092,0.0,0.5522642316338265,1.0,0.3568958678922095,0.8571428571428571,0.849326930646304,0.8823529411764705,0.8333333333333333,1.0,0.09090909090909091,0.8,0.5,0.75,0.9282032302755092,0.02185239926619431,0.6545084971874736,0.7225209339563144,5.551115123125783e-17,0.8571428571428571,0.8513343304731165,0.8823529411764705,0.8333333333333333,1.0,0.09090909090909091,0.8333333333333334,0.6666666666666666,0.75,0.9282032302755092,0.06460214309120454,0.7499999999999997,0.27747906604368566,0.0
0.7999999999999999,0.7401598047705265,0.8235294117647057,0.7777777777777777,0.5,0.9999999999999999,0.9666666666666667,0.3333333333333333,0.24999999999999978,0.9282032302755091,0.39547153673234625,0.9890738003669028,1.0,0.3568958678922095,0.8571428571428571,0.7421672045973393,0.8823529411764705,0.8333333333333333,0.5,0.9999999999999999,0.9999999999999999,0.5,0.24999999999999978,0.9282032302755091,0.4999999999999999,1.0,0.7225209339563144,5.551115123125783e-17,0.8571428571428571,0.7441549240336927,0.8823529411764705,0.8333333333333333,1.0,0.0,0.0,0.6666666666666666,0.5,1.0,0.5,1.0,0.27747906604368566,0.0,0.8571428571428571,0.7461426434700464,0.8823529411764705,0.8333333333333333,1.0,0.0,0.03333333333333333,0.8333333333333333,0.5,1.0,0.6045284632676534,0.9890738003669028,0.0,0.3568958678922094,0.8571428571428571,0.7480910021254821,0.8823529411764705,0.8333333333333333,1.0,0.0,0.06666666666666668,1.0,0.5,1.0,0.7044885311072939,0.9567727288213004,0.0990311320975808,0.8019377358048383,0.8571428571428571,0.7500393607809177,0.8823529411764705,0.8333333333333333,1.0,0.0,0.1,0.0,0.5,1.0,0.7955114688927061,0.9045084971874737,0.5,1.0,0.8571428571428571,0.7519089978745179,0.8823529411764705,0.8333333333333333,1.0,0.0,0.13333333333333333,0.16666666666666666,0.5,1.0,0.8736191374661522,0.8345653031794291,0.9009688679024191,0.8019377358048384,0.7999999999999999,0.7537983153585768,0.8235294117647057,0.7777777777777777,1.0,0.0,0.16666666666666669,0.3333333333333333,0.5,1.0,0.9353978569087953,0.75,1.0,0.3568958678922095,0.7999999999999999,0.7556679524521766,0.8235294117647057,0.7777777777777777,1.0,0.0,0.2,0.5,0.5,1.0,0.9781476007338057,0.6545084971874737,0.7225209339563144,5.551115123125783e-17,0.7999999999999999,0.7575375895457768,0.8235294117647057,0.7777777777777777,1.0,0.0,0.23333333333333334,0.6666666666666666,0.5,1.0,1.0,0.5522642316338269,0.27747906604368566,0.0,0.7999999999999999,0.7594269070298356,0.8235294117647057,0.7777777777777777,1.0,0.0,0.26666666666666666,0.8333333333333333,0.5,1.0,1.0,0.44773576836617335,0.0,0.3568958678922094,0.7999999999999999,0.7613359049043531,0.8235294117647057,0.7777777777777777,1.0,0.0,0.3,1.0,0.5,1.0,0.9781476007338057,0.34549150281252633,0.0990311320975808,0.8019377358048383,0.7999999999999999,0.7632645831693301,0.8235294117647057,0.7777777777777777,1.0,0.0,0.3333333333333333,0.0,0.5,1.0,0.9353978569087953,0.2500000000000001,0.5,1.0,0.7999999999999999,0.7651342202629299,0.8235294117647057,0.7777777777777777,1.0,0.0,0.3666666666666667,0.16666666666666666,0.5,1.0,0.8736191374661523,0.16543469682057105,0.9009688679024191,0.8019377358048384,0.7999999999999999,0.7670628985279069,0.8235294117647057,0.7777777777777777,1.0,0.0,0.4,0.3333333333333333,0.5,1.0,0.7955114688927061,0.09549150281252633,1.0,0.3568958678922095,0.7999999999999999,0.7689522160119657,0.8235294117647057,0.7777777777777777,1.0,0.0,0.43333333333333335,0.5,0.5,1.0,0.704488531107294,0.04322727117869962,0.7225209339563144,5.551115123125783e-17,0.7999999999999999,0.7708218531055655,0.8235294117647057,0.7777777777777777,1.0,0.0,0.4666666666666667,0.6666666666666666,0.5,1.0,0.6045284632676536,0.010926199633097211,0.27747906604368566,0.0,0.7999999999999999,0.7726718098087066,0.8235294117647057,0.7777777777777777,1.0,0.0,0.5,0.8333333333333333,0.5,1.0,0.5000000000000001,0.0,0.0,0.3568958678922094,0.7999999999999999,0.7745611272927655,0.8235294117647057,0.7777777777777777,1.0,0.0,0.5333333333333333,1.0,0.5,1.0,0.3954715367323467,0.010926199633097156,0.0990311320975808,0.8019377358048383,0.8571428571428571,0.7763914036054476,0.8823529411764705,0.8333333333333333,1.0,0.0,0.5666666666666667,0.0,0.5,1.0,0.29551146889270624,0.043227271178699456,0.5,1.0,0.8571428571428571,0.7782807210895064,0.8823529411764705,0.8333333333333333,1.0,0.0,0.6,0.16666666666666666,0.5,1.0,0.20448853110729398,0.09549150281252627,0.9009688679024191,0.8019377358048384,0.8571428571428571,0.7801897189640243,0.8823529411764705,0.8333333333333333,1.0,0.0,0.6333333333333333,0.3333333333333333,0.5,1.0,0.12638086253384795,0.16543469682057077,1.0,0.3568958678922095,0.8571428571428571,0.7820593560576241,0.8823529411764705,0.8333333333333333,1.0,0.0,0.6666666666666666,0.5,0.5,1.0,0.06460214309120482,0.24999999999999978,0.7225209339563144,5.551115123125783e-17,0.8571428571428571,0.7839880343226011,0.8823529411764705,0.8333333333333333,1.0,0.0,0.7,0.6666666666666666,0.5,1.0,0.021852399266194367,0.3454915028125262,0.27747906604368566,0.0,0.8571428571428571,0.7858970321971186,0.8823529411764705,0.8333333333333333,1.0,0.0,0.7333333333333333,0.8333333333333333,0.5,1.0,0.0,0.4477357683661729,0.0,0.3568958678922094,0.8571428571428571,0.7878257104620956,0.8823529411764705,0.8333333333333333,1.0,0.0,0.7666666666666667,1.0,0.5,1.0,0.0,0.5522642316338265,0.0990311320975808,0.8019377358048383,0.8571428571428571,0.7897543887270722,0.8823529411764705,0.8333333333333333,1.0,0.0,0.8,0.0,0.5,1.0,0.02185239926619431,0.6545084971874736,0.5,1.0,0.8571428571428571,0.7916830669920492,0.8823529411764705,0.8333333333333333,1.0,0.0,0.8333333333333334,0.16666666666666666,0.5,1.0,0.06460214309120454,0.7499999999999997,0.9009688679024191,0.8019377358048384,0.8571428571428571,0.7935920648665671,0.8823529411764705,0.8333333333333333,1.0,0.0,0.8666666666666667,0.3333333333333333,0.5,1.0,0.12638086253384767,0.8345653031794289,1.0,0.3568958678922095,0.8571428571428571,0.7955010627410846,0.8823529411764705,0.8333333333333333,1.0,0.0,0.9,0.5,0.5,1.0,0.20448853110729381,0.9045084971874737,0.7225209339563144,5.551115123125783e-17,0.8571428571428571,0.7974494213965206,0.8823529411764705,0.8333333333333333,1.0,0.0,0.9333333333333333,0.6666666666666666,0.5,1.0,0.2955114688927057,0.9567727288213003,0.27747906604368566,0.0,0.8571428571428571,0.7993780996614972,0.8823529411764705,0.8333333333333333,1.0,0.0,0.9666666666666667,0.8333333333333333,0.5,1.0,0.39547153673234625,0.9890738003669028,0.0,0.3568958678922094,0.8571428571428571,0.8013067779264742,0.8823529411764705,0.8333333333333333,1.0,0.0,0.9999999999999999,1.0,0.5,1.0,0.4999999999999999,1.0,0.0990311320975808,0.8019377358048383,0.8571428571428571,0.8032157758009917,0.8823529411764705,0.8333333333333333,1.0,0.09090909090909091,0.0,0.0,0.75,0.9282032302755092,0.5,1.0,0.5,1.0,0.8571428571428571,0.8051247736755096,0.8823529411764705,0.8333333333333333,1.0,0.09090909090909091,0.03333333333333333,0.16666666666666666,0.75,0.9282032302755092,0.6045284632676534,0.9890738003669028,0.9009688679024191,0.8019377358048384,0.8571428571428571,0.8068369676454381,0.8823529411764705,0.8333333333333333,1.0,0.09090909090909091,0.06666666666666668,0.3333333333333333,0.75,0.9282032302755092,0.7044885311072939,0.9567727288213004,1.0,0.3568958678922095,0.8571428571428571,0.8086672439581202,0.8823529411764705,0.8333333333333333,1.0,0.09090909090909091,0.1,0.5,0.75,0.9282032302755092,0.7955114688927061,0.9045084971874737,0.7225209339563144,5.551115123125783e-17,0.8571428571428571,0.8104975202708022,0.8823529411764705,0.8333333333333333,1.0,0.09090909090909091,0.13333333333333333,0.6666666666666666,0.75,0.9282032302755092,0.8736191374661522,0.8345653031794291,0.27747906604368566,0.0,0.8571428571428571,0.8123868377548611,0.8823529411764705,0.8333333333333333,1.0,0.09090909090909091,0.16666666666666669,0.8333333333333333,0.75,0.9282032302755092,0.9353978569087953,0.75,0.0,0.3568958678922094,0.8857142857142858,0.814295835629379,0.8823529411764705,0.8888888888888888,1.0,0.09090909090909091,0.2,1.0,0.75,0.9282032302755092,0.9781476007338057,0.6545084971874737,0.0990311320975808,0.8019377358048383,0.8571428571428571,0.8162245138943556,0.8823529411764705,0.8333333333333333,1.0,0.09090909090909091,0.23333333333333334,0.0,0.75,0.9282032302755092,1.0,0.5522642316338269,0.5,1.0,0.8571428571428571,0.8181925529402503,0.8823529411764705,0.8333333333333333,1.0,0.09090909090909091,0.26666666666666666,0.16666666666666666,0.75,0.9282032302755092,1.0,0.44773576836617335,0.9009688679024191,0.8019377358048384,0.8571428571428571,0.8201212312052273,0.8823529411764705,0.8333333333333333,1.0,0.09090909090909091,0.3,0.3333333333333333,0.75,0.9282032302755092,0.9781476007338057,0.34549150281252633,1.0,0.3568958678922095,0.8571428571428571,0.8221089506415806,0.8823529411764705,0.8333333333333333,1.0,0.09090909090909091,0.3333333333333333,0.5,0.75,0.9282032302755092,0.9353978569087953,0.2500000000000001,0.7225209339563144,5.551115123125783e-17,0.8571428571428571,0.8240573092970163,0.8823529411764705,0.8333333333333333,1.0,0.09090909090909091,0.3666666666666667,0.6666666666666666,0.75,0.9282032302755092,0.8736191374661523,0.16543469682057105,0.27747906604368566,0.0,0.8571428571428571,0.826025348342911,0.8823529411764705,0.8333333333333333,1.0,0.09090909090909091,0.4,0.8333333333333333,0.75,0.9282032302755092,0.7955114688927061,0.09549150281252633,0.0,0.3568958678922094,0.8571428571428571,0.8279933873888057,0.8823529411764705,0.8333333333333333,1.0,0.09090909090909091,0.43333333333333335,1.0,0.75,0.9282032302755092,0.704488531107294,0.04322727117869962,0.0990311320975808,0.8019377358048383,0.8571428571428571,0.8299614264347004,0.8823529411764705,0.8333333333333333,1.0,0.09090909090909091,0.4666666666666667,0.0,0.75,0.9282032302755092,0.6045284632676536,0.010926199633097211,0.5,1.0,0.8571428571428571,0.8319294654805951,0.8823529411764705,0.8333333333333333,1.0,0.09090909090909091,0.5,0.16666666666666666,0.75,0.9282032302755092,0.5000000000000001,0.0,0.9009688679024191,0.8019377358048384,0.8571428571428571,0.8339368653074075,0.8823529411764705,0.8333333333333333,1.0,0.09090909090909091,0.5333333333333333,0.3333333333333333,0.75,0.9282032302755092,0.3954715367323467,0.010926199633097156,1.0,0.3568958678922095,0.8571428571428571,0.8358852239628436,0.8823529411764705,0.8333333333333333,1.0,0.09090909090909091,0.5666666666666667,0.5,0.75,0.9282032302755092,0.29551146889270624,0.043227271178699456,0.7225209339563144,5.551115123125783e-17,0.7999999999999999,0.837892623789656,0.8235294117647057,0.7777777777777777,1.0,0.09090909090909091,0.6,0.6666666666666666,0.75,0.9282032302755092,0.20448853110729398,0.09549150281252627,0.27747906604368566,0.0,0.8571428571428571,0.8398213020546326,0.8823529411764705,0.8333333333333333,1.0,0.09090909090909091,0.6333333333333333,0.8333333333333333,0.75,0.9282032302755092,0.12638086253384795,0.16543469682057077,0.0,0.3568958678922094,0.8857142857142858,0.8417106195386914,0.8823529411764705,0.8888888888888888,1.0,0.09090909090909091,0.6666666666666666,1.0,0.75,0.9282032302755092,0.06460214309120482,0.24999999999999978,0.0990311320975808,0.8019377358048383,0.8571428571428571,0.8436196174132093,0.8823529411764705,0.8333333333333333,1.0,0.09090909090909091,0.7,0.0,0.75,0.9282032302755092,0.021852399266194367,0.3454915028125262,0.5,1.0,0.8571428571428571,0.8455286152877273,0.8823529411764705,0.8333333333333333,1.0,0.09090909090909091,0.7333333333333333,0.16666666666666666,0.75,0.9282032302755092,0.0,0.4477357683661729,0.9009688679024191,0.8019377358048384,0.8571428571428571,0.8473785719908684,0.8823529411764705,0.8333333333333333,1.0,0.09090909090909091,0.7666666666666667,0.3333333333333333,0.75,0.9282032302755092,0.0,0.5522642316338265,1.0,0.3568958678922095,0.8571428571428571,0.849326930646304,0.8823529411764705,0.8333333333333333,1.0,0.09090909090909091,0.8,0.5,0.75,0.9282032302755092,0.02185239926619431,0.6545084971874736,0.7225209339563144,5.551115123125783e-17,0.8571428571428571,0.8513343304731165,0.8823529411764705,0.8333333333333333,1.0,0.09090909090909091,0.8333333333333334,0.6666666666666666,0.75,0.9282032302755092,0.06460214309120454,0.7499999999999997,0.27747906604368566,0.0,0.8571428571428571,0.8532630087380935,0.8823529411764705,0.8333333333333333,1.0,0.09090909090909091,0.8666666666666667,0.8333333333333333,0.75,0.9282032302755092,0.12638086253384767,0.8345653031794289,0.0,0.3568958678922094
0.8571428571428571,0.7421672045973393,0.8823529411764705,0.8333333333333333,0.5,0.9999999999999999,0.9999999999999999,0.5,0.24999999999999978,0.9282032302755091,0.4999999999999999,1.0,0.7225209339563144,5.551115123125783e-17,0.8571428571428571,0.7441549240336927,0.8823529411764705,0.8333333333333333,1.0,0.0,0.0,0.6666666666666666,0.5,1.0,0.5,1.0,0.27747906604368566,0.0,0.8571428571428571,0.7461426434700464,0.8823529411764705,0.8333333333333333,1.0,0.0,0.03333333333333333,0.8333333333333333,0.5,1.0,0.6045284632676534,0.9890738003669028,0.0,0.3568958678922094,0.8571428571428571,0.7480910021254821,0.8823529411764705,0.8333333333333333,1.0,0.0,0.06666666666666668,1.0,0.5,1.0,0.7044885311072939,0.9567727288213004,0.0990311320975808,0.8019377358048383,0.8571428571428571,0.7500393607809177,0.8823529411764705,0.8333333333333333,1.0,0.0,0.1,0.0,0.5,1.0,0.7955114688927061,0.9045084971874737,0.5,1.0,0.8571428571428571,0.7519089978745179,0.8823529411764705,0.8333333333333333,1.0,0.0,0.13333333333333333,0.16666666666666666,0.5,1.0,0.8736191374661522,0.8345653031794291,0.9009688679024191,0.8019377358048384,0.7999999999999999,0.7537983153585768,0.8235294117647057,0.7777777777777777,1.0,0.0,0.16666666666666669,0.3333333333333333,0.5,1.0,0.9353978569087953,0.75,1.0,0.3568958678922095,0.7999999999999999,0.7556679524521766,0.8235294117647057,0.7777777777777777,1.0,0.0,0.2,0.5,0.5,1.0,0.9781476007338057,0.6545084971874737,0.7225209339563144,5.551115123125783e-17,0.7999999999999999,0.7575375895457768,0.8235294117647057,0.7777777777777777,1.0,0.0,0.23333333333333334,0.6666666666666666,0.5,1.0,1.0,0.5522642316338269,0.27747906604368566,0.0,0.7999999999999999,0.7594269070298356,0.8235294117647057,0.7777777777777777,1.0,0.0,0.26666666666666666,0.8333333333333333,0.5,1.0,1.0,0.44773576836617335,0.0,0.3568958678922094,0.7999999999999999,0.7613359049043531,0.8235294117647057,0.7777777777777777,1.0,0.0,0.3,1.0,0.5,1.0,0.9781476007338057,0.34549150281252633,0.0990311320975808,0.8019377358048383,0.7999999999999999,0.7632645831693301,0.8235294117647057,0.7777777777777777,1.0,0.0,0.3333333333333333,0.0,0.5,1.0,0.9353978569087953,0.2500000000000001,0.5,1.0,0.7999999999999999,0.7651342202629299,0.8235294117647057,0.7777777777777777,1.0,0.0,0.3666666666666667,0.16666666666666666,0.5,1.0,0.8736191374661523,0.16543469682057105,0.9009688679024191,0.8019377358048384,0.7999999999999999,0.7670628985279069,0.8235294117647057,0.7777777777777777,1.0,0.0,0.4,0.3333333333333333,0.5,1.0,0.7955114688927061,0.09549150281252633,1.0,0.3568958678922095,0.7999999999999999,0.7689522160119657,0.8235294117647057,0.7777777777777777,1.0,0.0,0.43333333333333335,0.5,0.5,1.0,0.704488531107294,0.04322727117869962,0.7225209339563144,5.551115123125783e-17,0.7999999999999999,0.7708218531055655,0.8235294117647057,0.7777777777777777,1.0,0.0,0.4666666666666667,0.6666666666666666,0.5,1.0,0.6045284632676536,0.010926199633097211,0.27747906604368566,0.0,0.7999999999999999,0.7726718098087066,0.8235294117647057,0.7777777777777777,1.0,0.0,0.5,0.8333333333333333,0.5,1.0,0.5000000000000001,0.0,0.0,0.3568958678922094,0.7999999999999999,0.7745611272927655,0.8235294117647057,0.7777777777777777,1.0,0.0,0.5333333333333333,1.0,0.5,1.0,0.3954715367323467,0.010926199633097156,0.0990311320975808,0.8019377358048383,0.8571428571428571,0.7763914036054476,0.8823529411764705,0.8333333333333333,1.0,0.0,0.5666666666666667,0.0,0.5,1.0,0.29551146889270624,0.043227271178699456,0.5,1.0,0.8571428571428571,0.7782807210895064,0.8823529411764705,0.8333333333333333,1.0,0.0,0.6,0.16666666666666666,0.5,1.0,0.20448853110729398,0.09549150281252627,0.9009688679024191,0.8019377358048384,0.8571428571428571,0.7801897189640243,0.8823529411764705,0.8333333333333333,1.0,0.0,0.6333333333333333,0.3333333333333333,0.5,1.0,0.12638086253384795,0.16543469682057077,1.0,0.3568958678922095,0.8571428571428571,0.7820593560576241,0.8823529411764705,0.8333333333333333,1.0,0.0,0.6666666666666666,0.5,0.5,1.0,0.06460214309120482,0.24999999999999978,0.7225209339563144,5.551115123125783e-17,0.8571428571428571,0.7839880343226011,0.8823529411764705,0.8333333333333333,1.0,0.0,0.7,0.6666666666666666,0.5,1.0,0.021852399266194367,0.3454915028125262,0.27747906604368566,0.0,0.8571428571428571,0.7858970321971186,0.8823529411764705,0.8333333333333333,1.0,0.0,0.7333333333333333,0.8333333333333333,0.5,1.0,0.0,0.4477357683661729,0.0,0.3568958678922094,0.8571428571428571,0.7878257104620956,0.8823529411764705,0.8333333333333333,1.0,0.0,0.7666666666666667,1.0,0.5,1.0,0.0,0.5522642316338265,0.0990311320975808,0.8019377358048383,0.8571428571428571,0.7897543887270722,0.8823529411764705,0.8333333333333333,1.0,0.0,0.8,0.0,0.5,1.0,0.02185239926619431,0.6545084971874736,0.5,1.0,0.8571428571428571,0.7916830669920492,0.8823529411764705,0.8333333333333333,1.0,0.0,0.8333333333333334,0.16666666666666666,0.5,1.0,0.06460214309120454,0.7499999999999997,0.9009688679024191,0.8019377358048384,0.8571428571428571,0.7935920648665671,0.8823529411764705,0.8333333333333333,1.0,0.0,0.8666666666666667,0.3333333333333333,0.5,1.0,0.12638086253384767,0.8345653031794289,1.0,0.3568958678922095,0.8571428571428571,0.7955010627410846,0.8823529411764705,0.8333333333333333,1.0,0.0,0.9,0.5,0.5,1.0,0.20448853110729381,0.9045084971874737,0.7225209339563144,5.551115123125783e-17,0.8571428571428571,0.7974494213965206,0.8823529411764705,0.8333333333333333,1.0,0.0,0.9333333333333333,0.6666666666666666,0.5,1.0,0.2955114688927057,0.9567727288213003,0.27747906604368566,0.0,0.8571428571428571,0.7993780996614972,0.8823529411764705,0.8333333333333333,1.0,0.0,0.9666666666666667,0.8333333333333333,0.5,1.0,0.39547153673234625,0.9890738003669028,0.0,0.3568958678922094,0.8571428571428571,0.8013067779264742,0.8823529411764705,0.8333333333333333,1.0,0.0,0.9999999999999999,1.0,0.5,1.0,0.4999999999999999,1.0,0.0990311320975808,0.8019377358048383,0.8571428571428571,0.8032157758009917,0.8823529411764705,0.8333333333333333,1.0,0.09090909090909091,0.0,0.0,0.75,0.9282032302755092,0.5,1.0,0.5,1.0,0.8571428571428571,0.8051247736755096,0.8823529411764705,0.8333333333333333,1.0,0.09090909090909091,0.03333333333333333,0.16666666666666666,0.75,0.9282032302755092,0.6045284632676534,0.9890738003669028,0.9009688679024191,0.8019377358048384,0.8571428571428571,0.8068369676454381,0.8823529411764705,0.8333333333333333,1.0,0.09090909090909091,0.06666666666666668,0.3333333333333333,0.75,0.9282032302755092,0.7044885311072939,0.9567727288213004,1.0,0.3568958678922095,0.8571428571428571,0.8086672439581202,0.8823529411764705,0.8333333333333333,1.0,0.09090909090909091,0.1,0.5,0.75,0.9282032302755092,0.7955114688927061,0.9045084971874737,0.7225209339563144,5.551115123125783e-17,0.8571428571428571,0.8104975202708022,0.8823529411764705,0.8333333333333333,1.0,0.09090909090909091,0.13333333333333333,0.6666666666666666,0.75,0.9282032302755092,0.8736191374661522,0.8345653031794291,0.27747906604368566,0.0,0.8571428571428571,0.8123868377548611,0.8823529411764705,0.8333333333333333,1.0,0.09090909090909091,0.16666666666666669,0.8333333333333333,0.75,0.9282032302755092,0.9353978569087953,0.75,0.0,0.3568958678922094,0.8857142857142858,0.814295835629379,0.8823529411764705,0.8888888888888888,1.0,0.09090909090909091,0.2,1.0,0.75,0.9282032302755092,0.9781476007338057,0.6545084971874737,0.0990311320975808,0.8019377358048383,0.8571428571428571,0.8162245138943556,0.8823529411764705,0.8333333333333333,1.0,0.09090909090909091,0.23333333333333334,0.0,0.75,0.9282032302755092,1.0,0.5522642316338269,0.5,1.0,0.8571428571428571,0.8181925529402503,0.8823529411764705,0.8333333333333333,1.0,0.09090909090909091,0.26666666666666666,0.16666666666666666,0.75,0.9282032302755092,1.0,0.44773576836617335,0.9009688679024191,0.8019377358048384,0.8571428571428571,0.8201212312052273,0.8823529411764705,0.8333333333333333,1.0,0.09090909090909091,0.3,0.3333333333333333,0.75,0.9282032302755092,0.9781476007338057,0.34549150281252633,1.0,0.3568958678922095,0.8571428571428571,0.8221089506415806,0.8823529411764705,0.8333333333333333,1.0,0.09090909090909091,0.3333333333333333,0.5,0.75,0.9282032302755092,0.9353978569087953,0.2500000000000001,0.7225209339563144,5.551115123125783e-17,0.8571428571428571,0.8240573092970163,0.8823529411764705,0.8333333333333333,1.0,0.09090909090909091,0.3666666666666667,0.6666666666666666,0.75,0.9282032302755092,0.8736191374661523,0.16543469682057105,0.27747906604368566,0.0,0.8571428571428571,0.826025348342911,0.8823529411764705,0.8333333333333333,1.0,0.09090909090909091,0.4,0.8333333333333333,0.75,0.9282032302755092,0.7955114688927061,0.09549150281252633,0.0,0.3568958678922094,0.8571428571428571,0.8279933873888057,0.8823529411764705,0.8333333333333333,1.0,0.09090909090909091,0.43333333333333335,1.0,0.75,0.9282032302755092,0.704488531107294,0.04322727117869962,0.0990311320975808,0.8019377358048383,0.8571428571428571,0.8299614264347004,0.8823529411764705,0.8333333333333333,1.0,0.09090909090909091,0.4666666666666667,0.0,0.75,0.9282032302755092,0.6045284632676536,0.010926199633097211,0.5,1.0,0.8571428571428571,0.8319294654805951,0.8823529411764705,0.8333333333333333,1.0,0.09090909090909091,0.5,0.16666666666666666,0.75,0.9282032302755092,0.5000000000000001,0.0,0.9009688679024191,0.8019377358048384,0.8571428571428571,0.8339368653074075,0.8823529411764705,0.8333333333333333,1.0,0.09090909090909091,0.5333333333333333,0.3333333333333333,0.75,0.9282032302755092,0.3954715367323467,0.010926199633097156,1.0,0.3568958678922095,0.8571428571428571,0.8358852239628436,0.8823529411764705,0.8333333333333333,1.0,0.09090909090909091,0.5666666666666667,0.5,0.75,0.9282032302755092,0.29551146889270624,0.043227271178699456,0.7225209339563144,5.551115123125783e-17,0.7999999999999999,0.837892623789656,0.8235294117647057,0.7777777777777777,1.0,0.09090909090909091,0.6,0.6666666666666666,0.75,0.9282032302755092,0.20448853110729398,0.09549150281252627,0.27747906604368566,0.0,0.8571428571428571,0.8398213020546326,0.8823529411764705,0.8333333333333333,1.0,0.09090909090909091,0.6333333333333333,0.8333333333333333,0.75,0.9282032302755092,0.12638086253384795,0.16543469682057077,0.0,0.3568958678922094,0.8857142857142858,0.8417106195386914,0.8823529411764705,0.8888888888888888,1.0,0.09090909090909091,0.6666666666666666,1.0,0.75,0.9282032302755092,0.06460214309120482,0.24999999999999978,0.0990311320975808,0.8019377358048383,0.8571428571428571,0.8436196174132093,0.8823529411764705,0.8333333333333333,1.0,0.09090909090909091,0.7,0.0,0.75,0.9282032302755092,0.021852399266194367,0.3454915028125262,0.5,1.0,0.8571428571428571,0.8455286152877273,0.8823529411764705,0.8333333333333333,1.0,0.09090909090909091,0.7333333333333333,0.16666666666666666,0.75,0.9282032302755092,0.0,0.4477357683661729,0.9009688679024191,0.8019377358048384,0.8571428571428571,0.8473785719908684,0.8823529411764705,0.8333333333333333,1.0,0.09090909090909091,0.7666666666666667,0.3333333333333333,0.75,0.9282032302755092,0.0,0.5522642316338265,1.0,0.3568958678922095,0.8571428571428571,0.849326930646304,0.8823529411764705,0.8333333333333333,1.0,0.09090909090909091,0.8,0.5,0.75,0.9282032302755092,0.02185239926619431,0.6545084971874736,0.7225209339563144,5.551115123125783e-17,0.8571428571428571,0.8513343304731165,0.8823529411764705,0.8333333333333333,1.0,0.09090909090909091,0.8333333333333334,0.6666666666666666,0.75,0.9282032302755092,0.06460214309120454,0.7499999999999997,0.27747906604368566,0.0,0.8571428571428571,0.8532630087380935,0.8823529411764705,0.8333333333333333,1.0,0.09090909090909091,0.8666666666666667,0.8333333333333333,0.75,0.9282032302755092,0.12638086253384767,0.8345653031794289,0.0,0.3568958678922094,0.8571428571428571,0.8552310477839882,0.8823529411764705,0.8333333333333333,1.0,0.09090909090909091,0.9,1.0,0.75,0.9282032302755092,0.20448853110729381,0.9045084971874737,0.0990311320975808,0.8019377358048383
0.8571428571428571,0.7441549240336927,0.8823529411764705,0.8333333333333333,1.0,0.0,0.0,0.6666666666666666,0.5,1.0,0.5,1.0,0.27747906604368566,0.0,0.8571428571428571,0.7461426434700464,0.8823529411764705,0.8333333333333333,1.0,0.0,0.03333333333333333,0.8333333333333333,0.5,1.0,0.6045284632676534,0.9890738003669028,0.0,0.3568958678922094,0.8571428571428571,0.7480910021254821,0.8823529411764705,0.8333333333333333,1.0,0.0,0.06666666666666668,1.0,0.5,1.0,0.7044885311072939,0.9567727288213004,0.0990311320975808,0.8019377358048383,0.8571428571428571,0.7500393607809177,0.8823529411764705,0.8333333333333333,1.0,0.0,0.1,0.0,0.5,1.0,0.7955114688927061,0.9045084971874737,0.5,1.0,0.8571428571428571,0.7519089978745179,0.8823529411764705,0.8333333333333333,1.0,0.0,0.13333333333333333,0.16666666666666666,0.5,1.0,0.8736191374661522,0.8345653031794291,0.9009688679024191,0.8019377358048384,0.7999999999999999,0.7537983153585768,0.8235294117647057,0.7777777777777777,1.0,0.0,0.16666666666666669,0.3333333333333333,0.5,1.0,0.9353978569087953,0.75,1.0,0.3568958678922095,0.7999999999999999,0.7556679524521766,0.8235294117647057,0.7777777777777777,1.0,0.0,0.2,0.5,0.5,1.0,0.9781476007338057,0.6545084971874737,0.7225209339563144,5.551115123125783e-17,0.7999999999999999,0.7575375895457768,0.8235294117647057,0.7777777777777777,1.0,0.0,0.23333333333333334,0.6666666666666666,0.5,1.0,1.0,0.5522642316338269,0.27747906604368566,0.0,0.7999999999999999,0.7594269070298356,0.8235294117647057,0.7777777777777777,1.0,0.0,0.26666666666666666,0.8333333333333333,0.5,1.0,1.0,0.44773576836617335,0.0,0.3568958678922094,0.7999999999999999,0.7613359049043531,0.8235294117647057,0.7777777777777777,1.0,0.0,0.3,1.0,0.5,1.0,0.9781476007338057,0.34549150281252633,0.0990311320975808,0.8019377358048383,0.7999999999999999,0.7632645831693301,0.8235294117647057,0.7777777777777777,1.0,0.0,0.3333333333333333,0.0,0.5,1.0,0.9353978569087953,0.2500000000000001,0.5,1.0,0.7999999999999999,0.7651342202629299,0.8235294117647057,0.7777777777777777,1.0,0.0,0.3666666666666667,0.16666666666666666,0.5,1.0,0.8736191374661523,0.16543469682057105,0.9009688679024191,0.8019377358048384,0.7999999999999999,0.7670628985279069,0.8235294117647057,0.7777777777777777,1.0,0.0,0.4,0.3333333333333333,0.5,1.0,0.7955114688927061,0.09549150281252633,1.0,0.3568958678922095,0.7999999999999999,0.7689522160119657,0.8235294117647057,0.7777777777777777,1.0,0.0,0.43333333333333335,0.5,0.5,1.0,0.704488531107294,0.04322727117869962,0.7225209339563144,5.551115123125783e-17,0.7999999999999999,0.7708218531055655,0.8235294117647057,0.7777777777777777,1.0,0.0,0.4666666666666667,0.6666666666666666,0.5,1.0,0.6045284632676536,0.010926199633097211,0.27747906604368566,0.0,0.7999999999999999,0.7726718098087066,0.8235294117647057,0.7777777777777777,1.0,0.0,0.5,0.8333333333333333,0.5,1.0,0.5000000000000001,0.0,0.0,0.3568958678922094,0.7999999999999999,0.7745611272927655,0.8235294117647057,0.7777777777777777,1.0,0.0,0.5333333333333333,1.0,0.5,1.0,0.3954715367323467,0.010926199633097156,0.0990311320975808,0.8019377358048383,0.8571428571428571,0.7763914036054476,0.8823529411764705,0.8333333333333333,1.0,0.0,0.5666666666666667,0.0,0.5,1.0,0.29551146889270624,0.043227271178699456,0.5,1.0,0.8571428571428571,0.7782807210895064,0.8823529411764705,0.8333333333333333,1.0,0.0,0.6,0.16666666666666666,0.5,1.0,0.20448853110729398,0.09549150281252627,0.9009688679024191,0.8019377358048384,0.8571428571428571,0.7801897189640243,0.8823529411764705,0.8333333333333333,1.0,0.0,0.6333333333333333,0.3333333333333333,0.5,1.0,0.12638086253384795,0.16543469682057077,1.0,0.3568958678922095,0.8571428571428571,0.7820593560576241,0.8823529411764705,0.8333333333333333,1.0,0.0,0.6666666666666666,0.5,0.5,1.0,0.06460214309120482,0.24999999999999978,0.7225209339563144,5.551115123125783e-17,0.8571428571428571,0.7839880343226011,0.8823529411764705,0.8333333333333333,1.0,0.0,0.7,0.6666666666666666,0.5,1.0,0.021852399266194367,0.3454915028125262,0.27747906604368566,0.0,0.8571428571428571,0.7858970321971186,0.8823529411764705,0.8333333333333333,1.0,0.0,0.7333333333333333,0.8333333333333333,0.5,1.0,0.0,0.4477357683661729,0.0,0.3568958678922094,0.8571428571428571,0.7878257104620956,0.8823529411764705,0.8333333333333333,1.0,0.0,0.7666666666666667,1.0,0.5,1.0,0.0,0.5522642316338265,0.0990311320975808,0.8019377358048383,0.8571428571428571,0.7897543887270722,0.8823529411764705,0.8333333333333333,1.0,0.0,0.8,0.0,0.5,1.0,0.02185239926619431,0.6545084971874736,0.5,1.0,0.8571428571428571,0.7916830669920492,0.8823529411764705,0.8333333333333333,1.0,0.0,0.8333333333333334,0.16666666666666666,0.5,1.0,0.06460214309120454,0.7499999999999997,0.9009688679024191,0.8019377358048384,0.8571428571428571,0.7935920648665671,0.8823529411764705,0.8333333333333333,1.0,0.0,0.8666666666666667,0.3333333333333333,0.5,1.0,0.12638086253384767,0.8345653031794289,1.0,0.3568958678922095,0.8571428571428571,0.7955010627410846,0.8823529411764705,0.8333333333333333,1.0,0.0,0.9,0.5,0.5,1.0,0.20448853110729381,0.9045084971874737,0.7225209339563144,5.551115123125783e-17,0.8571428571428571,0.7974494213965206,0.8823529411764705,0.8333333333333333,1.0,0.0,0.9333333333333333,0.6666666666666666,0.5,1.0,0.2955114688927057,0.9567727288213003,0.27747906604368566,0.0,0.8571428571428571,0.7993780996614972,0.8823529411764705,0.8333333333333333,1.0,0.0,0.9666666666666667,0.8333333333333333,0.5,1.0,0.39547153673234625,0.9890738003669028,0.0,0.3568958678922094,0.8571428571428571,0.8013067779264742,0.8823529411764705,0.8333333333333333,1.0,0.0,0.9999999999999999,1.0,0.5,1.0,0.4999999999999999,1.0,0.0990311320975808,0.8019377358048383,0.8571428571428571,0.8032157758009917,0.8823529411764705,0.8333333333333333,1.0,0.09090909090909091,0.0,0.0,0.75,0.9282032302755092,0.5,1.0,0.5,1.0,0.8571428571428571,0.8051247736755096,0.8823529411764705,0.8333333333333333,1.0,0.09090909090909091,0.03333333333333333,0.16666666666666666,0.75,0.9282032302755092,0.6045284632676534,0.9890738003669028,0.9009688679024191,0.8019377358048384,0.8571428571428571,0.8068369676454381,0.8823529411764705,0.8333333333333333,1.0,0.09090909090909091,0.06666666666666668,0.3333333333333333,0.75,0.9282032302755092,0.7044885311072939,0.9567727288213004,1.0,0.3568958678922095,0.8571428571428571,0.8086672439581202,0.8823529411764705,0.8333333333333333,1.0,0.09090909090909091,0.1,0.5,0.75,0.9282032302755092,0.7955114688927061,0.9045084971874737,0.7225209339563144,5.551115123125783e-17,0.8571428571428571,0.8104975202708022,0.8823529411764705,0.8333333333333333,1.0,0.09090909090909091,0.13333333333333333,0.6666666666666666,0.75,0.9282032302755092,0.8736191374661522,0.8345653031794291,0.27747906604368566,0.0,0.8571428571428571,0.8123868377548611,0.8823529411764705,0.8333333333333333,1.0,0.09090909090909091,0.16666666666666669,0.8333333333333333,0.75,0.9282032302755092,0.9353978569087953,0.75,0.0,0.3568958678922094,0.8857142857142858,0.814295835629379,0.8823529411764705,0.8888888888888888,1.0,0.09090909090909091,0.2,1.0,0.75,0.9282032302755092,0.9781476007338057,0.6545084971874737,0.0990311320975808,0.8019377358048383,0.8571428571428571,0.8162245138943556,0.8823529411764705,0.8333333333333333,1.0,0.09090909090909091,0.23333333333333334,0.0,0.75,0.9282032302755092,1.0,0.5522642316338269,0.5,1.0,0.8571428571428571,0.8181925529402503,0.8823529411764705,0.8333333333333333,1.0,0.09090909090909091,0.26666666666666666,0.16666666666666666,0.75,0.9282032302755092,1.0,0.44773576836617335,0.9009688679024191,0.8019377358048384,0.8571428571428571,0.8201212312052273,0.8823529411764705,0.8333333333333333,1.0,0.09090909090909091,0.3,0.3333333333333333,0.75,0.9282032302755092,0.9781476007338057,0.34549150281252633,1.0,0.3568958678922095,0.8571428571428571,0.8221089506415806,0.8823529411764705,0.8333333333333333,1.0,0.09090909090909091,0.3333333333333333,0.5,0.75,0.9282032302755092,0.9353978569087953,0.2500000000000001,0.7225209339563144,5.551115123125783e-17,0.8571428571428571,0.8240573092970163,0.8823529411764705,0.8333333333333333,1.0,0.09090909090909091,0.3666666666666667,0.6666666666666666,0.75,0.9282032302755092,0.8736191374661523,0.16543469682057105,0.27747906604368566,0.0,0.8571428571428571,0.826025348342911,0.8823529411764705,0.8333333333333333,1.0,0.09090909090909091,0.4,0.8333333333333333,0.75,0.9282032302755092,0.7955114688927061,0.09549150281252633,0.0,0.3568958678922094,0.8571428571428571,0.8279933873888057,0.8823529411764705,0.8333333333333333,1.0,0.09090909090909091,0.43333333333333335,1.0,0.75,0.9282032302755092,0.704488531107294,0.04322727117869962,0.0990311320975808,0.8019377358048383,0.8571428571428571,0.8299614264347004,0.8823529411764705,0.8333333333333333,1.0,0.09090909090909091,0.4666666666666667,0.0,0.75,0.9282032302755092,0.6045284632676536,0.010926199633097211,0.5,1.0,0.8571428571428571,0.8319294654805951,0.8823529411764705,0.8333333333333333,1.0,0.09090909090909091,0.5,0.16666666666666666,0.75,0.9282032302755092,0.5000000000000001,0.0,0.9009688679024191,0.8019377358048384,0.8571428571428571,0.8339368653074075,0.8823529411764705,0.8333333333333333,1.0,0.09090909090909091,0.5333333333333333,0.3333333333333333,0.75,0.9282032302755092,0.3954715367323467,0.010926199633097156,1.0,0.3568958678922095,0.8571428571428571,0.8358852239628436,0.8823529411764705,0.8333333333333333,1.0,0.09090909090909091,0.5666666666666667,0.5,0.75,0.9282032302755092,0.29551146889270624,0.043227271178699456,0.7225209339563144,5.551115123125783e-17,0.7999999999999999,0.837892623789656,0.8235294117647057,0.7777777777777777,1.0,0.09090909090909091,0.6,0.6666666666666666,0.75,0.9282032302755092,0.20448853110729398,0.09549150281252627,0.27747906604368566,0.0,0.8571428571428571,0.8398213020546326,0.8823529411764705,0.8333333333333333,1.0,0.09090909090909091,0.6333333333333333,0.8333333333333333,0.75,0.9282032302755092,0.12638086253384795,0.16543469682057077,0.0,0.3568958678922094,0.8857142857142858,0.8417106195386914,0.8823529411764705,0.8888888888888888,1.0,0.09090909090909091,0.6666666666666666,1.0,0.75,0.9282032302755092,0.06460214309120482,0.24999999999999978,0.0990311320975808,0.8019377358048383,0.8571428571428571,0.8436196174132093,0.8823529411764705,0.8333333333333333,1.0,0.09090909090909091,0.7,0.0,0.75,0.9282032302755092,0.021852399266194367,0.3454915028125262,0.5,1.0,0.8571428571428571,0.8455286152877273,0.8823529411764705,0.8333333333333333,1.0,0.09090909090909091,0.7333333333333333,0.16666666666666666,0.75,0.9282032302755092,0.0,0.4477357683661729,0.9009688679024191,0.8019377358048384,0.8571428571428571,0.8473785719908684,0.8823529411764705,0.8333333333333333,1.0,0.09090909090909091,0.7666666666666667,0.3333333333333333,0.75,0.9282032302755092,0.0,0.5522642316338265,1.0,0.3568958678922095,0.8571428571428571,0.849326930646304,0.8823529411764705,0.8333333333333333,1.0,0.09090909090909091,0.8,0.5,0.75,0.9282032302755092,0.02185239926619431,0.6545084971874736,0.7225209339563144,5.551115123125783e-17,0.8571428571428571,0.8513343304731165,0.8823529411764705,0.8333333333333333,1.0,0.09090909090909091,0.8333333333333334,0.6666666666666666,0.75,0.9282032302755092,0.06460214309120454,0.7499999999999997,0.27747906604368566,0.0,0.8571428571428571,0.8532630087380935,0.8823529411764705,0.8333333333333333,1.0,0.09090909090909091,0.8666666666666667,0.8333333333333333,0.75,0.9282032302755092,0.12638086253384767,0.8345653031794289,0.0,0.3568958678922094,0.8571428571428571,0.8552310477839882,0.8823529411764705,0.8333333333333333,1.0,0.09090909090909091,0.9,1.0,0.75,0.9282032302755092,0.20448853110729381,0.9045084971874737,0.0990311320975808,0.8019377358048383,0.8571428571428571,0.8571990868298829,0.8823529411764705,0.8333333333333333,1.0,0.1818181818181818,0.0,0.0,0.9330127018922193,0.7320508075688774,0.5,1.0,0.5,1.0
0.8571428571428571,0.7461426434700464,0.8823529411764705,0.8333333333333333,1.0,0.0,0.03333333333333333,0.8333333333333333,0.5,1.0,0.6045284632676534,0.9890738003669028,0.0,0.3568958678922094,0.8571428571428571,0.7480910021254821,0.8823529411764705,0.8333333333333333,1.0,0.0,0.06666666666666668,1.0,0.5,1.0,0.7044885311072939,0.9567727288213004,0.0990311320975808,0.8019377358048383,0.8571428571428571,0.7500393607809177,0.8823529411764705,0.8333333333333333,1.0,0.0,0.1,0.0,0.5,1.0,0.7955114688927061,0.9045084971874737,0.5,1.0,0.8571428571428571,0.7519089978745179,0.8823529411764705,0.8333333333333333,1.0,0.0,0.13333333333333333,0.16666666666666666,0.5,1.0,0.8736191374661522,0.8345653031794291,0.9009688679024191,0.8019377358048384,0.7999999999999999,0.7537983153585768,0.8235294117647057,0.7777777777777777,1.0,0.0,0.16666666666666669,0.3333333333333333,0.5,1.0,0.9353978569087953,0.75,1.0,0.3568958678922095,0.7999999999999999,0.7556679524521766,0.8235294117647057,0.7777777777777777,1.0,0.0,0.2,0.5,0.5,1.0,0.9781476007338057,0.6545084971874737,0.7225209339563144,5.551115123125783e-17,0.7999999999999999,0.7575375895457768,0.8235294117647057,0.7777777777777777,1.0,0.0,0.23333333333333334,0.6666666666666666,0.5,1.0,1.0,0.5522642316338269,0.27747906604368566,0.0,0.7999999999999999,0.7594269070298356,0.8235294117647057,0.7777777777777777,1.0,0.0,0.26666666666666666,0.8333333333333333,0.5,1.0,1.0,0.44773576836617335,0.0,0.3568958678922094,0.7999999999999999,0.7613359049043531,0.8235294117647057,0.7777777777777777,1.0,0.0,0.3,1.0,0.5,1.0,0.9781476007338057,0.34549150281252633,0.0990311320975808,0.8019377358048383,0.7999999999999999,0.7632645831693301,0.8235294117647057,0.7777777777777777,1.0,0.0,0.3333333333333333,0.0,0.5,1.0,0.9353978569087953,0.2500000000000001,0.5,1.0,0.7999999999999999,0.7651342202629299,0.8235294117647057,0.7777777777777777,1.0,0.0,0.3666666666666667,0.16666666666666666,0.5,1.0,0.8736191374661523,0.16543469682057105,0.9009688679024191,0.8019377358048384,0.7999999999999999,0.7670628985279069,0.8235294117647057,0.7777777777777777,1.0,0.0,0.4,0.3333333333333333,0.5,1.0,0.7955114688927061,0.09549150281252633,1.0,0.3568958678922095,0.7999999999999999,0.7689522160119657,0.8235294117647057,0.7777777777777777,1.0,0.0,0.43333333333333335,0.5,0.5,1.0,0.704488531107294,0.04322727117869962,0.7225209339563144,5.551115123125783e-17,0.7999999999999999,0.7708218531055655,0.8235294117647057,0.7777777777777777,1.0,0.0,0.4666666666666667,0.6666666666666666,0.5,1.0,0.6045284632676536,0.010926199633097211,0.27747906604368566,0.0,0.7999999999999999,0.7726718098087066,0.8235294117647057,0.7777777777777777,1.0,0.0,0.5,0.8333333333333333,0.5,1.0,0.5000000000000001,0.0,0.0,0.3568958678922094,0.7999999999999999,0.7745611272927655,0.8235294117647057,0.7777777777777777,1.0,0.0,0.5333333333333333,1.0,0.5,1.0,0.3954715367323467,0.010926199633097156,0.0990311320975808,0.8019377358048383,0.8571428571428571,0.7763914036054476,0.8823529411764705,0.8333333333333333,1.0,0.0,0.5666666666666667,0.0,0.5,1.0,0.29551146889270624,0.043227271178699456,0.5,1.0,0.8571428571428571,0.7782807210895064,0.8823529411764705,0.8333333333333333,1.0,0.0,0.6,0.16666666666666666,0.5,1.0,0.20448853110729398,0.09549150281252627,0.9009688679024191,0.8019377358048384,0.8571428571428571,0.7801897189640243,0.8823529411764705,0.8333333333333333,1.0,0.0,0.6333333333333333,0.3333333333333333,0.5,1.0,0.12638086253384795,0.16543469682057077,1.0,0.3568958678922095,0.8571428571428571,0.7820593560576241,0.8823529411764705,0.8333333333333333,1.0,0.0,0.6666666666666666,0.5,0.5,1.0,0.06460214309120482,0.24999999999999978,0.7225209339563144,5.551115123125783e-17,0.8571428571428571,0.7839880343226011,0.8823529411764705,0.8333333333333333,1.0,0.0,0.7,0.6666666666666666,0.5,1.0,0.021852399266194367,0.3454915028125262,0.27747906604368566,0.0,0.8571428571428571,0.7858970321971186,0.8823529411764705,0.8333333333333333,1.0,0.0,0.7333333333333333,0.8333333333333333,0.5,1.0,0.0,0.4477357683661729,0.0,0.3568958678922094,0.8571428571428571,0.7878257104620956,0.8823529411764705,0.8333333333333333,1.0,0.0,0.7666666666666667,1.0,0.5,1.0,0.0,0.5522642316338265,0.0990311320975808,0.8019377358048383,0.8571428571428571,0.7897543887270722,0.8823529411764705,0.8333333333333333,1.0,0.0,0.8,0.0,0.5,1.0,0.02185239926619431,0.6545084971874736,0.5,1.0,0.8571428571428571,0.7916830669920492,0.8823529411764705,0.8333333333333333,1.0,0.0,0.8333333333333334,0.16666666666666666,0.5,1.0,0.06460214309120454,0.7499999999999997,0.9009688679024191,0.8019377358048384,0.8571428571428571,0.7935920648665671,0.8823529411764705,0.8333333333333333,1.0,0.0,0.8666666666666667,0.3333333333333333,0.5,1.0,0.12638086253384767,0.8345653031794289,1.0,0.3568958678922095,0.8571428571428571,0.7955010627410846,0.8823529411764705,0.8333333333333333,1.0,0.0,0.9,0.5,0.5,1.0,0.20448853110729381,0.9045084971874737,0.7225209339563144,5.551115123125783e-17,0.8571428571428571,0.7974494213965206,0.8823529411764705,0.8333333333333333,1.0,0.0,0.9333333333333333,0.6666666666666666,0.5,1.0,0.2955114688927057,0.9567727288213003,0.27747906604368566,0.0,0.8571428571428571,0.7993780996614972,0.8823529411764705,0.8333333333333333,1.0,0.0,0.9666666666666667,0.8333333333333333,0.5,1.0,0.39547153673234625,0.9890738003669028,0.0,0.3568958678922094,0.8571428571428571,0.8013067779264742,0.8823529411764705,0.8333333333333333,1.0,0.0,0.9999999999999999,1.0,0.5,1.0,0.4999999999999999,1.0,0.0990311320975808,0.8019377358048383,0.8571428571428571,0.8032157758009917,0.8823529411764705,0.8333333333333333,1.0,0.09090909090909091,0.0,0.0,0.75,0.9282032302755092,0.5,1.0,0.5,1.0,0.8571428571428571,0.8051247736755096,0.8823529411764705,0.8333333333333333,1.0,0.09090909090909091,0.03333333333333333,0.16666666666666666,0.75,0.9282032302755092,0.6045284632676534,0.9890738003669028,0.9009688679024191,0.8019377358048384,0.8571428571428571,0.8068369676454381,0.8823529411764705,0.8333333333333333,1.0,0.09090909090909091,0.06666666666666668,0.3333333333333333,0.75,0.9282032302755092,0.7044885311072939,0.9567727288213004,1.0,0.3568958678922095,0.8571428571428571,0.8086672439581202,0.8823529411764705,0.8333333333333333,1.0,0.09090909090909091,0.1,0.5,0.75,0.9282032302755092,0.7955114688927061,0.9045084971874737,0.7225209339563144,5.551115123125783e-17,0.8571428571428571,0.8104975202708022,0.8823529411764705,0.8333333333333333,1.0,0.09090909090909091,0.13333333333333333,0.6666666666666666,0.75,0.9282032302755092,0.8736191374661522,0.8345653031794291,0.27747906604368566,0.0,0.8571428571428571,0.8123868377548611,0.8823529411764705,0.8333333333333333,1.0,0.09090909090909091,0.16666666666666669,0.8333333333333333,0.75,0.9282032302755092,0.9353978569087953,0.75,0.0,0.3568958678922094,0.8857142857142858,0.814295835629379,0.8823529411764705,0.8888888888888888,1.0,0.09090909090909091,0.2,1.0,0.75,0.9282032302755092,0.9781476007338057,0.6545084971874737,0.0990311320975808,0.8019377358048383,0.8571428571428571,0.8162245138943556,0.8823529411764705,0.8333333333333333,1.0,0.09090909090909091,0.23333333333333334,0.0,0.75,0.9282032302755092,1.0,0.5522642316338269,0.5,1.0,0.8571428571428571,0.8181925529402503,0.8823529411764705,0.8333333333333333,1.0,0.09090909090909091,0.26666666666666666,0.16666666666666666,0.75,0.9282032302755092,1.0,0.44773576836617335,0.9009688679024191,0.8019377358048384,0.8571428571428571,0.8201212312052273,0.8823529411764705,0.8333333333333333,1.0,0.09090909090909091,0.3,0.3333333333333333,0.75,0.9282032302755092,0.9781476007338057,0.34549150281252633,1.0,0.3568958678922095,0.8571428571428571,0.8221089506415806,0.8823529411764705,0.8333333333333333,1.0,0.09090909090909091,0.3333333333333333,0.5,0.75,0.9282032302755092,0.9353978569087953,0.2500000000000001,0.7225209339563144,5.551115123125783e-17,0.8571428571428571,0.8240573092970163,0.8823529411764705,0.8333333333333333,1.0,0.09090909090909091,0.3666666666666667,0.6666666666666666,0.75,0.9282032302755092,0.8736191374661523,0.16543469682057105,0.27747906604368566,0.0,0.8571428571428571,0.826025348342911,0.8823529411764705,0.8333333333333333,1.0,0.09090909090909091,0.4,0.8333333333333333,0.75,0.9282032302755092,0.7955114688927061,0.09549150281252633,0.0,0.3568958678922094,0.8571428571428571,0.8279933873888057,0.8823529411764705,0.8333333333333333,1.0,0.09090909090909091,0.43333333333333335,1.0,0.75,0.9282032302755092,0.704488531107294,0.04322727117869962,0.0990311320975808,0.8019377358048383,0.8571428571428571,0.8299614264347004,0.8823529411764705,0.8333333333333333,1.0,0.09090909090909091,0.4666666666666667,0.0,0.75,0.9282032302755092,0.6045284632676536,0.010926199633097211,0.5,1.0,0.8571428571428571,0.8319294654805951,0.8823529411764705,0.8333333333333333,1.0,0.09090909090909091,0.5,0.16666666666666666,0.75,0.9282032302755092,0.5000000000000001,0.0,0.9009688679024191,0.8019377358048384,0.8571428571428571,0.8339368653074075,0.8823529411764705,0.8333333333333333,1.0,0.09090909090909091,0.5333333333333333,0.3333333333333333,0.75,0.9282032302755092,0.3954715367323467,0.010926199633097156,1.0,0.3568958678922095,0.8571428571428571,0.8358852239628436,0.8823529411764705,0.8333333333333333,1.0,0.09090909090909091,0.5666666666666667,0.5,0.75,0.9282032302755092,0.29551146889270624,0.043227271178699456,0.7225209339563144,5.551115123125783e-17,0.7999999999999999,0.837892623789656,0.8235294117647057,0.7777777777777777,1.0,0.09090909090909091,0.6,0.6666666666666666,0.75,0.9282032302755092,0.20448853110729398,0.09549150281252627,0.27747906604368566,0.0,0.8571428571428571,0.8398213020546326,0.8823529411764705,0.8333333333333333,1.0,0.09090909090909091,0.6333333333333333,0.8333333333333333,0.75,0.9282032302755092,0.12638086253384795,0.16543469682057077,0.0,0.3568958678922094,0.8857142857142858,0.8417106195386914,0.8823529411764705,0.8888888888888888,1.0,0.09090909090909091,0.6666666666666666,1.0,0.75,0.9282032302755092,0.06460214309120482,0.24999999999999978,0.0990311320975808,0.8019377358048383,0.8571428571428571,0.8436196174132093,0.8823529411764705,0.8333333333333333,1.0,0.09090909090909091,0.7,0.0,0.75,0.9282032302755092,0.021852399266194367,0.3454915028125262,0.5,1.0,0.8571428571428571,0.8455286152877273,0.8823529411764705,0.8333333333333333,1.0,0.09090909090909091,0.7333333333333333,0.16666666666666666,0.75,0.9282032302755092,0.0,0.4477357683661729,0.9009688679024191,0.8019377358048384,0.8571428571428571,0.8473785719908684,0.8823529411764705,0.8333333333333333,1.0,0.09090909090909091,0.7666666666666667,0.3333333333333333,0.75,0.9282032302755092,0.0,0.5522642316338265,1.0,0.3568958678922095,0.8571428571428571,0.849326930646304,0.8823529411764705,0.8333333333333333,1.0,0.09090909090909091,0.8,0.5,0.75,0.9282032302755092,0.02185239926619431,0.6545084971874736,0.7225209339563144,5.551115123125783e-17,0.8571428571428571,0.8513343304731165,0.8823529411764705,0.8333333333333333,1.0,0.09090909090909091,0.8333333333333334,0.6666666666666666,0.75,0.9282032302755092,0.06460214309120454,0.7499999999999997,0.27747906604368566,0.0,0.8571428571428571,0.8532630087380935,0.8823529411764705,0.8333333333333333,1.0,0.09090909090909091,0.8666666666666667,0.8333333333333333,0.75,0.9282032302755092,0.12638086253384767,0.8345653031794289,0.0,0.3568958678922094,0.8571428571428571,0.8552310477839882,0.8823529411764705,0.8333333333333333,1.0,0.09090909090909091,0.9,1.0,0.75,0.9282032302755092,0.20448853110729381,0.9045084971874737,0.0990311320975808,0.8019377358048383,0.8571428571428571,0.8571990868298829,0.8823529411764705,0.8333333333333333,1.0,0.1818181818181818,0.0,0.0,0.9330127018922193,0.7320508075688774,0.5,1.0,0.5,1.0,0.8571428571428571,0.859245847437613,0.8823529411764705,0.8333333333333333,1.0,0.1818181818181818,0.03333333333333333,0.16666666666666666,0.9330127018922193,0.7320508075688774,0.6045284632676534,0.9890738003669028,0.9009688679024191,0.8019377358048384
0.8571428571428571,0.7480910021254821,0.8823529411764705,0.8333333333333333,1.0,0.0,0.06666666666666668,1.0,0.5,1.0,0.7044885311072939,0.9567727288213004,0.0990311320975808,0.8019377358048383,0.8571428571428571,0.7500393607809177,0.8823529411764705,0.8333333333333333,1.0,0.0,0.1,0.0,0.5,1.0,0.7955114688927061,0.9045084971874737,0.5,1.0,0.8571428571428571,0.7519089978745179,0.8823529411764705,0.8333333333333333,1.0,0.0,0.13333333333333333,0.16666666666666666,0.5,1.0,0.8736191374661522,0.8345653031794291,0.9009688679024191,0.8019377358048384,0.7999999999999999,0.7537983153585768,0.8235294117647057,0.7777777777777777,1.0,0.0,0.16666666666666669,0.3333333333333333,0.5,1.0,0.9353978569087953,0.75,1.0,0.3568958678922095,0.7999999999999999,0.7556679524521766,0.8235294117647057,0.7777777777777777,1.0,0.0,0.2,0.5,0.5,1.0,0.9781476007338057,0.6545084971874737,0.7225209339563144,5.551115123125783e-17,0.7999999999999999,0.7575375895457768,0.8235294117647057,0.7777777777777777,1.0,0.0,0.23333333333333334,0.6666666666666666,0.5,1.0,1.0,0.5522642316338269,0.27747906604368566,0.0,0.7999999999999999,0.7594269070298356,0.8235294117647057,0.7777777777777777,1.0,0.0,0.26666666666666666,0.8333333333333333,0.5,1.0,1.0,0.44773576836617335,0.0,0.3568958678922094,0.7999999999999999,0.7613359049043531,0.8235294117647057,0.7777777777777777,1.0,0.0,0.3,1.0,0.5,1.0,0.9781476007338057,0.34549150281252633,0.0990311320975808,0.8019377358048383,0.7999999999999999,0.7632645831693301,0.8235294117647057,0.7777777777777777,1.0,0.0,0.3333333333333333,0.0,0.5,1.0,0.9353978569087953,0.2500000000000001,0.5,1.0,0.7999999999999999,0.7651342202629299,0.8235294117647057,0.7777777777777777,1.0,0.0,0.3666666666666667,0.16666666666666666,0.5,1.0,0.8736191374661523,0.16543469682057105,0.9009688679024191,0.8019377358048384,0.7999999999999999,0.7670628985279069,0.8235294117647057,0.7777777777777777,1.0,0.0,0.4,0.3333333333333333,0.5,1.0,0.7955114688927061,0.09549150281252633,1.0,0.3568958678922095,0.7999999999999999,0.7689522160119657,0.8235294117647057,0.7777777777777777,1.0,0.0,0.43333333333333335,0.5,0.5,1.0,0.704488531107294,0.04322727117869962,0.7225209339563144,5.551115123125783e-17,0.7999999999999999,0.7708218531055655,0.8235294117647057,0.7777777777777777,1.0,0.0,0.4666666666666667,0.6666666666666666,0.5,1.0,0.6045284632676536,0.010926199633097211,0.27747906604368566,0.0,0.7999999999999999,0.7726718098087066,0.8235294117647057,0.7777777777777777,1.0,0.0,0.5,0.8333333333333333,0.5,1.0,0.5000000000000001,0.0,0.0,0.3568958678922094,0.7999999999999999,0.7745611272927655,0.8235294117647057,0.7777777777777777,1.0,0.0,0.5333333333333333,1.0,0.5,1.0,0.3954715367323467,0.010926199633097156,0.0990311320975808,0.8019377358048383,0.8571428571428571,0.7763914036054476,0.8823529411764705,0.8333333333333333,1.0,0.0,0.5666666666666667,0.0,0.5,1.0,0.29551146889270624,0.043227271178699456,0.5,1.0,0.8571428571428571,0.7782807210895064,0.8823529411764705,0.8333333333333333,1.0,0.0,0.6,0.16666666666666666,0.5,1.0,0.20448853110729398,0.09549150281252627,0.9009688679024191,0.8019377358048384,0.8571428571428571,0.7801897189640243,0.8823529411764705,0.8333333333333333,1.0,0.0,0.6333333333333333,0.3333333333333333,0.5,1.0,0.12638086253384795,0.16543469682057077,1.0,0.3568958678922095,0.8571428571428571,0.7820593560576241,0.8823529411764705,0.8333333333333333,1.0,0.0,0.6666666666666666,0.5,0.5,1.0,0.06460214309120482,0.24999999999999978,0.7225209339563144,5.551115123125783e-17,0.8571428571428571,0.7839880343226011,0.8823529411764705,0.8333333333333333,1.0,0.0,0.7,0.6666666666666666,0.5,1.0,0.021852399266194367,0.3454915028125262,0.27747906604368566,0.0,0.8571428571428571,0.7858970321971186,0.8823529411764705,0.8333333333333333,1.0,0.0,0.7333333333333333,0.8333333333333333,0.5,1.0,0.0,0.4477357683661729,0.0,0.3568958678922094,0.8571428571428571,0.7878257104620956,0.8823529411764705,0.8333333333333333,1.0,0.0,0.7666666666666667,1.0,0.5,1.0,0.0,0.5522642316338265,0.0990311320975808,0.8019377358048383,0.8571428571428571,0.7897543887270722,0.8823529411764705,0.8333333333333333,1.0,0.0,0.8,0.0,0.5,1.0,0.02185239926619431,0.6545084971874736,0.5,1.0,0.8571428571428571,0.7916830669920492,0.8823529411764705,0.8333333333333333,1.0,0.0,0.8333333333333334,0.16666666666666666,0.5,1.0,0.06460214309120454,0.7499999999999997,0.9009688679024191,0.8019377358048384,0.8571428571428571,0.7935920648665671,0.8823529411764705,0.8333333333333333,1.0,0.0,0.8666666666666667,0.3333333333333333,0.5,1.0,0.12638086253384767,0.8345653031794289,1.0,0.3568958678922095,0.8571428571428571,0.7955010627410846,0.8823529411764705,0.8333333333333333,1.0,0.0,0.9,0.5,0.5,1.0,0.20448853110729381,0.9045084971874737,0.7225209339563144,5.551115123125783e-17,0.8571428571428571,0.7974494213965206,0.8823529411764705,0.8333333333333333,1.0,0.0,0.9333333333333333,0.6666666666666666,0.5,1.0,0.2955114688927057,0.9567727288213003,0.27747906604368566,0.0,0.8571428571428571,0.7993780996614972,0.8823529411764705,0.8333333333333333,1.0,0.0,0.9666666666666667,0.8333333333333333,0.5,1.0,0.39547153673234625,0.9890738003669028,0.0,0.3568958678922094,0.8571428571428571,0.8013067779264742,0.8823529411764705,0.8333333333333333,1.0,0.0,0.9999999999999999,1.0,0.5,1.0,0.4999999999999999,1.0,0.0990311320975808,0.8019377358048383,0.8571428571428571,0.8032157758009917,0.8823529411764705,0.8333333333333333,1.0,0.09090909090909091,0.0,0.0,0.75,0.9282032302755092,0.5,1.0,0.5,1.0,0.8571428571428571,0.8051247736755096,0.8823529411764705,0.8333333333333333,1.0,0.09090909090909091,0.03333333333333333,0.16666666666666666,0.75,0.9282032302755092,0.6045284632676534,0.9890738003669028,0.9009688679024191,0.8019377358048384,0.8571428571428571,0.8068369676454381,0.8823529411764705,0.8333333333333333,1.0,0.09090909090909091,0.06666666666666668,0.3333333333333333,0.75,0.9282032302755092,0.7044885311072939,0.9567727288213004,1.0,0.3568958678922095,0.8571428571428571,0.8086672439581202,0.8823529411764705,0.8333333333333333,1.0,0.09090909090909091,0.1,0.5,0.75,0.9282032302755092,0.7955114688927061,0.9045084971874737,0.7225209339563144,5.551115123125783e-17,0.8571428571428571,0.8104975202708022,0.8823529411764705,0.8333333333333333,1.0,0.09090909090909091,0.13333333333333333,0.6666666666666666,0.75,0.9282032302755092,0.8736191374661522,0.8345653031794291,0.27747906604368566,0.0,0.8571428571428571,0.8123868377548611,0.8823529411764705,0.8333333333333333,1.0,0.09090909090909091,0.16666666666666669,0.8333333333333333,0.75,0.9282032302755092,0.9353978569087953,0.75,0.0,0.3568958678922094,0.8857142857142858,0.814295835629379,0.8823529411764705,0.8888888888888888,1.0,0.09090909090909091,0.2,1.0,0.75,0.9282032302755092,0.9781476007338057,0.6545084971874737,0.0990311320975808,0.8019377358048383,0.8571428571428571,0.8162245138943556,0.8823529411764705,0.8333333333333333,1.0,0.09090909090909091,0.23333333333333334,0.0,0.75,0.9282032302755092,1.0,0.5522642316338269,0.5,1.0,0.8571428571428571,0.8181925529402503,0.8823529411764705,0.8333333333333333,1.0,0.09090909090909091,0.26666666666666666,0.16666666666666666,0.75,0.9282032302755092,1.0,0.44773576836617335,0.9009688679024191,0.8019377358048384,0.8571428571428571,0.8201212312052273,0.8823529411764705,0.8333333333333333,1.0,0.09090909090909091,0.3,0.3333333333333333,0.75,0.9282032302755092,0.9781476007338057,0.34549150281252633,1.0,0.3568958678922095,0.8571428571428571,0.8221089506415806,0.8823529411764705,0.8333333333333333,1.0,0.09090909090909091,0.3333333333333333,0.5,0.75,0.9282032302755092,0.9353978569087953,0.2500000000000001,0.7225209339563144,5.551115123125783e-17,0.8571428571428571,0.8240573092970163,0.8823529411764705,0.8333333333333333,1.0,0.09090909090909091,0.3666666666666667,0.6666666666666666,0.75,0.9282032302755092,0.8736191374661523,0.16543469682057105,0.27747906604368566,0.0,0.8571428571428571,0.826025348342911,0.8823529411764705,0.8333333333333333,1.0,0.09090909090909091,0.4,0.8333333333333333,0.75,0.9282032302755092,0.7955114688927061,0.09549150281252633,0.0,0.3568958678922094,0.8571428571428571,0.8279933873888057,0.8823529411764705,0.8333333333333333,1.0,0.09090909090909091,0.43333333333333335,1.0,0.75,0.9282032302755092,0.704488531107294,0.04322727117869962,0.0990311320975808,0.8019377358048383,0.8571428571428571,0.8299614264347004,0.8823529411764705,0.8333333333333333,1.0,0.09090909090909091,0.4666666666666667,0.0,0.75,0.9282032302755092,0.6045284632676536,0.010926199633097211,0.5,1.0,0.8571428571428571,0.8319294654805951,0.8823529411764705,0.8333333333333333,1.0,0.09090909090909091,0.5,0.16666666666666666,0.75,0.9282032302755092,0.5000000000000001,0.0,0.9009688679024191,0.8019377358048384,0.8571428571428571,0.8339368653074075,0.8823529411764705,0.8333333333333333,1.0,0.09090909090909091,0.5333333333333333,0.3333333333333333,0.75,0.9282032302755092,0.3954715367323467,0.010926199633097156,1.0,0.3568958678922095,0.8571428571428571,0.8358852239628436,0.8823529411764705,0.8333333333333333,1.0,0.09090909090909091,0.5666666666666667,0.5,0.75,0.9282032302755092,0.29551146889270624,0.043227271178699456,0.7225209339563144,5.551115123125783e-17,0.7999999999999999,0.837892623789656,0.8235294117647057,0.7777777777777777,1.0,0.09090909090909091,0.6,0.6666666666666666,0.75,0.9282032302755092,0.20448853110729398,0.09549150281252627,0.27747906604368566,0.0,0.8571428571428571,0.8398213020546326,0.8823529411764705,0.8333333333333333,1.0,0.09090909090909091,0.6333333333333333,0.8333333333333333,0.75,0.9282032302755092,0.12638086253384795,0.16543469682057077,0.0,0.3568958678922094,0.8857142857142858,0.8417106195386914,0.8823529411764705,0.8888888888888888,1.0,0.09090909090909091,0.6666666666666666,1.0,0.75,0.9282032302755092,0.06460214309120482,0.24999999999999978,0.0990311320975808,0.8019377358048383,0.8571428571428571,0.8436196174132093,0.8823529411764705,0.8333333333333333,1.0,0.09090909090909091,0.7,0.0,0.75,0.9282032302755092,0.021852399266194367,0.3454915028125262,0.5,1.0,0.8571428571428571,0.8455286152877273,0.8823529411764705,0.8333333333333333,1.0,0.09090909090909091,0.7333333333333333,0.16666666666666666,0.75,0.9282032302755092,0.0,0.4477357683661729,0.9009688679024191,0.8019377358048384,0.8571428571428571,0.8473785719908684,0.8823529411764705,0.8333333333333333,1.0,0.09090909090909091,0.7666666666666667,0.3333333333333333,0.75,0.9282032302755092,0.0,0.5522642316338265,1.0,0.3568958678922095,0.8571428571428571,0.849326930646304,0.8823529411764705,0.8333333333333333,1.0,0.09090909090909091,0.8,0.5,0.75,0.9282032302755092,0.02185239926619431,0.6545084971874736,0.7225209339563144,5.551115123125783e-17,0.8571428571428571,0.8513343304731165,0.8823529411764705,0.8333333333333333,1.0,0.09090909090909091,0.8333333333333334,0.6666666666666666,0.75,0.9282032302755092,0.06460214309120454,0.7499999999999997,0.27747906604368566,0.0,0.8571428571428571,0.8532630087380935,0.8823529411764705,0.8333333333333333,1.0,0.09090909090909091,0.8666666666666667,0.8333333333333333,0.75,0.9282032302755092,0.12638086253384767,0.8345653031794289,0.0,0.3568958678922094,0.8571428571428571,0.8552310477839882,0.8823529411764705,0.8333333333333333,1.0,0.09090909090909091,0.9,1.0,0.75,0.9282032302755092,0.20448853110729381,0.9045084971874737,0.0990311320975808,0.8019377358048383,0.8571428571428571,0.8571990868298829,0.8823529411764705,0.8333333333333333,1.0,0.1818181818181818,0.0,0.0,0.9330127018922193,0.7320508075688774,0.5,1.0,0.5,1.0,0.8571428571428571,0.859245847437613,0.8823529411764705,0.8333333333333333,1.0,0.1818181818181818,0.03333333333333333,0.16666666666666666,0.9330127018922193,0.7320508075688774,0.6045284632676534,0.9890738003669028,0.9009688679024191,0.8019377358048384,0.8571428571428571,0.8612926080453436,0.8823529411764705,0.8333333333333333,1.0,0.1818181818181818,0.06666666666666668,0.3333333333333333,0.9330127018922193,0.7320508075688774,0.7044885311072939,0.9567727288213004,1.0,0.3568958678922095
0.8571428571428571,0.7500393607809177,0.8823529411764705,0.8333333333333333,1.0,0.0,0.1,0.0,0.5,1.0,0.7955114688927061,0.9045084971874737,0.5,1.0,0.8571428571428571,0.7519089978745179,0.8823529411764705,0.8333333333333333,1.0,0.0,0.13333333333333333,0.16666666666666666,0.5,1.0,0.8736191374661522,0.8345653031794291,0.9009688679024191,0.8019377358048384,0.7999999999999999,0.7537983153585768,0.8235294117647057,0.7777777777777777,1.0,0.0,0.16666666666666669,0.3333333333333333,0.5,1.0,0.9353978569087953,0.75,1.0,0.3568958678922095,0.7999999999999999,0.7556679524521766,0.8235294117647057,0.7777777777777777,1.0,0.0,0.2,0.5,0.5,1.0,0.9781476007338057,0.6545084971874737,0.7225209339563144,5.551115123125783e-17,0.7999999999999999,0.7575375895457768,0.8235294117647057,0.7777777777777777,1.0,0.0,0.23333333333333334,0.6666666666666666,0.5,1.0,1.0,0.5522642316338269,0.27747906604368566,0.0,0.7999999999999999,0.7594269070298356,0.8235294117647057,0.7777777777777777,1.0,0.0,0.26666666666666666,0.8333333333333333,0.5,1.0,1.0,0.44773576836617335,0.0,0.3568958678922094,0.7999999999999999,0.7613359049043531,0.8235294117647057,0.7777777777777777,1.0,0.0,0.3,1.0,0.5,1.0,0.9781476007338057,0.34549150281252633,0.0990311320975808,0.8019377358048383,0.7999999999999999,0.7632645831693301,0.8235294117647057,0.7777777777777777,1.0,0.0,0.3333333333333333,0.0,0.5,1.0,0.9353978569087953,0.2500000000000001,0.5,1.0,0.7999999999999999,0.7651342202629299,0.8235294117647057,0.7777777777777777,1.0,0.0,0.3666666666666667,0.16666666666666666,0.5,1.0,0.8736191374661523,0.16543469682057105,0.9009688679024191,0.8019377358048384,0.7999999999999999,0.7670628985279069,0.8235294117647057,0.7777777777777777,1.0,0.0,0.4,0.3333333333333333,0.5,1.0,0.7955114688927061,0.09549150281252633,1.0,0.3568958678922095,0.7999999999999999,0.7689522160119657,0.8235294117647057,0.7777777777777777,1.0,0.0,0.43333333333333335,0.5,0.5,1.0,0.704488531107294,0.04322727117869962,0.7225209339563144,5.551115123125783e-17,0.7999999999999999,0.7708218531055655,0.8235294117647057,0.7777777777777777,1.0,0.0,0.4666666666666667,0.6666666666666666,0.5,1.0,0.6045284632676536,0.010926199633097211,0.27747906604368566,0.0,0.7999999999999999,0.7726718098087066,0.8235294117647057,0.7777777777777777,1.0,0.0,0.5,0.8333333333333333,0.5,1.0,0.5000000000000001,0.0,0.0,0.3568958678922094,0.7999999999999999,0.7745611272927655,0.8235294117647057,0.7777777777777777,1.0,0.0,0.5333333333333333,1.0,0.5,1.0,0.3954715367323467,0.010926199633097156,0.0990311320975808,0.8019377358048383,0.8571428571428571,0.7763914036054476,0.8823529411764705,0.8333333333333333,1.0,0.0,0.5666666666666667,0.0,0.5,1.0,0.29551146889270624,0.043227271178699456,0.5,1.0,0.8571428571428571,0.7782807210895064,0.8823529411764705,0.8333333333333333,1.0,0.0,0.6,0.16666666666666666,0.5,1.0,0.20448853110729398,0.09549150281252627,0.9009688679024191,0.8019377358048384,0.8571428571428571,0.7801897189640243,0.8823529411764705,0.8333333333333333,1.0,0.0,0.6333333333333333,0.3333333333333333,0.5,1.0,0.12638086253384795,0.16543469682057077,1.0,0.3568958678922095,0.8571428571428571,0.7820593560576241,0.8823529411764705,0.8333333333333333,1.0,0.0,0.6666666666666666,0.5,0.5,1.0,0.06460214309120482,0.24999999999999978,0.7225209339563144,5.551115123125783e-17,0.8571428571428571,0.7839880343226011,0.8823529411764705,0.8333333333333333,1.0,0.0,0.7,0.6666666666666666,0.5,1.0,0.021852399266194367,0.3454915028125262,0.27747906604368566,0.0,0.8571428571428571,0.7858970321971186,0.8823529411764705,0.8333333333333333,1.0,0.0,0.7333333333333333,0.8333333333333333,0.5,1.0,0.0,0.4477357683661729,0.0,0.3568958678922094,0.8571428571428571,0.7878257104620956,0.8823529411764705,0.8333333333333333,1.0,0.0,0.7666666666666667,1.0,0.5,1.0,0.0,0.5522642316338265,0.0990311320975808,0.8019377358048383,0.8571428571428571,0.7897543887270722,0.8823529411764705,0.8333333333333333,1.0,0.0,0.8,0.0,0.5,1.0,0.02185239926619431,0.6545084971874736,0.5,1.0,0.8571428571428571,0.7916830669920492,0.8823529411764705,0.8333333333333333,1.0,0.0,0.8333333333333334,0.16666666666666666,0.5,1.0,0.06460214309120454,0.7499999999999997,0.9009688679024191,0.8019377358048384,0.8571428571428571,0.7935920648665671,0.8823529411764705,0.8333333333333333,1.0,0.0,0.8666666666666667,0.3333333333333333,0.5,1.0,0.12638086253384767,0.8345653031794289,1.0,0.3568958678922095,0.8571428571428571,0.7955010627410846,0.8823529411764705,0.8333333333333333,1.0,0.0,0.9,0.5,0.5,1.0,0.20448853110729381,0.9045084971874737,0.7225209339563144,5.551115123125783e-17,0.8571428571428571,0.7974494213965206,0.8823529411764705,0.8333333333333333,1.0,0.0,0.9333333333333333,0.6666666666666666,0.5,1.0,0.2955114688927057,0.9567727288213003,0.27747906604368566,0.0,0.8571428571428571,0.7993780996614972,0.8823529411764705,0.8333333333333333,1.0,0.0,0.9666666666666667,0.8333333333333333,0.5,1.0,0.39547153673234625,0.9890738003669028,0.0,0.3568958678922094,0.8571428571428571,0.8013067779264742,0.8823529411764705,0.8333333333333333,1.0,0.0,0.9999999999999999,1.0,0.5,1.0,0.4999999999999999,1.0,0.0990311320975808,0.8019377358048383,0.8571428571428571,0.8032157758009917,0.8823529411764705,0.8333333333333333,1.0,0.09090909090909091,0.0,0.0,0.75,0.9282032302755092,0.5,1.0,0.5,1.0,0.8571428571428571,0.8051247736755096,0.8823529411764705,0.8333333333333333,1.0,0.09090909090909091,0.03333333333333333,0.16666666666666666,0.75,0.9282032302755092,0.6045284632676534,0.9890738003669028,0.9009688679024191,0.8019377358048384,0.8571428571428571,0.8068369676454381,0.8823529411764705,0.8333333333333333,1.0,0.09090909090909091,0.06666666666666668,0.3333333333333333,0.75,0.9282032302755092,0.7044885311072939,0.9567727288213004,1.0,0.3568958678922095,0.8571428571428571,0.8086672439581202,0.8823529411764705,0.8333333333333333,1.0,0.09090909090909091,0.1,0.5,0.75,0.9282032302755092,0.7955114688927061,0.9045084971874737,0.7225209339563144,5.551115123125783e-17,0.8571428571428571,0.8104975202708022,0.8823529411764705,0.8333333333333333,1.0,0.09090909090909091,0.13333333333333333,0.6666666666666666,0.75,0.9282032302755092,0.8736191374661522,0.8345653031794291,0.27747906604368566,0.0,0.8571428571428571,0.8123868377548611,0.8823529411764705,0.8333333333333333,1.0,0.09090909090909091,0.16666666666666669,0.8333333333333333,0.75,0.9282032302755092,0.9353978569087953,0.75,0.0,0.3568958678922094,0.8857142857142858,0.814295835629379,0.8823529411764705,0.8888888888888888,1.0,0.09090909090909091,0.2,1.0,0.75,0.9282032302755092,0.9781476007338057,0.6545084971874737,0.0990311320975808,0.8019377358048383,0.8571428571428571,0.8162245138943556,0.8823529411764705,0.8333333333333333,1.0,0.09090909090909091,0.23333333333333334,0.0,0.75,0.9282032302755092,1.0,0.5522642316338269,0.5,1.0,0.8571428571428571,0.8181925529402503,0.8823529411764705,0.8333333333333333,1.0,0.09090909090909091,0.26666666666666666,0.16666666666666666,0.75,0.9282032302755092,1.0,0.44773576836617335,0.9009688679024191,0.8019377358048384,0.8571428571428571,0.8201212312052273,0.8823529411764705,0.8333333333333333,1.0,0.09090909090909091,0.3,0.3333333333333333,0.75,0.9282032302755092,0.9781476007338057,0.34549150281252633,1.0,0.3568958678922095,0.8571428571428571,0.8221089506415806,0.8823529411764705,0.8333333333333333,1.0,0.09090909090909091,0.3333333333333333,0.5,0.75,0.9282032302755092,0.9353978569087953,0.2500000000000001,0.7225209339563144,5.551115123125783e-17,0.8571428571428571,0.8240573092970163,0.8823529411764705,0.8333333333333333,1.0,0.09090909090909091,0.3666666666666667,0.6666666666666666,0.75,0.9282032302755092,0.8736191374661523,0.16543469682057105,0.27747906604368566,0.0,0.8571428571428571,0.826025348342911,0.8823529411764705,0.8333333333333333,1.0,0.09090909090909091,0.4,0.8333333333333333,0.75,0.9282032302755092,0.7955114688927061,0.09549150281252633,0.0,0.3568958678922094,0.8571428571428571,0.8279933873888057,0.8823529411764705,0.8333333333333333,1.0,0.09090909090909091,0.43333333333333335,1.0,0.75,0.9282032302755092,0.704488531107294,0.04322727117869962,0.0990311320975808,0.8019377358048383,0.8571428571428571,0.8299614264347004,0.8823529411764705,0.8333333333333333,1.0,0.09090909090909091,0.4666666666666667,0.0,0.75,0.9282032302755092,0.6045284632676536,0.010926199633097211,0.5,1.0,0.8571428571428571,0.8319294654805951,0.8823529411764705,0.8333333333333333,1.0,0.09090909090909091,0.5,0.16666666666666666,0.75,0.9282032302755092,0.5000000000000001,0.0,0.9009688679024191,0.8019377358048384,0.8571428571428571,0.8339368653074075,0.8823529411764705,0.8333333333333333,1.0,0.09090909090909091,0.5333333333333333,0.3333333333333333,0.75,0.9282032302755092,0.3954715367323467,0.010926199633097156,1.0,0.3568958678922095,0.8571428571428571,0.8358852239628436,0.8823529411764705,0.8333333333333333,1.0,0.09090909090909091,0.5666666666666667,0.5,0.75,0.9282032302755092,0.29551146889270624,0.043227271178699456,0.7225209339563144,5.551115123125783e-17,0.7999999999999999,0.837892623789656,0.8235294117647057,0.7777777777777777,1.0,0.09090909090909091,0.6,0.6666666666666666,0.75,0.9282032302755092,0.20448853110729398,0.09549150281252627,0.27747906604368566,0.0,0.8571428571428571,0.8398213020546326,0.8823529411764705,0.8333333333333333,1.0,0.09090909090909091,0.6333333333333333,0.8333333333333333,0.75,0.9282032302755092,0.12638086253384795,0.16543469682057077,0.0,0.3568958678922094,0.8857142857142858,0.8417106195386914,0.8823529411764705,0.8888888888888888,1.0,0.09090909090909091,0.6666666666666666,1.0,0.75,0.9282032302755092,0.06460214309120482,0.24999999999999978,0.0990311320975808,0.8019377358048383,0.8571428571428571,0.8436196174132093,0.8823529411764705,0.8333333333333333,1.0,0.09090909090909091,0.7,0.0,0.75,0.9282032302755092,0.021852399266194367,0.3454915028125262,0.5,1.0,0.8571428571428571,0.8455286152877273,0.8823529411764705,0.8333333333333333,1.0,0.09090909090909091,0.7333333333333333,0.16666666666666666,0.75,0.9282032302755092,0.0,0.4477357683661729,0.9009688679024191,0.8019377358048384,0.8571428571428571,0.8473785719908684,0.8823529411764705,0.8333333333333333,1.0,0.09090909090909091,0.7666666666666667,0.3333333333333333,0.75,0.9282032302755092,0.0,0.5522642316338265,1.0,0.3568958678922095,0.8571428571428571,0.849326930646304,0.8823529411764705,0.8333333333333333,1.0,0.09090909090909091,0.8,0.5,0.75,0.9282032302755092,0.02185239926619431,0.6545084971874736,0.7225209339563144,5.551115123125783e-17,0.8571428571428571,0.8513343304731165,0.8823529411764705,0.8333333333333333,1.0,0.09090909090909091,0.8333333333333334,0.6666666666666666,0.75,0.9282032302755092,0.06460214309120454,0.7499999999999997,0.27747906604368566,0.0,0.8571428571428571,0.8532630087380935,0.8823529411764705,0.8333333333333333,1.0,0.09090909090909091,0.8666666666666667,0.8333333333333333,0.75,0.9282032302755092,0.12638086253384767,0.8345653031794289,0.0,0.3568958678922094,0.8571428571428571,0.8552310477839882,0.8823529411764705,0.8333333333333333,1.0,0.09090909090909091,0.9,1.0,0.75,0.9282032302755092,0.20448853110729381,0.9045084971874737,0.0990311320975808,0.8019377358048383,0.8571428571428571,0.8571990868298829,0.8823529411764705,0.8333333333333333,1.0,0.1818181818181818,0.0,0.0,0.9330127018922193,0.7320508075688774,0.5,1.0,0.5,1.0,0.8571428571428571,0.859245847437613,0.8823529411764705,0.8333333333333333,1.0,0.1818181818181818,0.03333333333333333,0.16666666666666666,0.9330127018922193,0.7320508075688774,0.6045284632676534,0.9890738003669028,0.9009688679024191,0.8019377358048384,0.8571428571428571,0.8612926080453436,0.8823529411764705,0.8333333333333333,1.0,0.1818181818181818,0.06666666666666668,0.3333333333333333,0.9330127018922193,0.7320508075688774,0.7044885311072939,0.9567727288213004,1.0,0.3568958678922095,0.8571428571428571,0.863300007872156,0.8823529411764705,0.8333333333333333,1.0,0.1818181818181818,0.13333333333333333,0.6666666666666666,0.9330127018922193,0.7320508075688774,0.8736191374661522,0.8345653031794291,0.27747906604368566,0.0
0.8571428571428571,0.7519089978745179,0.8823529411764705,0.8333333333333333,1.0,0.0,0.13333333333333333,0.16666666666666666,0.5,1.0,0.8736191374661522,0.8345653031794291,0.9009688679024191,0.8019377358048384,0.7999999999999999,0.7537983153585768,0.8235294117647057,0.7777777777777777,1.0,0.0,0.16666666666666669,0.3333333333333333,0.5,1.0,0.9353978569087953,0.75,1.0,0.3568958678922095,0.7999999999999999,0.7556679524521766,0.8235294117647057,0.7777777777777777,1.0,0.0,0.2,0.5,0.5,1.0,0.9781476007338057,0.6545084971874737,0.7225209339563144,5.551115123125783e-17,0.7999999999999999,0.7575375895457768,0.8235294117647057,0.7777777777777777,1.0,0.0,0.23333333333333334,0.6666666666666666,0.5,1.0,1.0,0.5522642316338269,0.27747906604368566,0.0,0.7999999999999999,0.7594269070298356,0.8235294117647057,0.7777777777777777,1.0,0.0,0.26666666666666666,0.8333333333333333,0.5,1.0,1.0,0.44773576836617335,0.0,0.3568958678922094,0.7999999999999999,0.7613359049043531,0.8235294117647057,0.7777777777777777,1.0,0.0,0.3,1.0,0.5,1.0,0.9781476007338057,0.34549150281252633,0.0990311320975808,0.8019377358048383,0.7999999999999999,0.7632645831693301,0.8235294117647057,0.7777777777777777,1.0,0.0,0.3333333333333333,0.0,0.5,1.0,0.9353978569087953,0.2500000000000001,0.5,1.0,0.7999999999999999,0.7651342202629299,0.8235294117647057,0.7777777777777777,1.0,0.0,0.3666666666666667,0.16666666666666666,0.5,1.0,0.8736191374661523,0.16543469682057105,0.9009688679024191,0.8019377358048384,0.7999999999999999,0.7670628985279069,0.8235294117647057,0.7777777777777777,1.0,0.0,0.4,0.3333333333333333,0.5,1.0,0.7955114688927061,0.09549150281252633,1.0,0.3568958678922095,0.7999999999999999,0.7689522160119657,0.8235294117647057,0.7777777777777777,1.0,0.0,0.43333333333333335,0.5,0.5,1.0,0.704488531107294,0.04322727117869962,0.7225209339563144,5.551115123125783e-17,0.7999999999999999,0.7708218531055655,0.8235294117647057,0.7777777777777777,1.0,0.0,0.4666666666666667,0.6666666666666666,0.5,1.0,0.6045284632676536,0.010926199633097211,0.27747906604368566,0.0,0.7999999999999999,0.7726718098087066,0.8235294117647057,0.7777777777777777,1.0,0.0,0.5,0.8333333333333333,0.5,1.0,0.5000000000000001,0.0,0.0,0.3568958678922094,0.7999999999999999,0.7745611272927655,0.8235294117647057,0.7777777777777777,1.0,0.0,0.5333333333333333,1.0,0.5,1.0,0.3954715367323467,0.010926199633097156,0.0990311320975808,0.8019377358048383,0.8571428571428571,0.7763914036054476,0.8823529411764705,0.8333333333333333,1.0,0.0,0.5666666666666667,0.0,0.5,1.0,0.29551146889270624,0.043227271178699456,0.5,1.0,0.8571428571428571,0.7782807210895064,0.8823529411764705,0.8333333333333333,1.0,0.0,0.6,0.16666666666666666,0.5,1.0,0.20448853110729398,0.09549150281252627,0.9009688679024191,0.8019377358048384,0.8571428571428571,0.7801897189640243,0.8823529411764705,0.8333333333333333,1.0,0.0,0.6333333333333333,0.3333333333333333,0.5,1.0,0.12638086253384795,0.16543469682057077,1.0,0.3568958678922095,0.8571428571428571,0.7820593560576241,0.8823529411764705,0.8333333333333333,1.0,0.0,0.6666666666666666,0.5,0.5,1.0,0.06460214309120482,0.24999999999999978,0.7225209339563144,5.551115123125783e-17,0.8571428571428571,0.7839880343226011,0.8823529411764705,0.8333333333333333,1.0,0.0,0.7,0.6666666666666666,0.5,1.0,0.021852399266194367,0.3454915028125262,0.27747906604368566,0.0,0.8571428571428571,0.7858970321971186,0.8823529411764705,0.8333333333333333,1.0,0.0,0.7333333333333333,0.8333333333333333,0.5,1.0,0.0,0.4477357683661729,0.0,0.3568958678922094,0.8571428571428571,0.7878257104620956,0.8823529411764705,0.8333333333333333,1.0,0.0,0.7666666666666667,1.0,0.5,1.0,0.0,0.5522642316338265,0.0990311320975808,0.8019377358048383,0.8571428571428571,0.7897543887270722,0.8823529411764705,0.8333333333333333,1.0,0.0,0.8,0.0,0.5,1.0,0.02185239926619431,0.6545084971874736,0.5,1.0,0.8571428571428571,0.7916830669920492,0.8823529411764705,0.8333333333333333,1.0,0.0,0.8333333333333334,0.16666666666666666,0.5,1.0,0.06460214309120454,0.7499999999999997,0.9009688679024191,0.8019377358048384,0.8571428571428571,0.7935920648665671,0.8823529411764705,0.8333333333333333,1.0,0.0,0.8666666666666667,0.3333333333333333,0.5,1.0,0.12638086253384767,0.8345653031794289,1.0,0.3568958678922095,0.8571428571428571,0.7955010627410846,0.8823529411764705,0.8333333333333333,1.0,0.0,0.9,0.5,0.5,1.0,0.20448853110729381,0.9045084971874737,0.7225209339563144,5.551115123125783e-17,0.8571428571428571,0.7974494213965206,0.8823529411764705,0.8333333333333333,1.0,0.0,0.9333333333333333,0.6666666666666666,0.5,1.0,0.2955114688927057,0.9567727288213003,0.27747906604368566,0.0,0.8571428571428571,0.7993780996614972,0.8823529411764705,0.8333333333333333,1.0,0.0,0.9666666666666667,0.8333333333333333,0.5,1.0,0.39547153673234625,0.9890738003669028,0.0,0.3568958678922094,0.8571428571428571,0.8013067779264742,0.8823529411764705,0.8333333333333333,1.0,0.0,0.9999999999999999,1.0,0.5,1.0,0.4999999999999999,1.0,0.0990311320975808,0.8019377358048383,0.8571428571428571,0.8032157758009917,0.8823529411764705,0.8333333333333333,1.0,0.09090909090909091,0.0,0.0,0.75,0.9282032302755092,0.5,1.0,0.5,1.0,0.8571428571428571,0.8051247736755096,0.8823529411764705,0.8333333333333333,1.0,0.09090909090909091,0.03333333333333333,0.16666666666666666,0.75,0.9282032302755092,0.6045284632676534,0.9890738003669028,0.9009688679024191,0.8019377358048384,0.8571428571428571,0.8068369676454381,0.8823529411764705,0.8333333333333333,1.0,0.09090909090909091,0.06666666666666668,0.3333333333333333,0.75,0.9282032302755092,0.7044885311072939,0.9567727288213004,1.0,0.3568958678922095,0.8571428571428571,0.8086672439581202,0.8823529411764705,0.8333333333333333,1.0,0.09090909090909091,0.1,0.5,0.75,0.9282032302755092,0.7955114688927061,0.9045084971874737,0.7225209339563144,5.551115123125783e-17,0.8571428571428571,0.8104975202708022,0.8823529411764705,0.8333333333333333,1.0,0.09090909090909091,0.13333333333333333,0.6666666666666666,0.75,0.9282032302755092,0.8736191374661522,0.8345653031794291,0.27747906604368566,0.0,0.8571428571428571,0.8123868377548611,0.8823529411764705,0.8333333333333333,1.0,0.09090909090909091,0.16666666666666669,0.8333333333333333,0.75,0.9282032302755092,0.9353978569087953,0.75,0.0,0.3568958678922094,0.8857142857142858,0.814295835629379,0.8823529411764705,0.8888888888888888,1.0,0.09090909090909091,0.2,1.0,0.75,0.9282032302755092,0.9781476007338057,0.6545084971874737,0.0990311320975808,0.8019377358048383,0.8571428571428571,0.8162245138943556,0.8823529411764705,0.8333333333333333,1.0,0.09090909090909091,0.23333333333333334,0.0,0.75,0.9282032302755092,1.0,0.5522642316338269,0.5,1.0,0.8571428571428571,0.8181925529402503,0.8823529411764705,0.8333333333333333,1.0,0.09090909090909091,0.26666666666666666,0.16666666666666666,0.75,0.9282032302755092,1.0,0.44773576836617335,0.9009688679024191,0.8019377358048384,0.8571428571428571,0.8201212312052273,0.8823529411764705,0.8333333333333333,1.0,0.09090909090909091,0.3,0.3333333333333333,0.75,0.9282032302755092,0.9781476007338057,0.34549150281252633,1.0,0.3568958678922095,0.8571428571428571,0.8221089506415806,0.8823529411764705,0.8333333333333333,1.0,0.09090909090909091,0.3333333333333333,0.5,0.75,0.9282032302755092,0.9353978569087953,0.2500000000000001,0.7225209339563144,5.551115123125783e-17,0.8571428571428571,0.8240573092970163,0.8823529411764705,0.8333333333333333,1.0,0.09090909090909091,0.3666666666666667,0.6666666666666666,0.75,0.9282032302755092,0.8736191374661523,0.16543469682057105,0.27747906604368566,0.0,0.8571428571428571,0.826025348342911,0.8823529411764705,0.8333333333333333,1.0,0.09090909090909091,0.4,0.8333333333333333,0.75,0.9282032302755092,0.7955114688927061,0.09549150281252633,0.0,0.3568958678922094,0.8571428571428571,0.8279933873888057,0.8823529411764705,0.8333333333333333,1.0,0.09090909090909091,0.43333333333333335,1.0,0.75,0.9282032302755092,0.704488531107294,0.04322727117869962,0.0990311320975808,0.8019377358048383,0.8571428571428571,0.8299614264347004,0.8823529411764705,0.8333333333333333,1.0,0.09090909090909091,0.4666666666666667,0.0,0.75,0.9282032302755092,0.6045284632676536,0.010926199633097211,0.5,1.0,0.8571428571428571,0.8319294654805951,0.8823529411764705,0.8333333333333333,1.0,0.09090909090909091,0.5,0.16666666666666666,0.75,0.9282032302755092,0.5000000000000001,0.0,0.9009688679024191,0.8019377358048384,0.8571428571428571,0.8339368653074075,0.8823529411764705,0.8333333333333333,1.0,0.09090909090909091,0.5333333333333333,0.3333333333333333,0.75,0.9282032302755092,0.3954715367323467,0.010926199633097156,1.0,0.3568958678922095,0.8571428571428571,0.8358852239628436,0.8823529411764705,0.8333333333333333,1.0,0.09090909090909091,0.5666666666666667,0.5,0.75,0.9282032302755092,0.29551146889270624,0.043227271178699456,0.7225209339563144,5.551115123125783e-17,0.7999999999999999,0.837892623789656,0.8235294117647057,0.7777777777777777,1.0,0.09090909090909091,0.6,0.6666666666666666,0.75,0.9282032302755092,0.20448853110729398,0.09549150281252627,0.27747906604368566,0.0,0.8571428571428571,0.8398213020546326,0.8823529411764705,0.8333333333333333,1.0,0.09090909090909091,0.6333333333333333,0.8333333333333333,0.75,0.9282032302755092,0.12638086253384795,0.16543469682057077,0.0,0.3568958678922094,0.8857142857142858,0.8417106195386914,0.8823529411764705,0.8888888888888888,1.0,0.09090909090909091,0.6666666666666666,1.0,0.75,0.9282032302755092,0.06460214309120482,0.24999999999999978,0.0990311320975808,0.8019377358048383,0.8571428571428571,0.8436196174132093,0.8823529411764705,0.8333333333333333,1.0,0.09090909090909091,0.7,0.0,0.75,0.9282032302755092,0.021852399266194367,0.3454915028125262,0.5,1.0,0.8571428571428571,0.8455286152877273,0.8823529411764705,0.8333333333333333,1.0,0.09090909090909091,0.7333333333333333,0.16666666666666666,0.75,0.9282032302755092,0.0,0.4477357683661729,0.9009688679024191,0.8019377358048384,0.8571428571428571,0.8473785719908684,0.8823529411764705,0.8333333333333333,1.0,0.09090909090909091,0.7666666666666667,0.3333333333333333,0.75,0.9282032302755092,0.0,0.5522642316338265,1.0,0.3568958678922095,0.8571428571428571,0.849326930646304,0.8823529411764705,0.8333333333333333,1.0,0.09090909090909091,0.8,0.5,0.75,0.9282032302755092,0.02185239926619431,0.6545084971874736,0.7225209339563144,5.551115123125783e-17,0.8571428571428571,0.8513343304731165,0.8823529411764705,0.8333333333333333,1.0,0.09090909090909091,0.8333333333333334,0.6666666666666666,0.75,0.9282032302755092,0.06460214309120454,0.7499999999999997,0.27747906604368566,0.0,0.8571428571428571,0.8532630087380935,0.8823529411764705,0.8333333333333333,1.0,0.09090909090909091,0.8666666666666667,0.8333333333333333,0.75,0.9282032302755092,0.12638086253384767,0.8345653031794289,0.0,0.3568958678922094,0.8571428571428571,0.8552310477839882,0.8823529411764705,0.8333333333333333,1.0,0.09090909090909091,0.9,1.0,0.75,0.9282032302755092,0.20448853110729381,0.9045084971874737,0.0990311320975808,0.8019377358048383,0.8571428571428571,0.8571990868298829,0.8823529411764705,0.8333333333333333,1.0,0.1818181818181818,0.0,0.0,0.9330127018922193,0.7320508075688774,0.5,1.0,0.5,1.0,0.8571428571428571,0.859245847437613,0.8823529411764705,0.8333333333333333,1.0,0.1818181818181818,0.03333333333333333,0.16666666666666666,0.9330127018922193,0.7320508075688774,0.6045284632676534,0.9890738003669028,0.9009688679024191,0.8019377358048384,0.8571428571428571,0.8612926080453436,0.8823529411764705,0.8333333333333333,1.0,0.1818181818181818,0.06666666666666668,0.3333333333333333,0.9330127018922193,0.7320508075688774,0.7044885311072939,0.9567727288213004,1.0,0.3568958678922095,0.8571428571428571,0.863300007872156,0.8823529411764705,0.8333333333333333,1.0,0.1818181818181818,0.13333333333333333,0.6666666666666666,0.9330127018922193,0.7320508075688774,0.8736191374661522,0.8345653031794291,0.27747906604368566,0.0,0.8571428571428571,0.8653467684798866,0.8823529411764705,0.8333333333333333,1.0,0.1818181818181818,0.16666666666666669,0.8333333333333333,0.9330127018922193,0.7320508075688774,0.9353978569087953,0.75,0.0,0.3568958678922094
0.7999999999999999,0.7537983153585768,0.8235294117647057,0.7777777777777777,1.0,0.0,0.16666666666666669,0.3333333333333333,0.5,1.0,0.9353978569087953,0.75,1.0,0.3568958678922095,0.7999999999999999,0.7556679524521766,0.8235294117647057,0.7777777777777777,1.0,0.0,0.2,0.5,0.5,1.0,0.9781476007338057,0.6545084971874737,0.7225209339563144,5.551115123125783e-17,0.7999999999999999,0.7575375895457768,0.8235294117647057,0.7777777777777777,1.0,0.0,0.23333333333333334,0.6666666666666666,0.5,1.0,1.0,0.5522642316338269,0.27747906604368566,0.0,0.7999999999999999,0.7594269070298356,0.8235294117647057,0.7777777777777777,1.0,0.0,0.26666666666666666,0.8333333333333333,0.5,1.0,1.0,0.44773576836617335,0.0,0.3568958678922094,0.7999999999999999,0.7613359049043531,0.8235294117647057,0.7777777777777777,1.0,0.0,0.3,1.0,0.5,1.0,0.9781476007338057,0.34549150281252633,0.0990311320975808,0.8019377358048383,0.7999999999999999,0.7632645831693301,0.8235294117647057,0.7777777777777777,1.0,0.0,0.3333333333333333,0.0,0.5,1.0,0.9353978569087953,0.2500000000000001,0.5,1.0,0.7999999999999999,0.7651342202629299,0.8235294117647057,0.7777777777777777,1.0,0.0,0.3666666666666667,0.16666666666666666,0.5,1.0,0.8736191374661523,0.16543469682057105,0.9009688679024191,0.8019377358048384,0.7999999999999999,0.7670628985279069,0.8235294117647057,0.7777777777777777,1.0,0.0,0.4,0.3333333333333333,0.5,1.0,0.7955114688927061,0.09549150281252633,1.0,0.3568958678922095,0.7999999999999999,0.7689522160119657,0.8235294117647057,0.7777777777777777,1.0,0.0,0.43333333333333335,0.5,0.5,1.0,0.704488531107294,0.04322727117869962,0.7225209339563144,5.551115123125783e-17,0.7999999999999999,0.7708218531055655,0.8235294117647057,0.7777777777777777,1.0,0.0,0.4666666666666667,0.6666666666666666,0.5,1.0,0.6045284632676536,0.010926199633097211,0.27747906604368566,0.0,0.7999999999999999,0.7726718098087066,0.8235294117647057,0.7777777777777777,1.0,0.0,0.5,0.8333333333333333,0.5,1.0,0.5000000000000001,0.0,0.0,0.3568958678922094,0.7999999999999999,0.7745611272927655,0.8235294117647057,0.7777777777777777,1.0,0.0,0.5333333333333333,1.0,0.5,1.0,0.3954715367323467,0.010926199633097156,0.0990311320975808,0.8019377358048383,0.8571428571428571,0.7763914036054476,0.8823529411764705,0.8333333333333333,1.0,0.0,0.5666666666666667,0.0,0.5,1.0,0.29551146889270624,0.043227271178699456,0.5,1.0,0.8571428571428571,0.7782807210895064,0.8823529411764705,0.8333333333333333,1.0,0.0,0.6,0.16666666666666666,0.5,1.0,0.20448853110729398,0.09549150281252627,0.9009688679024191,0.8019377358048384,0.8571428571428571,0.7801897189640243,0.8823529411764705,0.8333333333333333,1.0,0.0,0.6333333333333333,0.3333333333333333,0.5,1.0,0.12638086253384795,0.16543469682057077,1.0,0.3568958678922095,0.8571428571428571,0.7820593560576241,0.8823529411764705,0.8333333333333333,1.0,0.0,0.6666666666666666,0.5,0.5,1.0,0.06460214309120482,0.24999999999999978,0.7225209339563144,5.551115123125783e-17,0.8571428571428571,0.7839880343226011,0.8823529411764705,0.8333333333333333,1.0,0.0,0.7,0.6666666666666666,0.5,1.0,0.021852399266194367,0.3454915028125262,0.27747906604368566,0.0,0.8571428571428571,0.7858970321971186,0.8823529411764705,0.8333333333333333,1.0,0.0,0.7333333333333333,0.8333333333333333,0.5,1.0,0.0,0.4477357683661729,0.0,0.3568958678922094,0.8571428571428571,0.7878257104620956,0.8823529411764705,0.8333333333333333,1.0,0.0,0.7666666666666667,1.0,0.5,1.0,0.0,0.5522642316338265,0.0990311320975808,0.8019377358048383,0.8571428571428571,0.7897543887270722,0.8823529411764705,0.8333333333333333,1.0,0.0,0.8,0.0,0.5,1.0,0.02185239926619431,0.6545084971874736,0.5,1.0,0.8571428571428571,0.7916830669920492,0.8823529411764705,0.8333333333333333,1.0,0.0,0.8333333333333334,0.16666666666666666,0.5,1.0,0.06460214309120454,0.7499999999999997,0.9009688679024191,0.8019377358048384,0.8571428571428571,0.7935920648665671,0.8823529411764705,0.8333333333333333,1.0,0.0,0.8666666666666667,0.3333333333333333,0.5,1.0,0.12638086253384767,0.8345653031794289,1.0,0.3568958678922095,0.8571428571428571,0.7955010627410846,0.8823529411764705,0.8333333333333333,1.0,0.0,0.9,0.5,0.5,1.0,0.20448853110729381,0.9045084971874737,0.7225209339563144,5.551115123125783e-17,0.8571428571428571,0.7974494213965206,0.8823529411764705,0.8333333333333333,1.0,0.0,0.9333333333333333,0.6666666666666666,0.5,1.0,0.2955114688927057,0.9567727288213003,0.27747906604368566,0.0,0.8571428571428571,0.7993780996614972,0.8823529411764705,0.8333333333333333,1.0,0.0,0.9666666666666667,0.8333333333333333,0.5,1.0,0.39547153673234625,0.9890738003669028,0.0,0.3568958678922094,0.8571428571428571,0.8013067779264742,0.8823529411764705,0.8333333333333333,1.0,0.0,0.9999999999999999,1.0,0.5,1.0,0.4999999999999999,1.0,0.0990311320975808,0.8019377358048383,0.8571428571428571,0.8032157758009917,0.8823529411764705,0.8333333333333333,1.0,0.09090909090909091,0.0,0.0,0.75,0.9282032302755092,0.5,1.0,0.5,1.0,0.8571428571428571,0.8051247736755096,0.8823529411764705,0.8333333333333333,1.0,0.09090909090909091,0.03333333333333333,0.16666666666666666,0.75,0.9282032302755092,0.6045284632676534,0.9890738003669028,0.9009688679024191,0.8019377358048384,0.8571428571428571,0.8068369676454381,0.8823529411764705,0.8333333333333333,1.0,0.09090909090909091,0.06666666666666668,0.3333333333333333,0.75,0.9282032302755092,0.7044885311072939,0.9567727288213004,1.0,0.3568958678922095,0.8571428571428571,0.8086672439581202,0.8823529411764705,0.8333333333333333,1.0,0.09090909090909091,0.1,0.5,0.75,0.9282032302755092,0.7955114688927061,0.9045084971874737,0.7225209339563144,5.551115123125783e-17,0.8571428571428571,0.8104975202708022,0.8823529411764705,0.8333333333333333,1.0,0.09090909090909091,0.13333333333333333,0.6666666666666666,0.75,0.9282032302755092,0.8736191374661522,0.8345653031794291,0.27747906604368566,0.0,0.8571428571428571,0.8123868377548611,0.8823529411764705,0.8333333333333333,1.0,0.09090909090909091,0.16666666666666669,0.8333333333333333,0.75,0.9282032302755092,0.9353978569087953,0.75,0.0,0.3568958678922094,0.8857142857142858,0.814295835629379,0.8823529411764705,0.8888888888888888,1.0,0.09090909090909091,0.2,1.0,0.75,0.9282032302755092,0.9781476007338057,0.6545084971874737,0.0990311320975808,0.8019377358048383,0.8571428571428571,0.8162245138943556,0.8823529411764705,0.8333333333333333,1.0,0.09090909090909091,0.23333333333333334,0.0,0.75,0.9282032302755092,1.0,0.5522642316338269,0.5,1.0,0.8571428571428571,0.8181925529402503,0.8823529411764705,0.8333333333333333,1.0,0.09090909090909091,0.26666666666666666,0.16666666666666666,0.75,0.9282032302755092,1.0,0.44773576836617335,0.9009688679024191,0.8019377358048384,0.8571428571428571,0.8201212312052273,0.8823529411764705,0.8333333333333333,1.0,0.09090909090909091,0.3,0.3333333333333333,0.75,0.9282032302755092,0.9781476007338057,0.34549150281252633,1.0,0.3568958678922095,0.8571428571428571,0.8221089506415806,0.8823529411764705,0.8333333333333333,1.0,0.09090909090909091,0.3333333333333333,0.5,0.75,0.9282032302755092,0.9353978569087953,0.2500000000000001,0.7225209339563144,5.551115123125783e-17,0.8571428571428571,0.8240573092970163,0.8823529411764705,0.8333333333333333,1.0,0.09090909090909091,0.3666666666666667,0.6666666666666666,0.75,0.9282032302755092,0.8736191374661523,0.16543469682057105,0.27747906604368566,0.0,0.8571428571428571,0.826025348342911,0.8823529411764705,0.8333333333333333,1.0,0.09090909090909091,0.4,0.8333333333333333,0.75,0.9282032302755092,0.7955114688927061,0.09549150281252633,0.0,0.3568958678922094,0.8571428571428571,0.8279933873888057,0.8823529411764705,0.8333333333333333,1.0,0.09090909090909091,0.43333333333333335,1.0,0.75,0.9282032302755092,0.704488531107294,0.04322727117869962,0.0990311320975808,0.8019377358048383,0.8571428571428571,0.8299614264347004,0.8823529411764705,0.8333333333333333,1.0,0.09090909090909091,0.4666666666666667,0.0,0.75,0.9282032302755092,0.6045284632676536,0.010926199633097211,0.5,1.0,0.8571428571428571,0.8319294654805951,0.8823529411764705,0.8333333333333333,1.0,0.09090909090909091,0.5,0.16666666666666666,0.75,0.9282032302755092,0.5000000000000001,0.0,0.9009688679024191,0.8019377358048384,0.8571428571428571,0.8339368653074075,0.8823529411764705,0.8333333333333333,1.0,0.09090909090909091,0.5333333333333333,0.3333333333333333,0.75,0.9282032302755092,0.3954715367323467,0.010926199633097156,1.0,0.3568958678922095,0.8571428571428571,0.8358852239628436,0.8823529411764705,0.8333333333333333,1.0,0.09090909090909091,0.5666666666666667,0.5,0.75,0.9282032302755092,0.29551146889270624,0.043227271178699456,0.7225209339563144,5.551115123125783e-17,0.7999999999999999,0.837892623789656,0.8235294117647057,0.7777777777777777,1.0,0.09090909090909091,0.6,0.6666666666666666,0.75,0.9282032302755092,0.20448853110729398,0.09549150281252627,0.27747906604368566,0.0,0.8571428571428571,0.8398213020546326,0.8823529411764705,0.8333333333333333,1.0,0.09090909090909091,0.6333333333333333,0.8333333333333333,0.75,0.9282032302755092,0.12638086253384795,0.16543469682057077,0.0,0.3568958678922094,0.8857142857142858,0.8417106195386914,0.8823529411764705,0.8888888888888888,1.0,0.09090909090909091,0.6666666666666666,1.0,0.75,0.9282032302755092,0.06460214309120482,0.24999999999999978,0.0990311320975808,0.8019377358048383,0.8571428571428571,0.8436196174132093,0.8823529411764705,0.8333333333333333,1.0,0.09090909090909091,0.7,0.0,0.75,0.9282032302755092,0.021852399266194367,0.3454915028125262,0.5,1.0,0.8571428571428571,0.8455286152877273,0.8823529411764705,0.8333333333333333,1.0,0.09090909090909091,0.7333333333333333,0.16666666666666666,0.75,0.9282032302755092,0.0,0.4477357683661729,0.9009688679024191,0.8019377358048384,0.8571428571428571,0.8473785719908684,0.8823529411764705,0.8333333333333333,1.0,0.09090909090909091,0.7666666666666667,0.3333333333333333,0.75,0.9282032302755092,0.0,0.5522642316338265,1.0,0.3568958678922095,0.8571428571428571,0.849326930646304,0.8823529411764705,0.8333333333333333,1.0,0.09090909090909091,0.8,0.5,0.75,0.9282032302755092,0.02185239926619431,0.6545084971874736,0.7225209339563144,5.551115123125783e-17,0.8571428571428571,0.8513343304731165,0.8823529411764705,0.8333333333333333,1.0,0.09090909090909091,0.8333333333333334,0.6666666666666666,0.75,0.9282032302755092,0.06460214309120454,0.7499999999999997,0.27747906604368566,0.0,0.8571428571428571,0.8532630087380935,0.8823529411764705,0.8333333333333333,1.0,0.09090909090909091,0.8666666666666667,0.8333333333333333,0.75,0.9282032302755092,0.12638086253384767,0.8345653031794289,0.0,0.3568958678922094,0.8571428571428571,0.8552310477839882,0.8823529411764705,0.8333333333333333,1.0,0.09090909090909091,0.9,1.0,0.75,0.9282032302755092,0.20448853110729381,0.9045084971874737,0.0990311320975808,0.8019377358048383,0.8571428571428571,0.8571990868298829,0.8823529411764705,0.8333333333333333,1.0,0.1818181818181818,0.0,0.0,0.9330127018922193,0.7320508075688774,0.5,1.0,0.5,1.0,0.8571428571428571,0.859245847437613,0.8823529411764705,0.8333333333333333,1.0,0.1818181818181818,0.03333333333333333,0.16666666666666666,0.9330127018922193,0.7320508075688774,0.6045284632676534,0.9890738003669028,0.9009688679024191,0.8019377358048384,0.8571428571428571,0.8612926080453436,0.8823529411764705,0.8333333333333333,1.0,0.1818181818181818,0.06666666666666668,0.3333333333333333,0.9330127018922193,0.7320508075688774,0.7044885311072939,0.9567727288213004,1.0,0.3568958678922095,0.8571428571428571,0.863300007872156,0.8823529411764705,0.8333333333333333,1.0,0.1818181818181818,0.13333333333333333,0.6666666666666666,0.9330127018922193,0.7320508075688774,0.8736191374661522,0.8345653031794291,0.27747906604368566,0.0,0.8571428571428571,0.8653467684798866,0.8823529411764705,0.8333333333333333,1.0,0.1818181818181818,0.16666666666666669,0.8333333333333333,0.9330127018922193,0.7320508075688774,0.9353978569087953,0.75,0.0,0.3568958678922094,0.8571428571428571,0.8673935290876171,0.8823529411764705,0.8333333333333333,1.0,0.1818181818181818,0.2,1.0,0.9330127018922193,0.7320508075688774,0.9781476007338057,0.6545084971874737,0.0990311320975808,0.8019377358048383
0.7999999999999999,0.7556679524521766,0.8235294117647057,0.7777777777777777,1.0,0.0,0.2,0.5,0.5,1.0,0.9781476007338057,0.6545084971874737,0.7225209339563144,5.551115123125783e-17,0.7999999999999999,0.7575375895457768,0.8235294117647057,0.7777777777777777,1.0,0.0,0.23333333333333334,0.6666666666666666,0.5,1.0,1.0,0.5522642316338269,0.27747906604368566,0.0,0.7999999999999999,0.7594269070298356,0.8235294117647057,0.7777777777777777,1.0,0.0,0.26666666666666666,0.8333333333333333,0.5,1.0,1.0,0.44773576836617335,0.0,0.3568958678922094,0.7999999999999999,0.7613359049043531,0.8235294117647057,0.7777777777777777,1.0,0.0,0.3,1.0,0.5,1.0,0.9781476007338057,0.34549150281252633,0.0990311320975808,0.8019377358048383,0.7999999999999999,0.7632645831693301,0.8235294117647057,0.7777777777777777,1.0,0.0,0.3333333333333333,0.0,0.5,1.0,0.9353978569087953,0.2500000000000001,0.5,1.0,0.7999999999999999,0.7651342202629299,0.8235294117647057,0.7777777777777777,1.0,0.0,0.3666666666666667,0.16666666666666666,0.5,1.0,0.8736191374661523,0.16543469682057105,0.9009688679024191,0.8019377358048384,0.7999999999999999,0.7670628985279069,0.8235294117647057,0.7777777777777777,1.0,0.0,0.4,0.3333333333333333,0.5,1.0,0.7955114688927061,0.09549150281252633,1.0,0.3568958678922095,0.7999999999999999,0.7689522160119657,0.8235294117647057,0.7777777777777777,1.0,0.0,0.43333333333333335,0.5,0.5,1.0,0.704488531107294,0.04322727117869962,0.7225209339563144,5.551115123125783e-17,0.7999999999999999,0.7708218531055655,0.8235294117647057,0.7777777777777777,1.0,0.0,0.4666666666666667,0.6666666666666666,0.5,1.0,0.6045284632676536,0.010926199633097211,0.27747906604368566,0.0,0.7999999999999999,0.7726718098087066,0.8235294117647057,0.7777777777777777,1.0,0.0,0.5,0.8333333333333333,0.5,1.0,0.5000000000000001,0.0,0.0,0.3568958678922094,0.7999999999999999,0.7745611272927655,0.8235294117647057,0.7777777777777777,1.0,0.0,0.5333333333333333,1.0,0.5,1.0,0.3954715367323467,0.010926199633097156,0.0990311320975808,0.8019377358048383,0.8571428571428571,0.7763914036054476,0.8823529411764705,0.8333333333333333,1.0,0.0,0.5666666666666667,0.0,0.5,1.0,0.29551146889270624,0.043227271178699456,0.5,1.0,0.8571428571428571,0.7782807210895064,0.8823529411764705,0.8333333333333333,1.0,0.0,0.6,0.16666666666666666,0.5,1.0,0.20448853110729398,0.09549150281252627,0.9009688679024191,0.8019377358048384,0.8571428571428571,0.7801897189640243,0.8823529411764705,0.8333333333333333,1.0,0.0,0.6333333333333333,0.3333333333333333,0.5,1.0,0.12638086253384795,0.16543469682057077,1.0,0.3568958678922095,0.8571428571428571,0.7820593560576241,0.8823529411764705,0.8333333333333333,1.0,0.0,0.6666666666666666,0.5,0.5,1.0,0.06460214309120482,0.24999999999999978,0.7225209339563144,5.551115123125783e-17,0.8571428571428571,0.7839880343226011,0.8823529411764705,0.8333333333333333,1.0,0.0,0.7,0.6666666666666666,0.5,1.0,0.021852399266194367,0.3454915028125262,0.27747906604368566,0.0,0.8571428571428571,0.7858970321971186,0.8823529411764705,0.8333333333333333,1.0,0.0,0.7333333333333333,0.8333333333333333,0.5,1.0,0.0,0.4477357683661729,0.0,0.3568958678922094,0.8571428571428571,0.7878257104620956,0.8823529411764705,0.8333333333333333,1.0,0.0,0.7666666666666667,1.0,0.5,1.0,0.0,0.5522642316338265,0.0990311320975808,0.8019377358048383,0.8571428571428571,0.7897543887270722,0.8823529411764705,0.8333333333333333,1.0,0.0,0.8,0.0,0.5,1.0,0.02185239926619431,0.6545084971874736,0.5,1.0,0.8571428571428571,0.7916830669920492,0.8823529411764705,0.8333333333333333,1.0,0.0,0.8333333333333334,0.16666666666666666,0.5,1.0,0.06460214309120454,0.7499999999999997,0.9009688679024191,0.8019377358048384,0.8571428571428571,0.7935920648665671,0.8823529411764705,0.8333333333333333,1.0,0.0,0.8666666666666667,0.3333333333333333,0.5,1.0,0.12638086253384767,0.8345653031794289,1.0,0.3568958678922095,0.8571428571428571,0.7955010627410846,0.8823529411764705,0.8333333333333333,1.0,0.0,0.9,0.5,0.5,1.0,0.20448853110729381,0.9045084971874737,0.7225209339563144,5.551115123125783e-17,0.8571428571428571,0.7974494213965206,0.8823529411764705,0.8333333333333333,1.0,0.0,0.9333333333333333,0.6666666666666666,0.5,1.0,0.2955114688927057,0.9567727288213003,0.27747906604368566,0.0,0.8571428571428571,0.7993780996614972,0.8823529411764705,0.8333333333333333,1.0,0.0,0.9666666666666667,0.8333333333333333,0.5,1.0,0.39547153673234625,0.9890738003669028,0.0,0.3568958678922094,0.8571428571428571,0.8013067779264742,0.8823529411764705,0.8333333333333333,1.0,0.0,0.9999999999999999,1.0,0.5,1.0,0.4999999999999999,1.0,0.0990311320975808,0.8019377358048383,0.8571428571428571,0.8032157758009917,0.8823529411764705,0.8333333333333333,1.0,0.09090909090909091,0.0,0.0,0.75,0.9282032302755092,0.5,1.0,0.5,1.0,0.8571428571428571,0.8051247736755096,0.8823529411764705,0.8333333333333333,1.0,0.09090909090909091,0.03333333333333333,0.16666666666666666,0.75,0.9282032302755092,0.6045284632676534,0.9890738003669028,0.9009688679024191,0.8019377358048384,0.8571428571428571,0.8068369676454381,0.8823529411764705,0.8333333333333333,1.0,0.09090909090909091,0.06666666666666668,0.3333333333333333,0.75,0.9282032302755092,0.7044885311072939,0.9567727288213004,1.0,0.3568958678922095,0.8571428571428571,0.8086672439581202,0.8823529411764705,0.8333333333333333,1.0,0.09090909090909091,0.1,0.5,0.75,0.9282032302755092,0.7955114688927061,0.9045084971874737,0.7225209339563144,5.551115123125783e-17,0.8571428571428571,0.8104975202708022,0.8823529411764705,0.8333333333333333,1.0,0.09090909090909091,0.13333333333333333,0.6666666666666666,0.75,0.9282032302755092,0.8736191374661522,0.8345653031794291,0.27747906604368566,0.0,0.8571428571428571,0.8123868377548611,0.8823529411764705,0.8333333333333333,1.0,0.09090909090909091,0.16666666666666669,0.8333333333333333,0.75,0.9282032302755092,0.9353978569087953,0.75,0.0,0.3568958678922094,0.8857142857142858,0.814295835629379,0.8823529411764705,0.8888888888888888,1.0,0.09090909090909091,0.2,1.0,0.75,0.9282032302755092,0.9781476007338057,0.6545084971874737,0.0990311320975808,0.8019377358048383,0.8571428571428571,0.8162245138943556,0.8823529411764705,0.8333333333333333,1.0,0.09090909090909091,0.23333333333333334,0.0,0.75,0.9282032302755092,1.0,0.5522642316338269,0.5,1.0,0.8571428571428571,0.8181925529402503,0.8823529411764705,0.8333333333333333,1.0,0.09090909090909091,0.26666666666666666,0.16666666666666666,0.75,0.9282032302755092,1.0,0.44773576836617335,0.9009688679024191,0.8019377358048384,0.8571428571428571,0.8201212312052273,0.8823529411764705,0.8333333333333333,1.0,0.09090909090909091,0.3,0.3333333333333333,0.75,0.9282032302755092,0.9781476007338057,0.34549150281252633,1.0,0.3568958678922095,0.8571428571428571,0.8221089506415806,0.8823529411764705,0.8333333333333333,1.0,0.09090909090909091,0.3333333333333333,0.5,0.75,0.9282032302755092,0.9353978569087953,0.2500000000000001,0.7225209339563144,5.551115123125783e-17,0.8571428571428571,0.8240573092970163,0.8823529411764705,0.8333333333333333,1.0,0.09090909090909091,0.3666666666666667,0.6666666666666666,0.75,0.9282032302755092,0.8736191374661523,0.16543469682057105,0.27747906604368566,0.0,0.8571428571428571,0.826025348342911,0.8823529411764705,0.8333333333333333,1.0,0.09090909090909091,0.4,0.8333333333333333,0.75,0.9282032302755092,0.7955114688927061,0.09549150281252633,0.0,0.3568958678922094,0.8571428571428571,0.8279933873888057,0.8823529411764705,0.8333333333333333,1.0,0.09090909090909091,0.43333333333333335,1.0,0.75,0.9282032302755092,0.704488531107294,0.04322727117869962,0.0990311320975808,0.8019377358048383,0.8571428571428571,0.8299614264347004,0.8823529411764705,0.8333333333333333,1.0,0.09090909090909091,0.4666666666666667,0.0,0.75,0.9282032302755092,0.6045284632676536,0.010926199633097211,0.5,1.0,0.8571428571428571,0.8319294654805951,0.8823529411764705,0.8333333333333333,1.0,0.09090909090909091,0.5,0.16666666666666666,0.75,0.9282032302755092,0.5000000000000001,0.0,0.9009688679024191,0.8019377358048384,0.8571428571428571,0.8339368653074075,0.8823529411764705,0.8333333333333333,1.0,0.09090909090909091,0.5333333333333333,0.3333333333333333,0.75,0.9282032302755092,0.3954715367323467,0.010926199633097156,1.0,0.3568958678922095,0.8571428571428571,0.8358852239628436,0.8823529411764705,0.8333333333333333,1.0,0.09090909090909091,0.5666666666666667,0.5,0.75,0.9282032302755092,0.29551146889270624,0.043227271178699456,0.7225209339563144,5.551115123125783e-17,0.7999999999999999,0.837892623789656,0.8235294117647057,0.7777777777777777,1.0,0.09090909090909091,0.6,0.6666666666666666,0.75,0.9282032302755092,0.20448853110729398,0.09549150281252627,0.27747906604368566,0.0,0.8571428571428571,0.8398213020546326,0.8823529411764705,0.8333333333333333,1.0,0.09090909090909091,0.6333333333333333,0.8333333333333333,0.75,0.9282032302755092,0.12638086253384795,0.16543469682057077,0.0,0.3568958678922094,0.8857142857142858,0.8417106195386914,0.8823529411764705,0.8888888888888888,1.0,0.09090909090909091,0.6666666666666666,1.0,0.75,0.9282032302755092,0.06460214309120482,0.24999999999999978,0.0990311320975808,0.8019377358048383,0.8571428571428571,0.8436196174132093,0.8823529411764705,0.8333333333333333,1.0,0.09090909090909091,0.7,0.0,0.75,0.9282032302755092,0.021852399266194367,0.3454915028125262,0.5,1.0,0.8571428571428571,0.8455286152877273,0.8823529411764705,0.8333333333333333,1.0,0.09090909090909091,0.7333333333333333,0.16666666666666666,0.75,0.9282032302755092,0.0,0.4477357683661729,0.9009688679024191,0.8019377358048384,0.8571428571428571,0.8473785719908684,0.8823529411764705,0.8333333333333333,1.0,0.09090909090909091,0.7666666666666667,0.3333333333333333,0.75,0.9282032302755092,0.0,0.5522642316338265,1.0,0.3568958678922095,0.8571428571428571,0.849326930646304,0.8823529411764705,0.8333333333333333,1.0,0.09090909090909091,0.8,0.5,0.75,0.9282032302755092,0.02185239926619431,0.6545084971874736,0.7225209339563144,5.551115123125783e-17,0.8571428571428571,0.8513343304731165,0.8823529411764705,0.8333333333333333,1.0,0.09090909090909091,0.8333333333333334,0.6666666666666666,0.75,0.9282032302755092,0.06460214309120454,0.7499999999999997,0.27747906604368566,0.0,0.8571428571428571,0.8532630087380935,0.8823529411764705,0.8333333333333333,1.0,0.09090909090909091,0.8666666666666667,0.8333333333333333,0.75,0.9282032302755092,0.12638086253384767,0.8345653031794289,0.0,0.3568958678922094,0.8571428571428571,0.8552310477839882,0.8823529411764705,0.8333333333333333,1.0,0.09090909090909091,0.9,1.0,0.75,0.9282032302755092,0.20448853110729381,0.9045084971874737,0.0990311320975808,0.8019377358048383,0.8571428571428571,0.8571990868298829,0.8823529411764705,0.8333333333333333,1.0,0.1818181818181818,0.0,0.0,0.9330127018922193,0.7320508075688774,0.5,1.0,0.5,1.0,0.8571428571428571,0.859245847437613,0.8823529411764705,0.8333333333333333,1.0,0.1818181818181818,0.03333333333333333,0.16666666666666666,0.9330127018922193,0.7320508075688774,0.6045284632676534,0.9890738003669028,0.9009688679024191,0.8019377358048384,0.8571428571428571,0.8612926080453436,0.8823529411764705,0.8333333333333333,1.0,0.1818181818181818,0.06666666666666668,0.3333333333333333,0.9330127018922193,0.7320508075688774,0.7044885311072939,0.9567727288213004,1.0,0.3568958678922095,0.8571428571428571,0.863300007872156,0.8823529411764705,0.8333333333333333,1.0,0.1818181818181818,0.13333333333333333,0.6666666666666666,0.9330127018922193,0.7320508075688774,0.8736191374661522,0.8345653031794291,0.27747906604368566,0.0,0.8571428571428571,0.8653467684798866,0.8823529411764705,0.8333333333333333,1.0,0.1818181818181818,0.16666666666666669,0.8333333333333333,0.9330127018922193,0.7320508075688774,0.9353978569087953,0.75,0.0,0.3568958678922094,0.8571428571428571,0.8673935290876171,0.8823529411764705,0.8333333333333333,1.0,0.1818181818181818,0.2,1.0,0.9330127018922193,0.7320508075688774,0.9781476007338057,0.6545084971874737,0.0990311320975808,0.8019377358048383,1.0,0.8694599700858063,0.9999999999999999,1.0,1.0,0.1818181818181818,0.23333333333333334,0.0,0.9330127018922193,0.7320508075688774,1.0,0.5522642316338269,0.5,1.0
0.7999999999999999,0.7575375895457768,0.8235294117647057,0.7777777777777777,1.0,0.0,0.23333333333333334,0.6666666666666666,0.5,1.0,1.0,0.5522642316338269,0.27747906604368566,0.0,0.7999999999999999,0.7594269070298356,0.8235294117647057,0.7777777777777777,1.0,0.0,0.26666666666666666,0.8333333333333333,0.5,1.0,1.0,0.44773576836617335,0.0,0.3568958678922094,0.7999999999999999,0.7613359049043531,0.8235294117647057,0.7777777777777777,1.0,0.0,0.3,1.0,0.5,1.0,0.9781476007338057,0.34549150281252633,0.0990311320975808,0.8019377358048383,0.7999999999999999,0.7632645831693301,0.8235294117647057,0.7777777777777777,1.0,0.0,0.3333333333333333,0.0,0.5,1.0,0.9353978569087953,0.2500000000000001,0.5,1.0,0.7999999999999999,0.7651342202629299,0.8235294117647057,0.7777777777777777,1.0,0.0,0.3666666666666667,0.16666666666666666,0.5,1.0,0.8736191374661523,0.16543469682057105,0.9009688679024191,0.8019377358048384,0.7999999999999999,0.7670628985279069,0.8235294117647057,0.7777777777777777,1.0,0.0,0.4,0.3333333333333333,0.5,1.0,0.7955114688927061,0.09549150281252633,1.0,0.3568958678922095,0.7999999999999999,0.7689522160119657,0.8235294117647057,0.7777777777777777,1.0,0.0,0.43333333333333335,0.5,0.5,1.0,0.704488531107294,0.04322727117869962,0.7225209339563144,5.551115123125783e-17,0.7999999999999999,0.7708218531055655,0.8235294117647057,0.7777777777777777,1.0,0.0,0.4666666666666667,0.6666666666666666,0.5,1.0,0.6045284632676536,0.010926199633097211,0.27747906604368566,0.0,0.7999999999999999,0.7726718098087066,0.8235294117647057,0.7777777777777777,1.0,0.0,0.5,0.8333333333333333,0.5,1.0,0.5000000000000001,0.0,0.0,0.3568958678922094,0.7999999999999999,0.7745611272927655,0.8235294117647057,0.7777777777777777,1.0,0.0,0.5333333333333333,1.0,0.5,1.0,0.3954715367323467,0.010926199633097156,0.0990311320975808,0.8019377358048383,0.8571428571428571,0.7763914036054476,0.8823529411764705,0.8333333333333333,1.0,0.0,0.5666666666666667,0.0,0.5,1.0,0.29551146889270624,0.043227271178699456,0.5,1.0,0.8571428571428571,0.7782807210895064,0.8823529411764705,0.8333333333333333,1.0,0.0,0.6,0.16666666666666666,0.5,1.0,0.20448853110729398,0.09549150281252627,0.9009688679024191,0.8019377358048384,0.8571428571428571,0.7801897189640243,0.8823529411764705,0.8333333333333333,1.0,0.0,0.6333333333333333,0.3333333333333333,0.5,1.0,0.12638086253384795,0.16543469682057077,1.0,0.3568958678922095,0.8571428571428571,0.7820593560576241,0.8823529411764705,0.8333333333333333,1.0,0.0,0.6666666666666666,0.5,0.5,1.0,0.06460214309120482,0.24999999999999978,0.7225209339563144,5.551115123125783e-17,0.8571428571428571,0.7839880343226011,0.8823529411764705,0.8333333333333333,1.0,0.0,0.7,0.6666666666666666,0.5,1.0,0.021852399266194367,0.3454915028125262,0.27747906604368566,0.0,0.8571428571428571,0.7858970321971186,0.8823529411764705,0.8333333333333333,1.0,0.0,0.7333333333333333,0.8333333333333333,0.5,1.0,0.0,0.4477357683661729,0.0,0.3568958678922094,0.8571428571428571,0.7878257104620956,0.8823529411764705,0.8333333333333333,1.0,0.0,0.7666666666666667,1.0,0.5,1.0,0.0,0.5522642316338265,0.0990311320975808,0.8019377358048383,0.8571428571428571,0.7897543887270722,0.8823529411764705,0.8333333333333333,1.0,0.0,0.8,0.0,0.5,1.0,0.02185239926619431,0.6545084971874736,0.5,1.0,0.8571428571428571,0.7916830669920492,0.8823529411764705,0.8333333333333333,1.0,0.0,0.8333333333333334,0.16666666666666666,0.5,1.0,0.06460214309120454,0.7499999999999997,0.9009688679024191,0.8019377358048384,0.8571428571428571,0.7935920648665671,0.8823529411764705,0.8333333333333333,1.0,0.0,0.8666666666666667,0.3333333333333333,0.5,1.0,0.12638086253384767,0.8345653031794289,1.0,0.3568958678922095,0.8571428571428571,0.7955010627410846,0.8823529411764705,0.8333333333333333,1.0,0.0,0.9,0.5,0.5,1.0,0.20448853110729381,0.9045084971874737,0.7225209339563144,5.551115123125783e-17,0.8571428571428571,0.7974494213965206,0.8823529411764705,0.8333333333333333,1.0,0.0,0.9333333333333333,0.6666666666666666,0.5,1.0,0.2955114688927057,0.9567727288213003,0.27747906604368566,0.0,0.8571428571428571,0.7993780996614972,0.8823529411764705,0.8333333333333333,1.0,0.0,0.9666666666666667,0.8333333333333333,0.5,1.0,0.39547153673234625,0.9890738003669028,0.0,0.3568958678922094,0.8571428571428571,0.8013067779264742,0.8823529411764705,0.8333333333333333,1.0,0.0,0.9999999999999999,1.0,0.5,1.0,0.4999999999999999,1.0,0.0990311320975808,0.8019377358048383,0.8571428571428571,0.8032157758009917,0.8823529411764705,0.8333333333333333,1.0,0.09090909090909091,0.0,0.0,0.75,0.9282032302755092,0.5,1.0,0.5,1.0,0.8571428571428571,0.8051247736755096,0.8823529411764705,0.8333333333333333,1.0,0.09090909090909091,0.03333333333333333,0.16666666666666666,0.75,0.9282032302755092,0.6045284632676534,0.9890738003669028,0.9009688679024191,0.8019377358048384,0.8571428571428571,0.8068369676454381,0.8823529411764705,0.8333333333333333,1.0,0.09090909090909091,0.06666666666666668,0.3333333333333333,0.75,0.9282032302755092,0.7044885311072939,0.9567727288213004,1.0,0.3568958678922095,0.8571428571428571,0.8086672439581202,0.8823529411764705,0.8333333333333333,1.0,0.09090909090909091,0.1,0.5,0.75,0.9282032302755092,0.7955114688927061,0.9045084971874737,0.7225209339563144,5.551115123125783e-17,0.8571428571428571,0.8104975202708022,0.8823529411764705,0.8333333333333333,1.0,0.09090909090909091,0.13333333333333333,0.6666666666666666,0.75,0.9282032302755092,0.8736191374661522,0.8345653031794291,0.27747906604368566,0.0,0.8571428571428571,0.8123868377548611,0.8823529411764705,0.8333333333333333,1.0,0.09090909090909091,0.16666666666666669,0.8333333333333333,0.75,0.9282032302755092,0.9353978569087953,0.75,0.0,0.3568958678922094,0.8857142857142858,0.814295835629379,0.8823529411764705,0.8888888888888888,1.0,0.09090909090909091,0.2,1.0,0.75,0.9282032302755092,0.9781476007338057,0.6545084971874737,0.0990311320975808,0.8019377358048383,0.8571428571428571,0.8162245138943556,0.8823529411764705,0.8333333333333333,1.0,0.09090909090909091,0.23333333333333334,0.0,0.75,0.9282032302755092,1.0,0.5522642316338269,0.5,1.0,0.8571428571428571,0.8181925529402503,0.8823529411764705,0.8333333333333333,1.0,0.09090909090909091,0.26666666666666666,0.16666666666666666,0.75,0.9282032302755092,1.0,0.44773576836617335,0.9009688679024191,0.8019377358048384,0.8571428571428571,0.8201212312052273,0.8823529411764705,0.8333333333333333,1.0,0.09090909090909091,0.3,0.3333333333333333,0.75,0.9282032302755092,0.9781476007338057,0.34549150281252633,1.0,0.3568958678922095,0.8571428571428571,0.8221089506415806,0.8823529411764705,0.8333333333333333,1.0,0.09090909090909091,0.3333333333333333,0.5,0.75,0.9282032302755092,0.9353978569087953,0.2500000000000001,0.7225209339563144,5.551115123125783e-17,0.8571428571428571,0.8240573092970163,0.8823529411764705,0.8333333333333333,1.0,0.09090909090909091,0.3666666666666667,0.6666666666666666,0.75,0.9282032302755092,0.8736191374661523,0.16543469682057105,0.27747906604368566,0.0,0.8571428571428571,0.826025348342911,0.8823529411764705,0.8333333333333333,1.0,0.09090909090909091,0.4,0.8333333333333333,0.75,0.9282032302755092,0.7955114688927061,0.09549150281252633,0.0,0.3568958678922094,0.8571428571428571,0.8279933873888057,0.8823529411764705,0.8333333333333333,1.0,0.09090909090909091,0.43333333333333335,1.0,0.75,0.9282032302755092,0.704488531107294,0.04322727117869962,0.0990311320975808,0.8019377358048383,0.8571428571428571,0.8299614264347004,0.8823529411764705,0.8333333333333333,1.0,0.09090909090909091,0.4666666666666667,0.0,0.75,0.9282032302755092,0.6045284632676536,0.010926199633097211,0.5,1.0,0.8571428571428571,0.8319294654805951,0.8823529411764705,0.8333333333333333,1.0,0.09090909090909091,0.5,0.16666666666666666,0.75,0.9282032302755092,0.5000000000000001,0.0,0.9009688679024191,0.8019377358048384,0.8571428571428571,0.8339368653074075,0.8823529411764705,0.8333333333333333,1.0,0.09090909090909091,0.5333333333333333,0.3333333333333333,0.75,0.9282032302755092,0.3954715367323467,0.010926199633097156,1.0,0.3568958678922095,0.8571428571428571,0.8358852239628436,0.8823529411764705,0.8333333333333333,1.0,0.09090909090909091,0.5666666666666667,0.5,0.75,0.9282032302755092,0.29551146889270624,0.043227271178699456,0.7225209339563144,5.551115123125783e-17,0.7999999999999999,0.837892623789656,0.8235294117647057,0.7777777777777777,1.0,0.09090909090909091,0.6,0.6666666666666666,0.75,0.9282032302755092,0.20448853110729398,0.09549150281252627,0.27747906604368566,0.0,0.8571428571428571,0.8398213020546326,0.8823529411764705,0.8333333333333333,1.0,0.09090909090909091,0.6333333333333333,0.8333333333333333,0.75,0.9282032302755092,0.12638086253384795,0.16543469682057077,0.0,0.3568958678922094,0.8857142857142858,0.8417106195386914,0.8823529411764705,0.8888888888888888,1.0,0.09090909090909091,0.6666666666666666,1.0,0.75,0.9282032302755092,0.06460214309120482,0.24999999999999978,0.0990311320975808,0.8019377358048383,0.8571428571428571,0.8436196174132093,0.8823529411764705,0.8333333333333333,1.0,0.09090909090909091,0.7,0.0,0.75,0.9282032302755092,0.021852399266194367,0.3454915028125262,0.5,1.0,0.8571428571428571,0.8455286152877273,0.8823529411764705,0.8333333333333333,1.0,0.09090909090909091,0.7333333333333333,0.16666666666666666,0.75,0.9282032302755092,0.0,0.4477357683661729,0.9009688679024191,0.8019377358048384,0.8571428571428571,0.8473785719908684,0.8823529411764705,0.8333333333333333,1.0,0.09090909090909091,0.7666666666666667,0.3333333333333333,0.75,0.9282032302755092,0.0,0.5522642316338265,1.0,0.3568958678922095,0.8571428571428571,0.849326930646304,0.8823529411764705,0.8333333333333333,1.0,0.09090909090909091,0.8,0.5,0.75,0.9282032302755092,0.02185239926619431,0.6545084971874736,0.7225209339563144,5.551115123125783e-17,0.8571428571428571,0.8513343304731165,0.8823529411764705,0.8333333333333333,1.0,0.09090909090909091,0.8333333333333334,0.6666666666666666,0.75,0.9282032302755092,0.06460214309120454,0.7499999999999997,0.27747906604368566,0.0,0.8571428571428571,0.8532630087380935,0.8823529411764705,0.8333333333333333,1.0,0.09090909090909091,0.8666666666666667,0.8333333333333333,0.75,0.9282032302755092,0.12638086253384767,0.8345653031794289,0.0,0.3568958678922094,0.8571428571428571,0.8552310477839882,0.8823529411764705,0.8333333333333333,1.0,0.09090909090909091,0.9,1.0,0.75,0.9282032302755092,0.20448853110729381,0.9045084971874737,0.0990311320975808,0.8019377358048383,0.8571428571428571,0.8571990868298829,0.8823529411764705,0.8333333333333333,1.0,0.1818181818181818,0.0,0.0,0.9330127018922193,0.7320508075688774,0.5,1.0,0.5,1.0,0.8571428571428571,0.859245847437613,0.8823529411764705,0.8333333333333333,1.0,0.1818181818181818,0.03333333333333333,0.16666666666666666,0.9330127018922193,0.7320508075688774,0.6045284632676534,0.9890738003669028,0.9009688679024191,0.8019377358048384,0.8571428571428571,0.8612926080453436,0.8823529411764705,0.8333333333333333,1.0,0.1818181818181818,0.06666666666666668,0.3333333333333333,0.9330127018922193,0.7320508075688774,0.7044885311072939,0.9567727288213004,1.0,0.3568958678922095,0.8571428571428571,0.863300007872156,0.8823529411764705,0.8333333333333333,1.0,0.1818181818181818,0.13333333333333333,0.6666666666666666,0.9330127018922193,0.7320508075688774,0.8736191374661522,0.8345653031794291,0.27747906604368566,0.0,0.8571428571428571,0.8653467684798866,0.8823529411764705,0.8333333333333333,1.0,0.1818181818181818,0.16666666666666669,0.8333333333333333,0.9330127018922193,0.7320508075688774,0.9353978569087953,0.75,0.0,0.3568958678922094,0.8571428571428571,0.8673935290876171,0.8823529411764705,0.8333333333333333,1.0,0.1818181818181818,0.2,1.0,0.9330127018922193,0.7320508075688774,0.9781476007338057,0.6545084971874737,0.0990311320975808,0.8019377358048383,1.0,0.8694599700858063,0.9999999999999999,1.0,1.0,0.1818181818181818,0.23333333333333334,0.0,0.9330127018922193,0.7320508075688774,1.0,0.5522642316338269,0.5,1.0,1.0,0.871546091474455,0.9999999999999999,1.0,1.0,0.1818181818181818,0.26666666666666666,0.16666666666666666,0.9330127018922193,0.7320508075688774,1.0,0.44773576836617335,0.9009688679024191,0.8019377358048384
0.7999999999999999,0.7594269070298356,0.8235294117647057,0.7777777777777777,1.0,0.0,0.26666666666666666,0.8333333333333333,0.5,1.0,1.0,0.44773576836617335,0.0,0.3568958678922094,0.7999999999999999,0.7613359049043531,0.8235294117647057,0.7777777777777777,1.0,0.0,0.3,1.0,0.5,1.0,0.9781476007338057,0.34549150281252633,0.0990311320975808,0.8019377358048383,0.7999999999999999,0.7632645831693301,0.8235294117647057,0.7777777777777777,1.0,0.0,0.3333333333333333,0.0,0.5,1.0,0.9353978569087953,0.2500000000000001,0.5,1.0,0.7999999999999999,0.7651342202629299,0.8235294117647057,0.7777777777777777,1.0,0.0,0.3666666666666667,0.16666666666666666,0.5,1.0,0.8736191374661523,0.16543469682057105,0.9009688679024191,0.8019377358048384,0.7999999999999999,0.7670628985279069,0.8235294117647057,0.7777777777777777,1.0,0.0,0.4,0.3333333333333333,0.5,1.0,0.7955114688927061,0.09549150281252633,1.0,0.3568958678922095,0.7999999999999999,0.7689522160119657,0.8235294117647057,0.7777777777777777,1.0,0.0,0.43333333333333335,0.5,0.5,1.0,0.704488531107294,0.04322727117869962,0.7225209339563144,5.551115123125783e-17,0.7999999999999999,0.7708218531055655,0.8235294117647057,0.7777777777777777,1.0,0.0,0.4666666666666667,0.6666666666666666,0.5,1.0,0.6045284632676536,0.010926199633097211,0.27747906604368566,0.0,0.7999999999999999,0.7726718098087066,0.8235294117647057,0.7777777777777777,1.0,0.0,0.5,0.8333333333333333,0.5,1.0,0.5000000000000001,0.0,0.0,0.3568958678922094,0.7999999999999999,0.7745611272927655,0.8235294117647057,0.7777777777777777,1.0,0.0,0.5333333333333333,1.0,0.5,1.0,0.3954715367323467,0.010926199633097156,0.0990311320975808,0.8019377358048383,0.8571428571428571,0.7763914036054476,0.8823529411764705,0.8333333333333333,1.0,0.0,0.5666666666666667,0.0,0.5,1.0,0.29551146889270624,0.043227271178699456,0.5,1.0,0.8571428571428571,0.7782807210895064,0.8823529411764705,0.8333333333333333,1.0,0.0,0.6,0.16666666666666666,0.5,1.0,0.20448853110729398,0.09549150281252627,0.9009688679024191,0.8019377358048384,0.8571428571428571,0.7801897189640243,0.8823529411764705,0.8333333333333333,1.0,0.0,0.6333333333333333,0.3333333333333333,0.5,1.0,0.12638086253384795,0.16543469682057077,1.0,0.3568958678922095,0.8571428571428571,0.7820593560576241,0.8823529411764705,0.8333333333333333,1.0,0.0,0.6666666666666666,0.5,0.5,1.0,0.06460214309120482,0.24999999999999978,0.7225209339563144,5.551115123125783e-17,0.8571428571428571,0.7839880343226011,0.8823529411764705,0.8333333333333333,1.0,0.0,0.7,0.6666666666666666,0.5,1.0,0.021852399266194367,0.3454915028125262,0.27747906604368566,0.0,0.8571428571428571,0.7858970321971186,0.8823529411764705,0.8333333333333333,1.0,0.0,0.7333333333333333,0.8333333333333333,0.5,1.0,0.0,0.4477357683661729,0.0,0.3568958678922094,0.8571428571428571,0.7878257104620956,0.8823529411764705,0.8333333333333333,1.0,0.0,0.7666666666666667,1.0,0.5,1.0,0.0,0.5522642316338265,0.0990311320975808,0.8019377358048383,0.8571428571428571,0.7897543887270722,0.8823529411764705,0.8333333333333333,1.0,0.0,0.8,0.0,0.5,1.0,0.02185239926619431,0.6545084971874736,0.5,1.0,0.8571428571428571,0.7916830669920492,0.8823529411764705,0.8333333333333333,1.0,0.0,0.8333333333333334,0.16666666666666666,0.5,1.0,0.06460214309120454,0.7499999999999997,0.9009688679024191,0.8019377358048384,0.8571428571428571,0.7935920648665671,0.8823529411764705,0.8333333333333333,1.0,0.0,0.8666666666666667,0.3333333333333333,0.5,1.0,0.12638086253384767,0.8345653031794289,1.0,0.3568958678922095,0.8571428571428571,0.7955010627410846,0.8823529411764705,0.8333333333333333,1.0,0.0,0.9,0.5,0.5,1.0,0.20448853110729381,0.9045084971874737,0.7225209339563144,5.551115123125783e-17,0.8571428571428571,0.7974494213965206,0.8823529411764705,0.8333333333333333,1.0,0.0,0.9333333333333333,0.6666666666666666,0.5,1.0,0.2955114688927057,0.9567727288213003,0.27747906604368566,0.0,0.8571428571428571,0.7993780996614972,0.8823529411764705,0.8333333333333333,1.0,0.0,0.9666666666666667,0.8333333333333333,0.5,1.0,0.39547153673234625,0.9890738003669028,0.0,0.3568958678922094,0.8571428571428571,0.8013067779264742,0.8823529411764705,0.8333333333333333,1.0,0.0,0.9999999999999999,1.0,0.5,1.0,0.4999999999999999,1.0,0.0990311320975808,0.8019377358048383,0.8571428571428571,0.8032157758009917,0.8823529411764705,0.8333333333333333,1.0,0.09090909090909091,0.0,0.0,0.75,0.9282032302755092,0.5,1.0,0.5,1.0,0.8571428571428571,0.8051247736755096,0.8823529411764705,0.8333333333333333,1.0,0.09090909090909091,0.03333333333333333,0.16666666666666666,0.75,0.9282032302755092,0.6045284632676534,0.9890738003669028,0.9009688679024191,0.8019377358048384,0.8571428571428571,0.8068369676454381,0.8823529411764705,0.8333333333333333,1.0,0.09090909090909091,0.06666666666666668,0.3333333333333333,0.75,0.9282032302755092,0.7044885311072939,0.9567727288213004,1.0,0.3568958678922095,0.8571428571428571,0.8086672439581202,0.8823529411764705,0.8333333333333333,1.0,0.09090909090909091,0.1,0.5,0.75,0.9282032302755092,0.7955114688927061,0.9045084971874737,0.7225209339563144,5.551115123125783e-17,0.8571428571428571,0.8104975202708022,0.8823529411764705,0.8333333333333333,1.0,0.09090909090909091,0.13333333333333333,0.6666666666666666,0.75,0.9282032302755092,0.8736191374661522,0.8345653031794291,0.27747906604368566,0.0,0.8571428571428571,0.8123868377548611,0.8823529411764705,0.8333333333333333,1.0,0.09090909090909091,0.16666666666666669,0.8333333333333333,0.75,0.9282032302755092,0.9353978569087953,0.75,0.0,0.3568958678922094,0.8857142857142858,0.814295835629379,0.8823529411764705,0.8888888888888888,1.0,0.09090909090909091,0.2,1.0,0.75,0.9282032302755092,0.9781476007338057,0.6545084971874737,0.0990311320975808,0.8019377358048383,0.8571428571428571,0.8162245138943556,0.8823529411764705,0.8333333333333333,1.0,0.09090909090909091,0.23333333333333334,0.0,0.75,0.9282032302755092,1.0,0.5522642316338269,0.5,1.0,0.8571428571428571,0.8181925529402503,0.8823529411764705,0.8333333333333333,1.0,0.09090909090909091,0.26666666666666666,0.16666666666666666,0.75,0.9282032302755092,1.0,0.44773576836617335,0.9009688679024191,0.8019377358048384,0.8571428571428571,0.8201212312052273,0.8823529411764705,0.8333333333333333,1.0,0.09090909090909091,0.3,0.3333333333333333,0.75,0.9282032302755092,0.9781476007338057,0.34549150281252633,1.0,0.3568958678922095,0.8571428571428571,0.8221089506415806,0.8823529411764705,0.8333333333333333,1.0,0.09090909090909091,0.3333333333333333,0.5,0.75,0.9282032302755092,0.9353978569087953,0.2500000000000001,0.7225209339563144,5.551115123125783e-17,0.8571428571428571,0.8240573092970163,0.8823529411764705,0.8333333333333333,1.0,0.09090909090909091,0.3666666666666667,0.6666666666666666,0.75,0.9282032302755092,0.8736191374661523,0.16543469682057105,0.27747906604368566,0.0,0.8571428571428571,0.826025348342911,0.8823529411764705,0.8333333333333333,1.0,0.09090909090909091,0.4,0.8333333333333333,0.75,0.9282032302755092,0.7955114688927061,0.09549150281252633,0.0,0.3568958678922094,0.8571428571428571,0.8279933873888057,0.8823529411764705,0.8333333333333333,1.0,0.09090909090909091,0.43333333333333335,1.0,0.75,0.9282032302755092,0.704488531107294,0.04322727117869962,0.0990311320975808,0.8019377358048383,0.8571428571428571,0.8299614264347004,0.8823529411764705,0.8333333333333333,1.0,0.09090909090909091,0.4666666666666667,0.0,0.75,0.9282032302755092,0.6045284632676536,0.010926199633097211,0.5,1.0,0.8571428571428571,0.8319294654805951,0.8823529411764705,0.8333333333333333,1.0,0.09090909090909091,0.5,0.16666666666666666,0.75,0.9282032302755092,0.5000000000000001,0.0,0.9009688679024191,0.8019377358048384,0.8571428571428571,0.8339368653074075,0.8823529411764705,0.8333333333333333,1.0,0.09090909090909091,0.5333333333333333,0.3333333333333333,0.75,0.9282032302755092,0.3954715367323467,0.010926199633097156,1.0,0.3568958678922095,0.8571428571428571,0.8358852239628436,0.8823529411764705,0.8333333333333333,1.0,0.09090909090909091,0.5666666666666667,0.5,0.75,0.9282032302755092,0.29551146889270624,0.043227271178699456,0.7225209339563144,5.551115123125783e-17,0.7999999999999999,0.837892623789656,0.8235294117647057,0.7777777777777777,1.0,0.09090909090909091,0.6,0.6666666666666666,0.75,0.9282032302755092,0.20448853110729398,0.09549150281252627,0.27747906604368566,0.0,0.8571428571428571,0.8398213020546326,0.8823529411764705,0.8333333333333333,1.0,0.09090909090909091,0.6333333333333333,0.8333333333333333,0.75,0.9282032302755092,0.12638086253384795,0.16543469682057077,0.0,0.3568958678922094,0.8857142857142858,0.8417106195386914,0.8823529411764705,0.8888888888888888,1.0,0.09090909090909091,0.6666666666666666,1.0,0.75,0.9282032302755092,0.06460214309120482,0.24999999999999978,0.0990311320975808,0.8019377358048383,0.8571428571428571,0.8436196174132093,0.8823529411764705,0.8333333333333333,1.0,0.09090909090909091,0.7,0.0,0.75,0.9282032302755092,0.021852399266194367,0.3454915028125262,0.5,1.0,0.8571428571428571,0.8455286152877273,0.8823529411764705,0.8333333333333333,1.0,0.09090909090909091,0.7333333333333333,0.16666666666666666,0.75,0.9282032302755092,0.0,0.4477357683661729,0.9009688679024191,0.8019377358048384,0.8571428571428571,0.8473785719908684,0.8823529411764705,0.8333333333333333,1.0,0.09090909090909091,0.7666666666666667,0.3333333333333333,0.75,0.9282032302755092,0.0,0.5522642316338265,1.0,0.3568958678922095,0.8571428571428571,0.849326930646304,0.8823529411764705,0.8333333333333333,1.0,0.09090909090909091,0.8,0.5,0.75,0.9282032302755092,0.02185239926619431,0.6545084971874736,0.7225209339563144,5.551115123125783e-17,0.8571428571428571,0.8513343304731165,0.8823529411764705,0.8333333333333333,1.0,0.09090909090909091,0.8333333333333334,0.6666666666666666,0.75,0.9282032302755092,0.06460214309120454,0.7499999999999997,0.27747906604368566,0.0,0.8571428571428571,0.8532630087380935,0.8823529411764705,0.8333333333333333,1.0,0.09090909090909091,0.8666666666666667,0.8333333333333333,0.75,0.9282032302755092,0.12638086253384767,0.8345653031794289,0.0,0.3568958678922094,0.8571428571428571,0.8552310477839882,0.8823529411764705,0.8333333333333333,1.0,0.09090909090909091,0.9,1.0,0.75,0.9282032302755092,0.20448853110729381,0.9045084971874737,0.0990311320975808,0.8019377358048383,0.8571428571428571,0.8571990868298829,0.8823529411764705,0.8333333333333333,1.0,0.1818181818181818,0.0,0.0,0.9330127018922193,0.7320508075688774,0.5,1.0,0.5,1.0,0.8571428571428571,0.859245847437613,0.8823529411764705,0.8333333333333333,1.0,0.1818181818181818,0.03333333333333333,0.16666666666666666,0.9330127018922193,0.7320508075688774,0.6045284632676534,0.9890738003669028,0.9009688679024191,0.8019377358048384,0.8571428571428571,0.8612926080453436,0.8823529411764705,0.8333333333333333,1.0,0.1818181818181818,0.06666666666666668,0.3333333333333333,0.9330127018922193,0.7320508075688774,0.7044885311072939,0.9567727288213004,1.0,0.3568958678922095,0.8571428571428571,0.863300007872156,0.8823529411764705,0.8333333333333333,1.0,0.1818181818181818,0.13333333333333333,0.6666666666666666,0.9330127018922193,0.7320508075688774,0.8736191374661522,0.8345653031794291,0.27747906604368566,0.0,0.8571428571428571,0.8653467684798866,0.8823529411764705,0.8333333333333333,1.0,0.1818181818181818,0.16666666666666669,0.8333333333333333,0.9330127018922193,0.7320508075688774,0.9353978569087953,0.75,0.0,0.3568958678922094,0.8571428571428571,0.8673935290876171,0.8823529411764705,0.8333333333333333,1.0,0.1818181818181818,0.2,1.0,0.9330127018922193,0.7320508075688774,0.9781476007338057,0.6545084971874737,0.0990311320975808,0.8019377358048383,1.0,0.8694599700858063,0.9999999999999999,1.0,1.0,0.1818181818181818,0.23333333333333334,0.0,0.9330127018922193,0.7320508075688774,1.0,0.5522642316338269,0.5,1.0,1.0,0.871546091474455,0.9999999999999999,1.0,1.0,0.1818181818181818,0.26666666666666666,0.16666666666666666,0.9330127018922193,0.7320508075688774,1.0,0.44773576836617335,0.9009688679024191,0.8019377358048384,0.8571428571428571,0.8736125324726443,0.8823529411764705,0.8333333333333333,1.0,0.1818181818181818,0.3,0.3333333333333333,0.9330127018922193,0.7320508075688774,0.9781476007338057,0.34549150281252633,1.0,0.3568958678922095
0.7999999999999999,0.7613359049043531,0.8235294117647057,0.7777777777777777,1.0,0.0,0.3,1.0,0.5,1.0,0.9781476007338057,0.34549150281252633,0.0990311320975808,0.8019377358048383,0.7999999999999999,0.7632645831693301,0.8235294117647057,0.7777777777777777,1.0,0.0,0.3333333333333333,0.0,0.5,1.0,0.9353978569087953,0.2500000000000001,0.5,1.0,0.7999999999999999,0.7651342202629299,0.8235294117647057,0.7777777777777777,1.0,0.0,0.3666666666666667,0.16666666666666666,0.5,1.0,0.8736191374661523,0.16543469682057105,0.9009688679024191,0.8019377358048384,0.7999999999999999,0.7670628985279069,0.8235294117647057,0.7777777777777777,1.0,0.0,0.4,0.3333333333333333,0.5,1.0,0.7955114688927061,0.09549150281252633,1.0,0.3568958678922095,0.7999999999999999,0.7689522160119657,0.8235294117647057,0.7777777777777777,1.0,0.0,0.43333333333333335,0.5,0.5,1.0,0.704488531107294,0.04322727117869962,0.7225209339563144,5.551115123125783e-17,0.7999999999999999,0.7708218531055655,0.8235294117647057,0.7777777777777777,1.0,0.0,0.4666666666666667,0.6666666666666666,0.5,1.0,0.6045284632676536,0.010926199633097211,0.27747906604368566,0.0,0.7999999999999999,0.7726718098087066,0.8235294117647057,0.7777777777777777,1.0,0.0,0.5,0.8333333333333333,0.5,1.0,0.5000000000000001,0.0,0.0,0.3568958678922094,0.7999999999999999,0.7745611272927655,0.8235294117647057,0.7777777777777777,1.0,0.0,0.5333333333333333,1.0,0.5,1.0,0.3954715367323467,0.010926199633097156,0.0990311320975808,0.8019377358048383,0.8571428571428571,0.7763914036054476,0.8823529411764705,0.8333333333333333,1.0,0.0,0.5666666666666667,0.0,0.5,1.0,0.29551146889270624,0.043227271178699456,0.5,1.0,0.8571428571428571,0.7782807210895064,0.8823529411764705,0.8333333333333333,1.0,0.0,0.6,0.16666666666666666,0.5,1.0,0.20448853110729398,0.09549150281252627,0.9009688679024191,0.8019377358048384,0.8571428571428571,0.7801897189640243,0.8823529411764705,0.8333333333333333,1.0,0.0,0.6333333333333333,0.3333333333333333,0.5,1.0,0.12638086253384795,0.16543469682057077,1.0,0.3568958678922095,0.8571428571428571,0.7820593560576241,0.8823529411764705,0.8333333333333333,1.0,0.0,0.6666666666666666,0.5,0.5,1.0,0.06460214309120482,0.24999999999999978,0.7225209339563144,5.551115123125783e-17,0.8571428571428571,0.7839880343226011,0.8823529411764705,0.8333333333333333,1.0,0.0,0.7,0.6666666666666666,0.5,1.0,0.021852399266194367,0.3454915028125262,0.27747906604368566,0.0,0.8571428571428571,0.7858970321971186,0.8823529411764705,0.8333333333333333,1.0,0.0,0.7333333333333333,0.8333333333333333,0.5,1.0,0.0,0.4477357683661729,0.0,0.3568958678922094,0.8571428571428571,0.7878257104620956,0.8823529411764705,0.8333333333333333,1.0,0.0,0.7666666666666667,1.0,0.5,1.0,0.0,0.5522642316338265,0.0990311320975808,0.8019377358048383,0.8571428571428571,0.7897543887270722,0.8823529411764705,0.8333333333333333,1.0,0.0,0.8,0.0,0.5,1.0,0.02185239926619431,0.6545084971874736,0.5,1.0,0.8571428571428571,0.7916830669920492,0.8823529411764705,0.8333333333333333,1.0,0.0,0.8333333333333334,0.16666666666666666,0.5,1.0,0.06460214309120454,0.7499999999999997,0.9009688679024191,0.8019377358048384,0.8571428571428571,0.7935920648665671,0.8823529411764705,0.8333333333333333,1.0,0.0,0.8666666666666667,0.3333333333333333,0.5,1.0,0.12638086253384767,0.8345653031794289,1.0,0.3568958678922095,0.8571428571428571,0.7955010627410846,0.8823529411764705,0.8333333333333333,1.0,0.0,0.9,0.5,0.5,1.0,0.20448853110729381,0.9045084971874737,0.7225209339563144,5.551115123125783e-17,0.8571428571428571,0.7974494213965206,0.8823529411764705,0.8333333333333333,1.0,0.0,0.9333333333333333,0.6666666666666666,0.5,1.0,0.2955114688927057,0.9567727288213003,0.27747906604368566,0.0,0.8571428571428571,0.7993780996614972,0.8823529411764705,0.8333333333333333,1.0,0.0,0.9666666666666667,0.8333333333333333,0.5,1.0,0.39547153673234625,0.9890738003669028,0.0,0.3568958678922094,0.8571428571428571,0.8013067779264742,0.8823529411764705,0.8333333333333333,1.0,0.0,0.9999999999999999,1.0,0.5,1.0,0.4999999999999999,1.0,0.0990311320975808,0.8019377358048383,0.8571428571428571,0.8032157758009917,0.8823529411764705,0.8333333333333333,1.0,0.09090909090909091,0.0,0.0,0.75,0.9282032302755092,0.5,1.0,0.5,1.0,0.8571428571428571,0.8051247736755096,0.8823529411764705,0.8333333333333333,1.0,0.09090909090909091,0.03333333333333333,0.16666666666666666,0.75,0.9282032302755092,0.6045284632676534,0.9890738003669028,0.9009688679024191,0.8019377358048384,0.8571428571428571,0.8068369676454381,0.8823529411764705,0.8333333333333333,1.0,0.09090909090909091,0.06666666666666668,0.3333333333333333,0.75,0.9282032302755092,0.7044885311072939,0.9567727288213004,1.0,0.3568958678922095,0.8571428571428571,0.8086672439581202,0.8823529411764705,0.8333333333333333,1.0,0.09090909090909091,0.1,0.5,0.75,0.9282032302755092,0.7955114688927061,0.9045084971874737,0.7225209339563144,5.551115123125783e-17,0.8571428571428571,0.8104975202708022,0.8823529411764705,0.8333333333333333,1.0,0.09090909090909091,0.13333333333333333,0.6666666666666666,0.75,0.9282032302755092,0.8736191374661522,0.8345653031794291,0.27747906604368566,0.0,0.8571428571428571,0.8123868377548611,0.8823529411764705,0.8333333333333333,1.0,0.09090909090909091,0.16666666666666669,0.8333333333333333,0.75,0.9282032302755092,0.9353978569087953,0.75,0.0,0.3568958678922094,0.8857142857142858,0.814295835629379,0.8823529411764705,0.8888888888888888,1.0,0.09090909090909091,0.2,1.0,0.75,0.9282032302755092,0.9781476007338057,0.6545084971874737,0.0990311320975808,0.8019377358048383,0.8571428571428571,0.8162245138943556,0.8823529411764705,0.8333333333333333,1.0,0.09090909090909091,0.23333333333333334,0.0,0.75,0.9282032302755092,1.0,0.5522642316338269,0.5,1.0,0.8571428571428571,0.8181925529402503,0.8823529411764705,0.8333333333333333,1.0,0.09090909090909091,0.26666666666666666,0.16666666666666666,0.75,0.9282032302755092,1.0,0.44773576836617335,0.9009688679024191,0.8019377358048384,0.8571428571428571,0.8201212312052273,0.8823529411764705,0.8333333333333333,1.0,0.09090909090909091,0.3,0.3333333333333333,0.75,0.9282032302755092,0.9781476007338057,0.34549150281252633,1.0,0.3568958678922095,0.8571428571428571,0.8221089506415806,0.8823529411764705,0.8333333333333333,1.0,0.09090909090909091,0.3333333333333333,0.5,0.75,0.9282032302755092,0.9353978569087953,0.2500000000000001,0.7225209339563144,5.551115123125783e-17,0.8571428571428571,0.8240573092970163,0.8823529411764705,0.8333333333333333,1.0,0.09090909090909091,0.3666666666666667,0.6666666666666666,0.75,0.9282032302755092,0.8736191374661523,0.16543469682057105,0.27747906604368566,0.0,0.8571428571428571,0.826025348342911,0.8823529411764705,0.8333333333333333,1.0,0.09090909090909091,0.4,0.8333333333333333,0.75,0.9282032302755092,0.7955114688927061,0.09549150281252633,0.0,0.3568958678922094,0.8571428571428571,0.8279933873888057,0.8823529411764705,0.8333333333333333,1.0,0.09090909090909091,0.43333333333333335,1.0,0.75,0.9282032302755092,0.704488531107294,0.04322727117869962,0.0990311320975808,0.8019377358048383,0.8571428571428571,0.8299614264347004,0.8823529411764705,0.8333333333333333,1.0,0.09090909090909091,0.4666666666666667,0.0,0.75,0.9282032302755092,0.6045284632676536,0.010926199633097211,0.5,1.0,0.8571428571428571,0.8319294654805951,0.8823529411764705,0.8333333333333333,1.0,0.09090909090909091,0.5,0.16666666666666666,0.75,0.9282032302755092,0.5000000000000001,0.0,0.9009688679024191,0.8019377358048384,0.8571428571428571,0.8339368653074075,0.8823529411764705,0.8333333333333333,1.0,0.09090909090909091,0.5333333333333333,0.3333333333333333,0.75,0.9282032302755092,0.3954715367323467,0.010926199633097156,1.0,0.3568958678922095,0.8571428571428571,0.8358852239628436,0.8823529411764705,0.8333333333333333,1.0,0.09090909090909091,0.5666666666666667,0.5,0.75,0.9282032302755092,0.29551146889270624,0.043227271178699456,0.7225209339563144,5.551115123125783e-17,0.7999999999999999,0.837892623789656,0.8235294117647057,0.7777777777777777,1.0,0.09090909090909091,0.6,0.6666666666666666,0.75,0.9282032302755092,0.20448853110729398,0.09549150281252627,0.27747906604368566,0.0,0.8571428571428571,0.8398213020546326,0.8823529411764705,0.8333333333333333,1.0,0.09090909090909091,0.6333333333333333,0.8333333333333333,0.75,0.9282032302755092,0.12638086253384795,0.16543469682057077,0.0,0.3568958678922094,0.8857142857142858,0.8417106195386914,0.8823529411764705,0.8888888888888888,1.0,0.09090909090909091,0.6666666666666666,1.0,0.75,0.9282032302755092,0.06460214309120482,0.24999999999999978,0.0990311320975808,0.8019377358048383,0.8571428571428571,0.8436196174132093,0.8823529411764705,0.8333333333333333,1.0,0.09090909090909091,0.7,0.0,0.75,0.9282032302755092,0.021852399266194367,0.3454915028125262,0.5,1.0,0.8571428571428571,0.8455286152877273,0.8823529411764705,0.8333333333333333,1.0,0.09090909090909091,0.7333333333333333,0.16666666666666666,0.75,0.9282032302755092,0.0,0.4477357683661729,0.9009688679024191,0.8019377358048384,0.8571428571428571,0.8473785719908684,0.8823529411764705,0.8333333333333333,1.0,0.09090909090909091,0.7666666666666667,0.3333333333333333,0.75,0.9282032302755092,0.0,0.5522642316338265,1.0,0.3568958678922095,0.8571428571428571,0.849326930646304,0.8823529411764705,0.8333333333333333,1.0,0.09090909090909091,0.8,0.5,0.75,0.9282032302755092,0.02185239926619431,0.6545084971874736,0.7225209339563144,5.551115123125783e-17,0.8571428571428571,0.8513343304731165,0.8823529411764705,0.8333333333333333,1.0,0.09090909090909091,0.8333333333333334,0.6666666666666666,0.75,0.9282032302755092,0.06460214309120454,0.7499999999999997,0.27747906604368566,0.0,0.8571428571428571,0.8532630087380935,0.8823529411764705,0.8333333333333333,1.0,0.09090909090909091,0.8666666666666667,0.8333333333333333,0.75,0.9282032302755092,0.12638086253384767,0.8345653031794289,0.0,0.3568958678922094,0.8571428571428571,0.8552310477839882,0.8823529411764705,0.8333333333333333,1.0,0.09090909090909091,0.9,1.0,0.75,0.9282032302755092,0.20448853110729381,0.9045084971874737,0.0990311320975808,0.8019377358048383,0.8571428571428571,0.8571990868298829,0.8823529411764705,0.8333333333333333,1.0,0.1818181818181818,0.0,0.0,0.9330127018922193,0.7320508075688774,0.5,1.0,0.5,1.0,0.8571428571428571,0.859245847437613,0.8823529411764705,0.8333333333333333,1.0,0.1818181818181818,0.03333333333333333,0.16666666666666666,0.9330127018922193,0.7320508075688774,0.6045284632676534,0.9890738003669028,0.9009688679024191,0.8019377358048384,0.8571428571428571,0.8612926080453436,0.8823529411764705,0.8333333333333333,1.0,0.1818181818181818,0.06666666666666668,0.3333333333333333,0.9330127018922193,0.7320508075688774,0.7044885311072939,0.9567727288213004,1.0,0.3568958678922095,0.8571428571428571,0.863300007872156,0.8823529411764705,0.8333333333333333,1.0,0.1818181818181818,0.13333333333333333,0.6666666666666666,0.9330127018922193,0.7320508075688774,0.8736191374661522,0.8345653031794291,0.27747906604368566,0.0,0.8571428571428571,0.8653467684798866,0.8823529411764705,0.8333333333333333,1.0,0.1818181818181818,0.16666666666666669,0.8333333333333333,0.9330127018922193,0.7320508075688774,0.9353978569087953,0.75,0.0,0.3568958678922094,0.8571428571428571,0.8673935290876171,0.8823529411764705,0.8333333333333333,1.0,0.1818181818181818,0.2,1.0,0.9330127018922193,0.7320508075688774,0.9781476007338057,0.6545084971874737,0.0990311320975808,0.8019377358048383,1.0,0.8694599700858063,0.9999999999999999,1.0,1.0,0.1818181818181818,0.23333333333333334,0.0,0.9330127018922193,0.7320508075688774,1.0,0.5522642316338269,0.5,1.0,1.0,0.871546091474455,0.9999999999999999,1.0,1.0,0.1818181818181818,0.26666666666666666,0.16666666666666666,0.9330127018922193,0.7320508075688774,1.0,0.44773576836617335,0.9009688679024191,0.8019377358048384,0.8571428571428571,0.8736125324726443,0.8823529411764705,0.8333333333333333,1.0,0.1818181818181818,0.3,0.3333333333333333,0.9330127018922193,0.7320508075688774,0.9781476007338057,0.34549150281252633,1.0,0.3568958678922095,1.0,0.8756986538612925,0.9999999999999999,1.0,1.0,0.1818181818181818,0.3333333333333333,0.5,0.9330127018922193,0.7320508075688774,0.9353978569087953,0.2500000000000001,0.7225209339563144,5.551115123125783e-17
0.7999999999999999,0.7632645831693301,0.8235294117647057,0.7777777777777777,1.0,0.0,0.3333333333333333,0.0,0.5,1.0,0.9353978569087953,0.2500000000000001,0.5,1.0,0.7999999999999999,0.7651342202629299,0.8235294117647057,0.7777777777777777,1.0,0.0,0.3666666666666667,0.16666666666666666,0.5,1.0,0.8736191374661523,0.16543469682057105,0.9009688679024191,0.8019377358048384,0.7999999999999999,0.7670628985279069,0.8235294117647057,0.7777777777777777,1.0,0.0,0.4,0.3333333333333333,0.5,1.0,0.7955114688927061,0.09549150281252633,1.0,0.3568958678922095,0.7999999999999999,0.7689522160119657,0.8235294117647057,0.7777777777777777,1.0,0.0,0.43333333333333335,0.5,0.5,1.0,0.704488531107294,0.04322727117869962,0.7225209339563144,5.551115123125783e-17,0.7999999999999999,0.7708218531055655,0.8235294117647057,0.7777777777777777,1.0,0.0,0.4666666666666667,0.6666666666666666,0.5,1.0,0.6045284632676536,0.010926199633097211,0.27747906604368566,0.0,0.7999999999999999,0.7726718098087066,0.8235294117647057,0.7777777777777777,1.0,0.0,0.5,0.8333333333333333,0.5,1.0,0.5000000000000001,0.0,0.0,0.3568958678922094,0.7999999999999999,0.7745611272927655,0.8235294117647057,0.7777777777777777,1.0,0.0,0.5333333333333333,1.0,0.5,1.0,0.3954715367323467,0.010926199633097156,0.0990311320975808,0.8019377358048383,0.8571428571428571,0.7763914036054476,0.8823529411764705,0.8333333333333333,1.0,0.0,0.5666666666666667,0.0,0.5,1.0,0.29551146889270624,0.043227271178699456,0.5,1.0,0.8571428571428571,0.7782807210895064,0.8823529411764705,0.8333333333333333,1.0,0.0,0.6,0.16666666666666666,0.5,1.0,0.20448853110729398,0.09549150281252627,0.9009688679024191,0.8019377358048384,0.8571428571428571,0.7801897189640243,0.8823529411764705,0.8333333333333333,1.0,0.0,0.6333333333333333,0.3333333333333333,0.5,1.0,0.12638086253384795,0.16543469682057077,1.0,0.3568958678922095,0.8571428571428571,0.7820593560576241,0.8823529411764705,0.8333333333333333,1.0,0.0,0.6666666666666666,0.5,0.5,1.0,0.06460214309120482,0.24999999999999978,0.7225209339563144,5.551115123125783e-17,0.8571428571428571,0.7839880343226011,0.8823529411764705,0.8333333333333333,1.0,0.0,0.7,0.6666666666666666,0.5,1.0,0.021852399266194367,0.3454915028125262,0.27747906604368566,0.0,0.8571428571428571,0.7858970321971186,0.8823529411764705,0.8333333333333333,1.0,0.0,0.7333333333333333,0.8333333333333333,0.5,1.0,0.0,0.4477357683661729,0.0,0.3568958678922094,0.8571428571428571,0.7878257104620956,0.8823529411764705,0.8333333333333333,1.0,0.0,0.7666666666666667,1.0,0.5,1.0,0.0,0.5522642316338265,0.0990311320975808,0.8019377358048383,0.8571428571428571,0.7897543887270722,0.8823529411764705,0.8333333333333333,1.0,0.0,0.8,0.0,0.5,1.0,0.02185239926619431,0.6545084971874736,0.5,1.0,0.8571428571428571,0.7916830669920492,0.8823529411764705,0.8333333333333333,1.0,0.0,0.8333333333333334,0.16666666666666666,0.5,1.0,0.06460214309120454,0.7499999999999997,0.9009688679024191,0.8019377358048384,0.8571428571428571,0.7935920648665671,0.8823529411764705,0.8333333333333333,1.0,0.0,0.8666666666666667,0.3333333333333333,0.5,1.0,0.12638086253384767,0.8345653031794289,1.0,0.3568958678922095,0.8571428571428571,0.7955010627410846,0.8823529411764705,0.8333333333333333,1.0,0.0,0.9,0.5,0.5,1.0,0.20448853110729381,0.9045084971874737,0.7225209339563144,5.551115123125783e-17,0.8571428571428571,0.7974494213965206,0.8823529411764705,0.8333333333333333,1.0,0.0,0.9333333333333333,0.6666666666666666,0.5,1.0,0.2955114688927057,0.9567727288213003,0.27747906604368566,0.0,0.8571428571428571,0.7993780996614972,0.8823529411764705,0.8333333333333333,1.0,0.0,0.9666666666666667,0.8333333333333333,0.5,1.0,0.39547153673234625,0.9890738003669028,0.0,0.3568958678922094,0.8571428571428571,0.8013067779264742,0.8823529411764705,0.8333333333333333,1.0,0.0,0.9999999999999999,1.0,0.5,1.0,0.4999999999999999,1.0,0.0990311320975808,0.8019377358048383,0.8571428571428571,0.8032157758009917,0.8823529411764705,0.8333333333333333,1.0,0.09090909090909091,0.0,0.0,0.75,0.9282032302755092,0.5,1.0,0.5,1.0,0.8571428571428571,0.8051247736755096,0.8823529411764705,0.8333333333333333,1.0,0.09090909090909091,0.03333333333333333,0.16666666666666666,0.75,0.9282032302755092,0.6045284632676534,0.9890738003669028,0.9009688679024191,0.8019377358048384,0.8571428571428571,0.8068369676454381,0.8823529411764705,0.8333333333333333,1.0,0.09090909090909091,0.06666666666666668,0.3333333333333333,0.75,0.9282032302755092,0.7044885311072939,0.9567727288213004,1.0,0.3568958678922095,0.8571428571428571,0.8086672439581202,0.8823529411764705,0.8333333333333333,1.0,0.09090909090909091,0.1,0.5,0.75,0.9282032302755092,0.7955114688927061,0.9045084971874737,0.7225209339563144,5.551115123125783e-17,0.8571428571428571,0.8104975202708022,0.8823529411764705,0.8333333333333333,1.0,0.09090909090909091,0.13333333333333333,0.6666666666666666,0.75,0.9282032302755092,0.8736191374661522,0.8345653031794291,0.27747906604368566,0.0,0.8571428571428571,0.8123868377548611,0.8823529411764705,0.8333333333333333,1.0,0.09090909090909091,0.16666666666666669,0.8333333333333333,0.75,0.9282032302755092,0.9353978569087953,0.75,0.0,0.3568958678922094,0.8857142857142858,0.814295835629379,0.8823529411764705,0.8888888888888888,1.0,0.09090909090909091,0.2,1.0,0.75,0.9282032302755092,0.9781476007338057,0.6545084971874737,0.0990311320975808,0.8019377358048383,0.8571428571428571,0.8162245138943556,0.8823529411764705,0.8333333333333333,1.0,0.09090909090909091,0.23333333333333334,0.0,0.75,0.9282032302755092,1.0,0.5522642316338269,0.5,1.0,0.8571428571428571,0.8181925529402503,0.8823529411764705,0.8333333333333333,1.0,0.09090909090909091,0.26666666666666666,0.16666666666666666,0.75,0.9282032302755092,1.0,0.44773576836617335,0.9009688679024191,0.8019377358048384,0.8571428571428571,0.8201212312052273,0.8823529411764705,0.8333333333333333,1.0,0.09090909090909091,0.3,0.3333333333333333,0.75,0.9282032302755092,0.9781476007338057,0.34549150281252633,1.0,0.3568958678922095,0.8571428571428571,0.8221089506415806,0.8823529411764705,0.8333333333333333,1.0,0.09090909090909091,0.3333333333333333,0.5,0.75,0.9282032302755092,0.9353978569087953,0.2500000000000001,0.7225209339563144,5.551115123125783e-17,0.8571428571428571,0.8240573092970163,0.8823529411764705,0.8333333333333333,1.0,0.09090909090909091,0.3666666666666667,0.6666666666666666,0.75,0.9282032302755092,0.8736191374661523,0.16543469682057105,0.27747906604368566,0.0,0.8571428571428571,0.826025348342911,0.8823529411764705,0.8333333333333333,1.0,0.09090909090909091,0.4,0.8333333333333333,0.75,0.9282032302755092,0.7955114688927061,0.09549150281252633,0.0,0.3568958678922094,0.8571428571428571,0.8279933873888057,0.8823529411764705,0.8333333333333333,1.0,0.09090909090909091,0.43333333333333335,1.0,0.75,0.9282032302755092,0.704488531107294,0.04322727117869962,0.0990311320975808,0.8019377358048383,0.8571428571428571,0.8299614264347004,0.8823529411764705,0.8333333333333333,1.0,0.09090909090909091,0.4666666666666667,0.0,0.75,0.9282032302755092,0.6045284632676536,0.010926199633097211,0.5,1.0,0.8571428571428571,0.8319294654805951,0.8823529411764705,0.8333333333333333,1.0,0.09090909090909091,0.5,0.16666666666666666,0.75,0.9282032302755092,0.5000000000000001,0.0,0.9009688679024191,0.8019377358048384,0.8571428571428571,0.8339368653074075,0.8823529411764705,0.8333333333333333,1.0,0.09090909090909091,0.5333333333333333,0.3333333333333333,0.75,0.9282032302755092,0.3954715367323467,0.010926199633097156,1.0,0.3568958678922095,0.8571428571428571,0.8358852239628436,0.8823529411764705,0.8333333333333333,1.0,0.09090909090909091,0.5666666666666667,0.5,0.75,0.9282032302755092,0.29551146889270624,0.043227271178699456,0.7225209339563144,5.551115123125783e-17,0.7999999999999999,0.837892623789656,0.8235294117647057,0.7777777777777777,1.0,0.09090909090909091,0.6,0.6666666666666666,0.75,0.9282032302755092,0.20448853110729398,0.09549150281252627,0.27747906604368566,0.0,0.8571428571428571,0.8398213020546326,0.8823529411764705,0.8333333333333333,1.0,0.09090909090909091,0.6333333333333333,0.8333333333333333,0.75,0.9282032302755092,0.12638086253384795,0.16543469682057077,0.0,0.3568958678922094,0.8857142857142858,0.8417106195386914,0.8823529411764705,0.8888888888888888,1.0,0.09090909090909091,0.6666666666666666,1.0,0.75,0.9282032302755092,0.06460214309120482,0.24999999999999978,0.0990311320975808,0.8019377358048383,0.8571428571428571,0.8436196174132093,0.8823529411764705,0.8333333333333333,1.0,0.09090909090909091,0.7,0.0,0.75,0.9282032302755092,0.021852399266194367,0.3454915028125262,0.5,1.0,0.8571428571428571,0.8455286152877273,0.8823529411764705,0.8333333333333333,1.0,0.09090909090909091,0.7333333333333333,0.16666666666666666,0.75,0.9282032302755092,0.0,0.4477357683661729,0.9009688679024191,0.8019377358048384,0.8571428571428571,0.8473785719908684,0.8823529411764705,0.8333333333333333,1.0,0.09090909090909091,0.7666666666666667,0.3333333333333333,0.75,0.9282032302755092,0.0,0.5522642316338265,1.0,0.3568958678922095,0.8571428571428571,0.849326930646304,0.8823529411764705,0.8333333333333333,1.0,0.09090909090909091,0.8,0.5,0.75,0.9282032302755092,0.02185239926619431,0.6545084971874736,0.7225209339563144,5.551115123125783e-17,0.8571428571428571,0.8513343304731165,0.8823529411764705,0.8333333333333333,1.0,0.09090909090909091,0.8333333333333334,0.6666666666666666,0.75,0.9282032302755092,0.06460214309120454,0.7499999999999997,0.27747906604368566,0.0,0.8571428571428571,0.8532630087380935,0.8823529411764705,0.8333333333333333,1.0,0.09090909090909091,0.8666666666666667,0.8333333333333333,0.75,0.9282032302755092,0.12638086253384767,0.8345653031794289,0.0,0.3568958678922094,0.8571428571428571,0.8552310477839882,0.8823529411764705,0.8333333333333333,1.0,0.09090909090909091,0.9,1.0,0.75,0.9282032302755092,0.20448853110729381,0.9045084971874737,0.0990311320975808,0.8019377358048383,0.8571428571428571,0.8571990868298829,0.8823529411764705,0.8333333333333333,1.0,0.1818181818181818,0.0,0.0,0.9330127018922193,0.7320508075688774,0.5,1.0,0.5,1.0,0.8571428571428571,0.859245847437613,0.8823529411764705,0.8333333333333333,1.0,0.1818181818181818,0.03333333333333333,0.16666666666666666,0.9330127018922193,0.7320508075688774,0.6045284632676534,0.9890738003669028,0.9009688679024191,0.8019377358048384,0.8571428571428571,0.8612926080453436,0.8823529411764705,0.8333333333333333,1.0,0.1818181818181818,0.06666666666666668,0.3333333333333333,0.9330127018922193,0.7320508075688774,0.7044885311072939,0.9567727288213004,1.0,0.3568958678922095,0.8571428571428571,0.863300007872156,0.8823529411764705,0.8333333333333333,1.0,0.1818181818181818,0.13333333333333333,0.6666666666666666,0.9330127018922193,0.7320508075688774,0.8736191374661522,0.8345653031794291,0.27747906604368566,0.0,0.8571428571428571,0.8653467684798866,0.8823529411764705,0.8333333333333333,1.0,0.1818181818181818,0.16666666666666669,0.8333333333333333,0.9330127018922193,0.7320508075688774,0.9353978569087953,0.75,0.0,0.3568958678922094,0.8571428571428571,0.8673935290876171,0.8823529411764705,0.8333333333333333,1.0,0.1818181818181818,0.2,1.0,0.9330127018922193,0.7320508075688774,0.9781476007338057,0.6545084971874737,0.0990311320975808,0.8019377358048383,1.0,0.8694599700858063,0.9999999999999999,1.0,1.0,0.1818181818181818,0.23333333333333334,0.0,0.9330127018922193,0.7320508075688774,1.0,0.5522642316338269,0.5,1.0,1.0,0.871546091474455,0.9999999999999999,1.0,1.0,0.1818181818181818,0.26666666666666666,0.16666666666666666,0.9330127018922193,0.7320508075688774,1.0,0.44773576836617335,0.9009688679024191,0.8019377358048384,0.8571428571428571,0.8736125324726443,0.8823529411764705,0.8333333333333333,1.0,0.1818181818181818,0.3,0.3333333333333333,0.9330127018922193,0.7320508075688774,0.9781476007338057,0.34549150281252633,1.0,0.3568958678922095,1.0,0.8756986538612925,0.9999999999999999,1.0,1.0,0.1818181818181818,0.3333333333333333,0.5,0.9330127018922193,0.7320508075688774,0.9353978569087953,0.2500000000000001,0.7225209339563144,5.551115123125783e-17,0.7999999999999999,0.8777847752499408,0.8235294117647057,0.7777777777777777,1.0,0.1818181818181818,0.3666666666666667,0.6666666666666666,0.9330127018922193,0.7320508075688774,0.8736191374661523,0.16543469682057105,0.27747906604368566,0.0
0.7999999999999999,0.7651342202629299,0.8235294117647057,0.7777777777777777,1.0,0.0,0.3666666666666667,0.16666666666666666,0.5,1.0,0.8736191374661523,0.16543469682057105,0.9009688679024191,0.8019377358048384,0.7999999999999999,0.7670628985279069,0.8235294117647057,0.7777777777777777,1.0,0.0,0.4,0.3333333333333333,0.5,1.0,0.7955114688927061,0.09549150281252633,1.0,0.3568958678922095,0.7999999999999999,0.7689522160119657,0.8235294117647057,0.7777777777777777,1.0,0.0,0.43333333333333335,0.5,0.5,1.0,0.704488531107294,0.04322727117869962,0.7225209339563144,5.551115123125783e-17,0.7999999999999999,0.7708218531055655,0.8235294117647057,0.7777777777777777,1.0,0.0,0.4666666666666667,0.6666666666666666,0.5,1.0,0.6045284632676536,0.010926199633097211,0.27747906604368566,0.0,0.7999999999999999,0.7726718098087066,0.8235294117647057,0.7777777777777777,1.0,0.0,0.5,0.8333333333333333,0.5,1.0,0.5000000000000001,0.0,0.0,0.3568958678922094,0.7999999999999999,0.7745611272927655,0.8235294117647057,0.7777777777777777,1.0,0.0,0.5333333333333333,1.0,0.5,1.0,0.3954715367323467,0.010926199633097156,0.0990311320975808,0.8019377358048383,0.8571428571428571,0.7763914036054476,0.8823529411764705,0.8333333333333333,1.0,0.0,0.5666666666666667,0.0,0.5,1.0,0.29551146889270624,0.043227271178699456,0.5,1.0,0.8571428571428571,0.7782807210895064,0.8823529411764705,0.8333333333333333,1.0,0.0,0.6,0.16666666666666666,0.5,1.0,0.20448853110729398,0.09549150281252627,0.9009688679024191,0.8019377358048384,0.8571428571428571,0.7801897189640243,0.8823529411764705,0.8333333333333333,1.0,0.0,0.6333333333333333,0.3333333333333333,0.5,1.0,0.12638086253384795,0.16543469682057077,1.0,0.3568958678922095,0.8571428571428571,0.7820593560576241,0.8823529411764705,0.8333333333333333,1.0,0.0,0.6666666666666666,0.5,0.5,1.0,0.06460214309120482,0.24999999999999978,0.7225209339563144,5.551115123125783e-17,0.8571428571428571,0.7839880343226011,0.8823529411764705,0.8333333333333333,1.0,0.0,0.7,0.6666666666666666,0.5,1.0,0.021852399266194367,0.3454915028125262,0.27747906604368566,0.0,0.8571428571428571,0.7858970321971186,0.8823529411764705,0.8333333333333333,1.0,0.0,0.7333333333333333,0.8333333333333333,0.5,1.0,0.0,0.4477357683661729,0.0,0.3568958678922094,0.8571428571428571,0.7878257104620956,0.8823529411764705,0.8333333333333333,1.0,0.0,0.7666666666666667,1.0,0.5,1.0,0.0,0.5522642316338265,0.0990311320975808,0.8019377358048383,0.8571428571428571,0.7897543887270722,0.8823529411764705,0.8333333333333333,1.0,0.0,0.8,0.0,0.5,1.0,0.02185239926619431,0.6545084971874736,0.5,1.0,0.8571428571428571,0.7916830669920492,0.8823529411764705,0.8333333333333333,1.0,0.0,0.8333333333333334,0.16666666666666666,0.5,1.0,0.06460214309120454,0.7499999999999997,0.9009688679024191,0.8019377358048384,0.8571428571428571,0.7935920648665671,0.8823529411764705,0.8333333333333333,1.0,0.0,0.8666666666666667,0.3333333333333333,0.5,1.0,0.12638086253384767,0.8345653031794289,1.0,0.3568958678922095,0.8571428571428571,0.7955010627410846,0.8823529411764705,0.8333333333333333,1.0,0.0,0.9,0.5,0.5,1.0,0.20448853110729381,0.9045084971874737,0.7225209339563144,5.551115123125783e-17,0.8571428571428571,0.7974494213965206,0.8823529411764705,0.8333333333333333,1.0,0.0,0.9333333333333333,0.6666666666666666,0.5,1.0,0.2955114688927057,0.9567727288213003,0.27747906604368566,0.0,0.8571428571428571,0.7993780996614972,0.8823529411764705,0.8333333333333333,1.0,0.0,0.9666666666666667,0.8333333333333333,0.5,1.0,0.39547153673234625,0.9890738003669028,0.0,0.3568958678922094,0.8571428571428571,0.8013067779264742,0.8823529411764705,0.8333333333333333,1.0,0.0,0.9999999999999999,1.0,0.5,1.0,0.4999999999999999,1.0,0.0990311320975808,0.8019377358048383,0.8571428571428571,0.8032157758009917,0.8823529411764705,0.8333333333333333,1.0,0.09090909090909091,0.0,0.0,0.75,0.9282032302755092,0.5,1.0,0.5,1.0,0.8571428571428571,0.8051247736755096,0.8823529411764705,0.8333333333333333,1.0,0.09090909090909091,0.03333333333333333,0.16666666666666666,0.75,0.9282032302755092,0.6045284632676534,0.9890738003669028,0.9009688679024191,0.8019377358048384,0.8571428571428571,0.8068369676454381,0.8823529411764705,0.8333333333333333,1.0,0.09090909090909091,0.06666666666666668,0.3333333333333333,0.75,0.9282032302755092,0.7044885311072939,0.9567727288213004,1.0,0.3568958678922095,0.8571428571428571,0.8086672439581202,0.8823529411764705,0.8333333333333333,1.0,0.09090909090909091,0.1,0.5,0.75,0.9282032302755092,0.7955114688927061,0.9045084971874737,0.7225209339563144,5.551115123125783e-17,0.8571428571428571,0.8104975202708022,0.8823529411764705,0.8333333333333333,1.0,0.09090909090909091,0.13333333333333333,0.6666666666666666,0.75,0.9282032302755092,0.8736191374661522,0.8345653031794291,0.27747906604368566,0.0,0.8571428571428571,0.8123868377548611,0.8823529411764705,0.8333333333333333,1.0,0.09090909090909091,0.16666666666666669,0.8333333333333333,0.75,0.9282032302755092,0.9353978569087953,0.75,0.0,0.3568958678922094,0.8857142857142858,0.814295835629379,0.8823529411764705,0.8888888888888888,1.0,0.09090909090909091,0.2,1.0,0.75,0.9282032302755092,0.9781476007338057,0.6545084971874737,0.0990311320975808,0.8019377358048383,0.8571428571428571,0.8162245138943556,0.8823529411764705,0.8333333333333333,1.0,0.09090909090909091,0.23333333333333334,0.0,0.75,0.9282032302755092,1.0,0.5522642316338269,0.5,1.0,0.8571428571428571,0.8181925529402503,0.8823529411764705,0.8333333333333333,1.0,0.09090909090909091,0.26666666666666666,0.16666666666666666,0.75,0.9282032302755092,1.0,0.44773576836617335,0.9009688679024191,0.8019377358048384,0.8571428571428571,0.8201212312052273,0.8823529411764705,0.8333333333333333,1.0,0.09090909090909091,0.3,0.3333333333333333,0.75,0.9282032302755092,0.9781476007338057,0.34549150281252633,1.0,0.3568958678922095,0.8571428571428571,0.8221089506415806,0.8823529411764705,0.8333333333333333,1.0,0.09090909090909091,0.3333333333333333,0.5,0.75,0.9282032302755092,0.9353978569087953,0.2500000000000001,0.7225209339563144,5.551115123125783e-17,0.8571428571428571,0.8240573092970163,0.8823529411764705,0.8333333333333333,1.0,0.09090909090909091,0.3666666666666667,0.6666666666666666,0.75,0.9282032302755092,0.8736191374661523,0.16543469682057105,0.27747906604368566,0.0,0.8571428571428571,0.826025348342911,0.8823529411764705,0.8333333333333333,1.0,0.09090909090909091,0.4,0.8333333333333333,0.75,0.9282032302755092,0.7955114688927061,0.09549150281252633,0.0,0.3568958678922094,0.8571428571428571,0.8279933873888057,0.8823529411764705,0.8333333333333333,1.0,0.09090909090909091,0.43333333333333335,1.0,0.75,0.9282032302755092,0.704488531107294,0.04322727117869962,0.0990311320975808,0.8019377358048383,0.8571428571428571,0.8299614264347004,0.8823529411764705,0.8333333333333333,1.0,0.09090909090909091,0.4666666666666667,0.0,0.75,0.9282032302755092,0.6045284632676536,0.010926199633097211,0.5,1.0,0.8571428571428571,0.8319294654805951,0.8823529411764705,0.8333333333333333,1.0,0.09090909090909091,0.5,0.16666666666666666,0.75,0.9282032302755092,0.5000000000000001,0.0,0.9009688679024191,0.8019377358048384,0.8571428571428571,0.8339368653074075,0.8823529411764705,0.8333333333333333,1.0,0.09090909090909091,0.5333333333333333,0.3333333333333333,0.75,0.9282032302755092,0.3954715367323467,0.010926199633097156,1.0,0.3568958678922095,0.8571428571428571,0.8358852239628436,0.8823529411764705,0.8333333333333333,1.0,0.09090909090909091,0.5666666666666667,0.5,0.75,0.9282032302755092,0.29551146889270624,0.043227271178699456,0.7225209339563144,5.551115123125783e-17,0.7999999999999999,0.837892623789656,0.8235294117647057,0.7777777777777777,1.0,0.09090909090909091,0.6,0.6666666666666666,0.75,0.9282032302755092,0.20448853110729398,0.09549150281252627,0.27747906604368566,0.0,0.8571428571428571,0.8398213020546326,0.8823529411764705,0.8333333333333333,1.0,0.09090909090909091,0.6333333333333333,0.8333333333333333,0.75,0.9282032302755092,0.12638086253384795,0.16543469682057077,0.0,0.3568958678922094,0.8857142857142858,0.8417106195386914,0.8823529411764705,0.8888888888888888,1.0,0.09090909090909091,0.6666666666666666,1.0,0.75,0.9282032302755092,0.06460214309120482,0.24999999999999978,0.0990311320975808,0.8019377358048383,0.8571428571428571,0.8436196174132093,0.8823529411764705,0.8333333333333333,1.0,0.09090909090909091,0.7,0.0,0.75,0.9282032302755092,0.021852399266194367,0.3454915028125262,0.5,1.0,0.8571428571428571,0.8455286152877273,0.8823529411764705,0.8333333333333333,1.0,0.09090909090909091,0.7333333333333333,0.16666666666666666,0.75,0.9282032302755092,0.0,0.4477357683661729,0.9009688679024191,0.8019377358048384,0.8571428571428571,0.8473785719908684,0.8823529411764705,0.8333333333333333,1.0,0.09090909090909091,0.7666666666666667,0.3333333333333333,0.75,0.9282032302755092,0.0,0.5522642316338265,1.0,0.3568958678922095,0.8571428571428571,0.849326930646304,0.8823529411764705,0.8333333333333333,1.0,0.09090909090909091,0.8,0.5,0.75,0.9282032302755092,0.02185239926619431,0.6545084971874736,0.7225209339563144,5.551115123125783e-17,0.8571428571428571,0.8513343304731165,0.8823529411764705,0.8333333333333333,1.0,0.09090909090909091,0.8333333333333334,0.6666666666666666,0.75,0.9282032302755092,0.06460214309120454,0.7499999999999997,0.27747906604368566,0.0,0.8571428571428571,0.8532630087380935,0.8823529411764705,0.8333333333333333,1.0,0.09090909090909091,0.8666666666666667,0.8333333333333333,0.75,0.9282032302755092,0.12638086253384767,0.8345653031794289,0.0,0.3568958678922094,0.8571428571428571,0.8552310477839882,0.8823529411764705,0.8333333333333333,1.0,0.09090909090909091,0.9,1.0,0.75,0.9282032302755092,0.20448853110729381,0.9045084971874737,0.0990311320975808,0.8019377358048383,0.8571428571428571,0.8571990868298829,0.8823529411764705,0.8333333333333333,1.0,0.1818181818181818,0.0,0.0,0.9330127018922193,0.7320508075688774,0.5,1.0,0.5,1.0,0.8571428571428571,0.859245847437613,0.8823529411764705,0.8333333333333333,1.0,0.1818181818181818,0.03333333333333333,0.16666666666666666,0.9330127018922193,0.7320508075688774,0.6045284632676534,0.9890738003669028,0.9009688679024191,0.8019377358048384,0.8571428571428571,0.8612926080453436,0.8823529411764705,0.8333333333333333,1.0,0.1818181818181818,0.06666666666666668,0.3333333333333333,0.9330127018922193,0.7320508075688774,0.7044885311072939,0.9567727288213004,1.0,0.3568958678922095,0.8571428571428571,0.863300007872156,0.8823529411764705,0.8333333333333333,1.0,0.1818181818181818,0.13333333333333333,0.6666666666666666,0.9330127018922193,0.7320508075688774,0.8736191374661522,0.8345653031794291,0.27747906604368566,0.0,0.8571428571428571,0.8653467684798866,0.8823529411764705,0.8333333333333333,1.0,0.1818181818181818,0.16666666666666669,0.8333333333333333,0.9330127018922193,0.7320508075688774,0.9353978569087953,0.75,0.0,0.3568958678922094,0.8571428571428571,0.8673935290876171,0.8823529411764705,0.8333333333333333,1.0,0.1818181818181818,0.2,1.0,0.9330127018922193,0.7320508075688774,0.9781476007338057,0.6545084971874737,0.0990311320975808,0.8019377358048383,1.0,0.8694599700858063,0.9999999999999999,1.0,1.0,0.1818181818181818,0.23333333333333334,0.0,0.9330127018922193,0.7320508075688774,1.0,0.5522642316338269,0.5,1.0,1.0,0.871546091474455,0.9999999999999999,1.0,1.0,0.1818181818181818,0.26666666666666666,0.16666666666666666,0.9330127018922193,0.7320508075688774,1.0,0.44773576836617335,0.9009688679024191,0.8019377358048384,0.8571428571428571,0.8736125324726443,0.8823529411764705,0.8333333333333333,1.0,0.1818181818181818,0.3,0.3333333333333333,0.9330127018922193,0.7320508075688774,0.9781476007338057,0.34549150281252633,1.0,0.3568958678922095,1.0,0.8756986538612925,0.9999999999999999,1.0,1.0,0.1818181818181818,0.3333333333333333,0.5,0.9330127018922193,0.7320508075688774,0.9353978569087953,0.2500000000000001,0.7225209339563144,5.551115123125783e-17,0.7999999999999999,0.8777847752499408,0.8235294117647057,0.7777777777777777,1.0,0.1818181818181818,0.3666666666666667,0.6666666666666666,0.9330127018922193,0.7320508075688774,0.8736191374661523,0.16543469682057105,0.27747906604368566,0.0,0.7999999999999999,0.8798512162481305,0.8235294117647057,0.7777777777777777,1.0,0.1818181818181818,0.4,0.8333333333333333,0.9330127018922193,0.7320508075688774,0.7955114688927061,0.09549150281252633,0.0,0.3568958678922094
0.7999999999999999,0.7670628985279069,0.8235294117647057,0.7777777777777777,1.0,0.0,0.4,0.3333333333333333,0.5,1.0,0.7955114688927061,0.09549150281252633,1.0,0.3568958678922095,0.7999999999999999,0.7689522160119657,0.8235294117647057,0.7777777777777777,1.0,0.0,0.43333333333333335,0.5,0.5,1.0,0.704488531107294,0.04322727117869962,0.7225209339563144,5.551115123125783e-17,0.7999999999999999,0.7708218531055655,0.8235294117647057,0.7777777777777777,1.0,0.0,0.4666666666666667,0.6666666666666666,0.5,1.0,0.6045284632676536,0.010926199633097211,0.27747906604368566,0.0,0.7999999999999999,0.7726718098087066,0.8235294117647057,0.7777777777777777,1.0,0.0,0.5,0.8333333333333333,0.5,1.0,0.5000000000000001,0.0,0.0,0.3568958678922094,0.7999999999999999,0.7745611272927655,0.8235294117647057,0.7777777777777777,1.0,0.0,0.5333333333333333,1.0,0.5,1.0,0.3954715367323467,0.010926199633097156,0.0990311320975808,0.8019377358048383,0.8571428571428571,0.7763914036054476,0.8823529411764705,0.8333333333333333,1.0,0.0,0.5666666666666667,0.0,0.5,1.0,0.29551146889270624,0.043227271178699456,0.5,1.0,0.8571428571428571,0.7782807210895064,0.8823529411764705,0.8333333333333333,1.0,0.0,0.6,0.16666666666666666,0.5,1.0,0.20448853110729398,0.09549150281252627,0.9009688679024191,0.8019377358048384,0.8571428571428571,0.7801897189640243,0.8823529411764705,0.8333333333333333,1.0,0.0,0.6333333333333333,0.3333333333333333,0.5,1.0,0.12638086253384795,0.16543469682057077,1.0,0.3568958678922095,0.8571428571428571,0.7820593560576241,0.8823529411764705,0.8333333333333333,1.0,0.0,0.6666666666666666,0.5,0.5,1.0,0.06460214309120482,0.24999999999999978,0.7225209339563144,5.551115123125783e-17,0.8571428571428571,0.7839880343226011,0.8823529411764705,0.8333333333333333,1.0,0.0,0.7,0.6666666666666666,0.5,1.0,0.021852399266194367,0.3454915028125262,0.27747906604368566,0.0,0.8571428571428571,0.7858970321971186,0.8823529411764705,0.8333333333333333,1.0,0.0,0.7333333333333333,0.8333333333333333,0.5,1.0,0.0,0.4477357683661729,0.0,0.3568958678922094,0.8571428571428571,0.7878257104620956,0.8823529411764705,0.8333333333333333,1.0,0.0,0.7666666666666667,1.0,0.5,1.0,0.0,0.5522642316338265,0.0990311320975808,0.8019377358048383,0.8571428571428571,0.7897543887270722,0.8823529411764705,0.8333333333333333,1.0,0.0,0.8,0.0,0.5,1.0,0.02185239926619431,0.6545084971874736,0.5,1.0,0.8571428571428571,0.7916830669920492,0.8823529411764705,0.8333333333333333,1.0,0.0,0.8333333333333334,0.16666666666666666,0.5,1.0,0.06460214309120454,0.7499999999999997,0.9009688679024191,0.8019377358048384,0.8571428571428571,0.7935920648665671,0.8823529411764705,0.8333333333333333,1.0,0.0,0.8666666666666667,0.3333333333333333,0.5,1.0,0.12638086253384767,0.8345653031794289,1.0,0.3568958678922095,0.8571428571428571,0.7955010627410846,0.8823529411764705,0.8333333333333333,1.0,0.0,0.9,0.5,0.5,1.0,0.20448853110729381,0.9045084971874737,0.7225209339563144,5.551115123125783e-17,0.8571428571428571,0.7974494213965206,0.8823529411764705,0.8333333333333333,1.0,0.0,0.9333333333333333,0.6666666666666666,0.5,1.0,0.2955114688927057,0.9567727288213003,0.27747906604368566,0.0,0.8571428571428571,0.7993780996614972,0.8823529411764705,0.8333333333333333,1.0,0.0,0.9666666666666667,0.8333333333333333,0.5,1.0,0.39547153673234625,0.9890738003669028,0.0,0.3568958678922094,0.8571428571428571,0.8013067779264742,0.8823529411764705,0.8333333333333333,1.0,0.0,0.9999999999999999,1.0,0.5,1.0,0.4999999999999999,1.0,0.0990311320975808,0.8019377358048383,0.8571428571428571,0.8032157758009917,0.8823529411764705,0.8333333333333333,1.0,0.09090909090909091,0.0,0.0,0.75,0.9282032302755092,0.5,1.0,0.5,1.0,0.8571428571428571,0.8051247736755096,0.8823529411764705,0.8333333333333333,1.0,0.09090909090909091,0.03333333333333333,0.16666666666666666,0.75,0.9282032302755092,0.6045284632676534,0.9890738003669028,0.9009688679024191,0.8019377358048384,0.8571428571428571,0.8068369676454381,0.8823529411764705,0.8333333333333333,1.0,0.09090909090909091,0.06666666666666668,0.3333333333333333,0.75,0.9282032302755092,0.7044885311072939,0.9567727288213004,1.0,0.3568958678922095,0.8571428571428571,0.8086672439581202,0.8823529411764705,0.8333333333333333,1.0,0.09090909090909091,0.1,0.5,0.75,0.9282032302755092,0.7955114688927061,0.9045084971874737,0.7225209339563144,5.551115123125783e-17,0.8571428571428571,0.8104975202708022,0.8823529411764705,0.8333333333333333,1.0,0.09090909090909091,0.13333333333333333,0.6666666666666666,0.75,0.9282032302755092,0.8736191374661522,0.8345653031794291,0.27747906604368566,0.0,0.8571428571428571,0.8123868377548611,0.8823529411764705,0.8333333333333333,1.0,0.09090909090909091,0.16666666666666669,0.8333333333333333,0.75,0.9282032302755092,0.9353978569087953,0.75,0.0,0.3568958678922094,0.8857142857142858,0.814295835629379,0.8823529411764705,0.8888888888888888,1.0,0.09090909090909091,0.2,1.0,0.75,0.9282032302755092,0.9781476007338057,0.6545084971874737,0.0990311320975808,0.8019377358048383,0.8571428571428571,0.8162245138943556,0.8823529411764705,0.8333333333333333,1.0,0.09090909090909091,0.23333333333333334,0.0,0.75,0.9282032302755092,1.0,0.5522642316338269,0.5,1.0,0.8571428571428571,0.8181925529402503,0.8823529411764705,0.8333333333333333,1.0,0.09090909090909091,0.26666666666666666,0.16666666666666666,0.75,0.9282032302755092,1.0,0.44773576836617335,0.9009688679024191,0.8019377358048384,0.8571428571428571,0.8201212312052273,0.8823529411764705,0.8333333333333333,1.0,0.09090909090909091,0.3,0.3333333333333333,0.75,0.9282032302755092,0.9781476007338057,0.34549150281252633,1.0,0.3568958678922095,0.8571428571428571,0.8221089506415806,0.8823529411764705,0.8333333333333333,1.0,0.09090909090909091,0.3333333333333333,0.5,0.75,0.9282032302755092,0.9353978569087953,0.2500000000000001,0.7225209339563144,5.551115123125783e-17,0.8571428571428571,0.8240573092970163,0.8823529411764705,0.8333333333333333,1.0,0.09090909090909091,0.3666666666666667,0.6666666666666666,0.75,0.9282032302755092,0.8736191374661523,0.16543469682057105,0.27747906604368566,0.0,0.8571428571428571,0.826025348342911,0.8823529411764705,0.8333333333333333,1.0,0.09090909090909091,0.4,0.8333333333333333,0.75,0.9282032302755092,0.7955114688927061,0.09549150281252633,0.0,0.3568958678922094,0.8571428571428571,0.8279933873888057,0.8823529411764705,0.8333333333333333,1.0,0.09090909090909091,0.43333333333333335,1.0,0.75,0.9282032302755092,0.704488531107294,0.04322727117869962,0.0990311320975808,0.8019377358048383,0.8571428571428571,0.8299614264347004,0.8823529411764705,0.8333333333333333,1.0,0.09090909090909091,0.4666666666666667,0.0,0.75,0.9282032302755092,0.6045284632676536,0.010926199633097211,0.5,1.0,0.8571428571428571,0.8319294654805951,0.8823529411764705,0.8333333333333333,1.0,0.09090909090909091,0.5,0.16666666666666666,0.75,0.9282032302755092,0.5000000000000001,0.0,0.9009688679024191,0.8019377358048384,0.8571428571428571,0.8339368653074075,0.8823529411764705,0.8333333333333333,1.0,0.09090909090909091,0.5333333333333333,0.3333333333333333,0.75,0.9282032302755092,0.3954715367323467,0.010926199633097156,1.0,0.3568958678922095,0.8571428571428571,0.8358852239628436,0.8823529411764705,0.8333333333333333,1.0,0.09090909090909091,0.5666666666666667,0.5,0.75,0.9282032302755092,0.29551146889270624,0.043227271178699456,0.7225209339563144,5.551115123125783e-17,0.7999999999999999,0.837892623789656,0.8235294117647057,0.7777777777777777,1.0,0.09090909090909091,0.6,0.6666666666666666,0.75,0.9282032302755092,0.20448853110729398,0.09549150281252627,0.27747906604368566,0.0,0.8571428571428571,0.8398213020546326,0.8823529411764705,0.8333333333333333,1.0,0.09090909090909091,0.6333333333333333,0.8333333333333333,0.75,0.9282032302755092,0.12638086253384795,0.16543469682057077,0.0,0.3568958678922094,0.8857142857142858,0.8417106195386914,0.8823529411764705,0.8888888888888888,1.0,0.09090909090909091,0.6666666666666666,1.0,0.75,0.9282032302755092,0.06460214309120482,0.24999999999999978,0.0990311320975808,0.8019377358048383,0.8571428571428571,0.8436196174132093,0.8823529411764705,0.8333333333333333,1.0,0.09090909090909091,0.7,0.0,0.75,0.9282032302755092,0.021852399266194367,0.3454915028125262,0.5,1.0,0.8571428571428571,0.8455286152877273,0.8823529411764705,0.8333333333333333,1.0,0.09090909090909091,0.7333333333333333,0.16666666666666666,0.75,0.9282032302755092,0.0,0.4477357683661729,0.9009688679024191,0.8019377358048384,0.8571428571428571,0.8473785719908684,0.8823529411764705,0.8333333333333333,1.0,0.09090909090909091,0.7666666666666667,0.3333333333333333,0.75,0.9282032302755092,0.0,0.5522642316338265,1.0,0.3568958678922095,0.8571428571428571,0.849326930646304,0.8823529411764705,0.8333333333333333,1.0,0.09090909090909091,0.8,0.5,0.75,0.9282032302755092,0.02185239926619431,0.6545084971874736,0.7225209339563144,5.551115123125783e-17,0.8571428571428571,0.8513343304731165,0.8823529411764705,0.8333333333333333,1.0,0.09090909090909091,0.8333333333333334,0.6666666666666666,0.75,0.9282032302755092,0.06460214309120454,0.7499999999999997,0.27747906604368566,0.0,0.8571428571428571,0.8532630087380935,0.8823529411764705,0.8333333333333333,1.0,0.09090909090909091,0.8666666666666667,0.8333333333333333,0.75,0.9282032302755092,0.12638086253384767,0.8345653031794289,0.0,0.3568958678922094,0.8571428571428571,0.8552310477839882,0.8823529411764705,0.8333333333333333,1.0,0.09090909090909091,0.9,1.0,0.75,0.9282032302755092,0.20448853110729381,0.9045084971874737,0.0990311320975808,0.8019377358048383,0.8571428571428571,0.8571990868298829,0.8823529411764705,0.8333333333333333,1.0,0.1818181818181818,0.0,0.0,0.9330127018922193,0.7320508075688774,0.5,1.0,0.5,1.0,0.8571428571428571,0.859245847437613,0.8823529411764705,0.8333333333333333,1.0,0.1818181818181818,0.03333333333333333,0.16666666666666666,0.9330127018922193,0.7320508075688774,0.6045284632676534,0.9890738003669028,0.9009688679024191,0.8019377358048384,0.8571428571428571,0.8612926080453436,0.8823529411764705,0.8333333333333333,1.0,0.1818181818181818,0.06666666666666668,0.3333333333333333,0.9330127018922193,0.7320508075688774,0.7044885311072939,0.9567727288213004,1.0,0.3568958678922095,0.8571428571428571,0.863300007872156,0.8823529411764705,0.8333333333333333,1.0,0.1818181818181818,0.13333333333333333,0.6666666666666666,0.9330127018922193,0.7320508075688774,0.8736191374661522,0.8345653031794291,0.27747906604368566,0.0,0.8571428571428571,0.8653467684798866,0.8823529411764705,0.8333333333333333,1.0,0.1818181818181818,0.16666666666666669,0.8333333333333333,0.9330127018922193,0.7320508075688774,0.9353978569087953,0.75,0.0,0.3568958678922094,0.8571428571428571,0.8673935290876171,0.8823529411764705,0.8333333333333333,1.0,0.1818181818181818,0.2,1.0,0.9330127018922193,0.7320508075688774,0.9781476007338057,0.6545084971874737,0.0990311320975808,0.8019377358048383,1.0,0.8694599700858063,0.9999999999999999,1.0,1.0,0.1818181818181818,0.23333333333333334,0.0,0.9330127018922193,0.7320508075688774,1.0,0.5522642316338269,0.5,1.0,1.0,0.871546091474455,0.9999999999999999,1.0,1.0,0.1818181818181818,0.26666666666666666,0.16666666666666666,0.9330127018922193,0.7320508075688774,1.0,0.44773576836617335,0.9009688679024191,0.8019377358048384,0.8571428571428571,0.8736125324726443,0.8823529411764705,0.8333333333333333,1.0,0.1818181818181818,0.3,0.3333333333333333,0.9330127018922193,0.7320508075688774,0.9781476007338057,0.34549150281252633,1.0,0.3568958678922095,1.0,0.8756986538612925,0.9999999999999999,1.0,1.0,0.1818181818181818,0.3333333333333333,0.5,0.9330127018922193,0.7320508075688774,0.9353978569087953,0.2500000000000001,0.7225209339563144,5.551115123125783e-17,0.7999999999999999,0.8777847752499408,0.8235294117647057,0.7777777777777777,1.0,0.1818181818181818,0.3666666666666667,0.6666666666666666,0.9330127018922193,0.7320508075688774,0.8736191374661523,0.16543469682057105,0.27747906604368566,0.0,0.7999999999999999,0.8798512162481305,0.8235294117647057,0.7777777777777777,1.0,0.1818181818181818,0.4,0.8333333333333333,0.9330127018922193,0.7320508075688774,0.7955114688927061,0.09549150281252633,0.0,0.3568958678922094,0.7999999999999999,0.8819963788081555,0.8235294117647057,0.7777777777777777,1.0,0.1818181818181818,0.43333333333333335,1.0,0.9330127018922193,0.7320508075688774,0.704488531107294,0.04322727117869962,0.0990311320975808,0.8019377358048383
0.7999999999999999,0.7689522160119657,0.8235294117647057,0.7777777777777777,1.0,0.0,0.43333333333333335,0.5,0.5,1.0,0.704488531107294,0.04322727117869962,0.7225209339563144,5.551115123125783e-17,0.7999999999999999,0.7708218531055655,0.8235294117647057,0.7777777777777777,1.0,0.0,0.4666666666666667,0.6666666666666666,0.5,1.0,0.6045284632676536,0.010926199633097211,0.27747906604368566,0.0,0.7999999999999999,0.7726718098087066,0.8235294117647057,0.7777777777777777,1.0,0.0,0.5,0.8333333333333333,0.5,1.0,0.5000000000000001,0.0,0.0,0.3568958678922094,0.7999999999999999,0.7745611272927655,0.8235294117647057,0.7777777777777777,1.0,0.0,0.5333333333333333,1.0,0.5,1.0,0.3954715367323467,0.010926199633097156,0.0990311320975808,0.8019377358048383,0.8571428571428571,0.7763914036054476,0.8823529411764705,0.8333333333333333,1.0,0.0,0.5666666666666667,0.0,0.5,1.0,0.29551146889270624,0.043227271178699456,0.5,1.0,0.8571428571428571,0.7782807210895064,0.8823529411764705,0.8333333333333333,1.0,0.0,0.6,0.16666666666666666,0.5,1.0,0.20448853110729398,0.09549150281252627,0.9009688679024191,0.8019377358048384,0.8571428571428571,0.7801897189640243,0.8823529411764705,0.8333333333333333,1.0,0.0,0.6333333333333333,0.3333333333333333,0.5,1.0,0.12638086253384795,0.16543469682057077,1.0,0.3568958678922095,0.8571428571428571,0.7820593560576241,0.8823529411764705,0.8333333333333333,1.0,0.0,0.6666666666666666,0.5,0.5,1.0,0.06460214309120482,0.24999999999999978,0.7225209339563144,5.551115123125783e-17,0.8571428571428571,0.7839880343226011,0.8823529411764705,0.8333333333333333,1.0,0.0,0.7,0.6666666666666666,0.5,1.0,0.021852399266194367,0.3454915028125262,0.27747906604368566,0.0,0.8571428571428571,0.7858970321971186,0.8823529411764705,0.8333333333333333,1.0,0.0,0.7333333333333333,0.8333333333333333,0.5,1.0,0.0,0.4477357683661729,0.0,0.3568958678922094,0.8571428571428571,0.7878257104620956,0.8823529411764705,0.8333333333333333,1.0,0.0,0.7666666666666667,1.0,0.5,1.0,0.0,0.5522642316338265,0.0990311320975808,0.8019377358048383,0.8571428571428571,0.7897543887270722,0.8823529411764705,0.8333333333333333,1.0,0.0,0.8,0.0,0.5,1.0,0.02185239926619431,0.6545084971874736,0.5,1.0,0.8571428571428571,0.7916830669920492,0.8823529411764705,0.8333333333333333,1.0,0.0,0.8333333333333334,0.16666666666666666,0.5,1.0,0.06460214309120454,0.7499999999999997,0.9009688679024191,0.8019377358048384,0.8571428571428571,0.7935920648665671,0.8823529411764705,0.8333333333333333,1.0,0.0,0.8666666666666667,0.3333333333333333,0.5,1.0,0.12638086253384767,0.8345653031794289,1.0,0.3568958678922095,0.8571428571428571,0.7955010627410846,0.8823529411764705,0.8333333333333333,1.0,0.0,0.9,0.5,0.5,1.0,0.20448853110729381,0.9045084971874737,0.7225209339563144,5.551115123125783e-17,0.8571428571428571,0.7974494213965206,0.8823529411764705,0.8333333333333333,1.0,0.0,0.9333333333333333,0.6666666666666666,0.5,1.0,0.2955114688927057,0.9567727288213003,0.27747906604368566,0.0,0.8571428571428571,0.7993780996614972,0.8823529411764705,0.8333333333333333,1.0,0.0,0.9666666666666667,0.8333333333333333,0.5,1.0,0.39547153673234625,0.9890738003669028,0.0,0.3568958678922094,0.8571428571428571,0.8013067779264742,0.8823529411764705,0.8333333333333333,1.0,0.0,0.9999999999999999,1.0,0.5,1.0,0.4999999999999999,1.0,0.0990311320975808,0.8019377358048383,0.8571428571428571,0.8032157758009917,0.8823529411764705,0.8333333333333333,1.0,0.09090909090909091,0.0,0.0,0.75,0.9282032302755092,0.5,1.0,0.5,1.0,0.8571428571428571,0.8051247736755096,0.8823529411764705,0.8333333333333333,1.0,0.09090909090909091,0.03333333333333333,0.16666666666666666,0.75,0.9282032302755092,0.6045284632676534,0.9890738003669028,0.9009688679024191,0.8019377358048384,0.8571428571428571,0.8068369676454381,0.8823529411764705,0.8333333333333333,1.0,0.09090909090909091,0.06666666666666668,0.3333333333333333,0.75,0.9282032302755092,0.7044885311072939,0.9567727288213004,1.0,0.3568958678922095,0.8571428571428571,0.8086672439581202,0.8823529411764705,0.8333333333333333,1.0,0.09090909090909091,0.1,0.5,0.75,0.9282032302755092,0.7955114688927061,0.9045084971874737,0.7225209339563144,5.551115123125783e-17,0.8571428571428571,0.8104975202708022,0.8823529411764705,0.8333333333333333,1.0,0.09090909090909091,0.13333333333333333,0.6666666666666666,0.75,0.9282032302755092,0.8736191374661522,0.8345653031794291,0.27747906604368566,0.0,0.8571428571428571,0.8123868377548611,0.8823529411764705,0.8333333333333333,1.0,0.09090909090909091,0.16666666666666669,0.8333333333333333,0.75,0.9282032302755092,0.9353978569087953,0.75,0.0,0.3568958678922094,0.8857142857142858,0.814295835629379,0.8823529411764705,0.8888888888888888,1.0,0.09090909090909091,0.2,1.0,0.75,0.9282032302755092,0.9781476007338057,0.6545084971874737,0.0990311320975808,0.8019377358048383,0.8571428571428571,0.8162245138943556,0.8823529411764705,0.8333333333333333,1.0,0.09090909090909091,0.23333333333333334,0.0,0.75,0.9282032302755092,1.0,0.5522642316338269,0.5,1.0,0.8571428571428571,0.8181925529402503,0.8823529411764705,0.8333333333333333,1.0,0.09090909090909091,0.26666666666666666,0.16666666666666666,0.75,0.9282032302755092,1.0,0.44773576836617335,0.9009688679024191,0.8019377358048384,0.8571428571428571,0.8201212312052273,0.8823529411764705,0.8333333333333333,1.0,0.09090909090909091,0.3,0.3333333333333333,0.75,0.9282032302755092,0.9781476007338057,0.34549150281252633,1.0,0.3568958678922095,0.8571428571428571,0.8221089506415806,0.8823529411764705,0.8333333333333333,1.0,0.09090909090909091,0.3333333333333333,0.5,0.75,0.9282032302755092,0.9353978569087953,0.2500000000000001,0.7225209339563144,5.551115123125783e-17,0.8571428571428571,0.8240573092970163,0.8823529411764705,0.8333333333333333,1.0,0.09090909090909091,0.3666666666666667,0.6666666666666666,0.75,0.9282032302755092,0.8736191374661523,0.16543469682057105,0.27747906604368566,0.0,0.8571428571428571,0.826025348342911,0.8823529411764705,0.8333333333333333,1.0,0.09090909090909091,0.4,0.8333333333333333,0.75,0.9282032302755092,0.7955114688927061,0.09549150281252633,0.0,0.3568958678922094,0.8571428571428571,0.8279933873888057,0.8823529411764705,0.8333333333333333,1.0,0.09090909090909091,0.43333333333333335,1.0,0.75,0.9282032302755092,0.704488531107294,0.04322727117869962,0.0990311320975808,0.8019377358048383,0.8571428571428571,0.8299614264347004,0.8823529411764705,0.8333333333333333,1.0,0.09090909090909091,0.4666666666666667,0.0,0.75,0.9282032302755092,0.6045284632676536,0.010926199633097211,0.5,1.0,0.8571428571428571,0.8319294654805951,0.8823529411764705,0.8333333333333333,1.0,0.09090909090909091,0.5,0.16666666666666666,0.75,0.9282032302755092,0.5000000000000001,0.0,0.9009688679024191,0.8019377358048384,0.8571428571428571,0.8339368653074075,0.8823529411764705,0.8333333333333333,1.0,0.09090909090909091,0.5333333333333333,0.3333333333333333,0.75,0.9282032302755092,0.3954715367323467,0.010926199633097156,1.0,0.3568958678922095,0.8571428571428571,0.8358852239628436,0.8823529411764705,0.8333333333333333,1.0,0.09090909090909091,0.5666666666666667,0.5,0.75,0.9282032302755092,0.29551146889270624,0.043227271178699456,0.7225209339563144,5.551115123125783e-17,0.7999999999999999,0.837892623789656,0.8235294117647057,0.7777777777777777,1.0,0.09090909090909091,0.6,0.6666666666666666,0.75,0.9282032302755092,0.20448853110729398,0.09549150281252627,0.27747906604368566,0.0,0.8571428571428571,0.8398213020546326,0.8823529411764705,0.8333333333333333,1.0,0.09090909090909091,0.6333333333333333,0.8333333333333333,0.75,0.9282032302755092,0.12638086253384795,0.16543469682057077,0.0,0.3568958678922094,0.8857142857142858,0.8417106195386914,0.8823529411764705,0.8888888888888888,1.0,0.09090909090909091,0.6666666666666666,1.0,0.75,0.9282032302755092,0.06460214309120482,0.24999999999999978,0.0990311320975808,0.8019377358048383,0.8571428571428571,0.8436196174132093,0.8823529411764705,0.8333333333333333,1.0,0.09090909090909091,0.7,0.0,0.75,0.9282032302755092,0.021852399266194367,0.3454915028125262,0.5,1.0,0.8571428571428571,0.8455286152877273,0.8823529411764705,0.8333333333333333,1.0,0.09090909090909091,0.7333333333333333,0.16666666666666666,0.75,0.9282032302755092,0.0,0.4477357683661729,0.9009688679024191,0.8019377358048384,0.8571428571428571,0.8473785719908684,0.8823529411764705,0.8333333333333333,1.0,0.09090909090909091,0.7666666666666667,0.3333333333333333,0.75,0.9282032302755092,0.0,0.5522642316338265,1.0,0.3568958678922095,0.8571428571428571,0.849326930646304,0.8823529411764705,0.8333333333333333,1.0,0.09090909090909091,0.8,0.5,0.75,0.9282032302755092,0.02185239926619431,0.6545084971874736,0.7225209339563144,5.551115123125783e-17,0.8571428571428571,0.8513343304731165,0.8823529411764705,0.8333333333333333,1.0,0.09090909090909091,0.8333333333333334,0.6666666666666666,0.75,0.9282032302755092,0.06460214309120454,0.7499999999999997,0.27747906604368566,0.0,0.8571428571428571,0.8532630087380935,0.8823529411764705,0.8333333333333333,1.0,0.09090909090909091,0.8666666666666667,0.8333333333333333,0.75,0.9282032302755092,0.12638086253384767,0.8345653031794289,0.0,0.3568958678922094,0.8571428571428571,0.8552310477839882,0.8823529411764705,0.8333333333333333,1.0,0.09090909090909091,0.9,1.0,0.75,0.9282032302755092,0.20448853110729381,0.9045084971874737,0.0990311320975808,0.8019377358048383,0.8571428571428571,0.8571990868298829,0.8823529411764705,0.8333333333333333,1.0,0.1818181818181818,0.0,0.0,0.9330127018922193,0.7320508075688774,0.5,1.0,0.5,1.0,0.8571428571428571,0.859245847437613,0.8823529411764705,0.8333333333333333,1.0,0.1818181818181818,0.03333333333333333,0.16666666666666666,0.9330127018922193,0.7320508075688774,0.6045284632676534,0.9890738003669028,0.9009688679024191,0.8019377358048384,0.8571428571428571,0.8612926080453436,0.8823529411764705,0.8333333333333333,1.0,0.1818181818181818,0.06666666666666668,0.3333333333333333,0.9330127018922193,0.7320508075688774,0.7044885311072939,0.9567727288213004,1.0,0.3568958678922095,0.8571428571428571,0.863300007872156,0.8823529411764705,0.8333333333333333,1.0,0.1818181818181818,0.13333333333333333,0.6666666666666666,0.9330127018922193,0.7320508075688774,0.8736191374661522,0.8345653031794291,0.27747906604368566,0.0,0.8571428571428571,0.8653467684798866,0.8823529411764705,0.8333333333333333,1.0,0.1818181818181818,0.16666666666666669,0.8333333333333333,0.9330127018922193,0.7320508075688774,0.9353978569087953,0.75,0.0,0.3568958678922094,0.8571428571428571,0.8673935290876171,0.8823529411764705,0.8333333333333333,1.0,0.1818181818181818,0.2,1.0,0.9330127018922193,0.7320508075688774,0.9781476007338057,0.6545084971874737,0.0990311320975808,0.8019377358048383,1.0,0.8694599700858063,0.9999999999999999,1.0,1.0,0.1818181818181818,0.23333333333333334,0.0,0.9330127018922193,0.7320508075688774,1.0,0.5522642316338269,0.5,1.0,1.0,0.871546091474455,0.9999999999999999,1.0,1.0,0.1818181818181818,0.26666666666666666,0.16666666666666666,0.9330127018922193,0.7320508075688774,1.0,0.44773576836617335,0.9009688679024191,0.8019377358048384,0.8571428571428571,0.8736125324726443,0.8823529411764705,0.8333333333333333,1.0,0.1818181818181818,0.3,0.3333333333333333,0.9330127018922193,0.7320508075688774,0.9781476007338057,0.34549150281252633,1.0,0.3568958678922095,1.0,0.8756986538612925,0.9999999999999999,1.0,1.0,0.1818181818181818,0.3333333333333333,0.5,0.9330127018922193,0.7320508075688774,0.9353978569087953,0.2500000000000001,0.7225209339563144,5.551115123125783e-17,0.7999999999999999,0.8777847752499408,0.8235294117647057,0.7777777777777777,1.0,0.1818181818181818,0.3666666666666667,0.6666666666666666,0.9330127018922193,0.7320508075688774,0.8736191374661523,0.16543469682057105,0.27747906604368566,0.0,0.7999999999999999,0.8798512162481305,0.8235294117647057,0.7777777777777777,1.0,0.1818181818181818,0.4,0.8333333333333333,0.9330127018922193,0.7320508075688774,0.7955114688927061,0.09549150281252633,0.0,0.3568958678922094,0.7999999999999999,0.8819963788081555,0.8235294117647057,0.7777777777777777,1.0,0.1818181818181818,0.43333333333333335,1.0,0.9330127018922193,0.7320508075688774,0.704488531107294,0.04322727117869962,0.0990311320975808,0.8019377358048383,0.7999999999999999,0.8841218609777219,0.8235294117647057,0.7777777777777777,1.0,0.1818181818181818,0.4666666666666667,0.0,0.9330127018922193,0.7320508075688774,0.6045284632676536,0.010926199633097211,0.5,1.0
0.7999999999999999,0.7708218531055655,0.8235294117647057,0.7777777777777777,1.0,0.0,0.4666666666666667,0.6666666666666666,0.5,1.0,0.6045284632676536,0.010926199633097211,0.27747906604368566,0.0,0.7999999999999999,0.7726718098087066,0.8235294117647057,0.7777777777777777,1.0,0.0,0.5,0.8333333333333333,0.5,1.0,0.5000000000000001,0.0,0.0,0.3568958678922094,0.7999999999999999,0.7745611272927655,0.8235294117647057,0.7777777777777777,1.0,0.0,0.5333333333333333,1.0,0.5,1.0,0.3954715367323467,0.010926199633097156,0.0990311320975808,0.8019377358048383,0.8571428571428571,0.7763914036054476,0.8823529411764705,0.8333333333333333,1.0,0.0,0.5666666666666667,0.0,0.5,1.0,0.29551146889270624,0.043227271178699456,0.5,1.0,0.8571428571428571,0.7782807210895064,0.8823529411764705,0.8333333333333333,1.0,0.0,0.6,0.16666666666666666,0.5,1.0,0.20448853110729398,0.09549150281252627,0.9009688679024191,0.8019377358048384,0.8571428571428571,0.7801897189640243,0.8823529411764705,0.8333333333333333,1.0,0.0,0.6333333333333333,0.3333333333333333,0.5,1.0,0.12638086253384795,0.16543469682057077,1.0,0.3568958678922095,0.8571428571428571,0.7820593560576241,0.8823529411764705,0.8333333333333333,1.0,0.0,0.6666666666666666,0.5,0.5,1.0,0.06460214309120482,0.24999999999999978,0.7225209339563144,5.551115123125783e-17,0.8571428571428571,0.7839880343226011,0.8823529411764705,0.8333333333333333,1.0,0.0,0.7,0.6666666666666666,0.5,1.0,0.021852399266194367,0.3454915028125262,0.27747906604368566,0.0,0.8571428571428571,0.7858970321971186,0.8823529411764705,0.8333333333333333,1.0,0.0,0.7333333333333333,0.8333333333333333,0.5,1.0,0.0,0.4477357683661729,0.0,0.3568958678922094,0.8571428571428571,0.7878257104620956,0.8823529411764705,0.8333333333333333,1.0,0.0,0.7666666666666667,1.0,0.5,1.0,0.0,0.5522642316338265,0.0990311320975808,0.8019377358048383,0.8571428571428571,0.7897543887270722,0.8823529411764705,0.8333333333333333,1.0,0.0,0.8,0.0,0.5,1.0,0.02185239926619431,0.6545084971874736,0.5,1.0,0.8571428571428571,0.7916830669920492,0.8823529411764705,0.8333333333333333,1.0,0.0,0.8333333333333334,0.16666666666666666,0.5,1.0,0.06460214309120454,0.7499999999999997,0.9009688679024191,0.8019377358048384,0.8571428571428571,0.7935920648665671,0.8823529411764705,0.8333333333333333,1.0,0.0,0.8666666666666667,0.3333333333333333,0.5,1.0,0.12638086253384767,0.8345653031794289,1.0,0.3568958678922095,0.8571428571428571,0.7955010627410846,0.8823529411764705,0.8333333333333333,1.0,0.0,0.9,0.5,0.5,1.0,0.20448853110729381,0.9045084971874737,0.7225209339563144,5.551115123125783e-17,0.8571428571428571,0.7974494213965206,0.8823529411764705,0.8333333333333333,1.0,0.0,0.9333333333333333,0.6666666666666666,0.5,1.0,0.2955114688927057,0.9567727288213003,0.27747906604368566,0.0,0.8571428571428571,0.7993780996614972,0.8823529411764705,0.8333333333333333,1.0,0.0,0.9666666666666667,0.8333333333333333,0.5,1.0,0.39547153673234625,0.9890738003669028,0.0,0.3568958678922094,0.8571428571428571,0.8013067779264742,0.8823529411764705,0.8333333333333333,1.0,0.0,0.9999999999999999,1.0,0.5,1.0,0.4999999999999999,1.0,0.0990311320975808,0.8019377358048383,0.8571428571428571,0.8032157758009917,0.8823529411764705,0.8333333333333333,1.0,0.09090909090909091,0.0,0.0,0.75,0.9282032302755092,0.5,1.0,0.5,1.0,0.8571428571428571,0.8051247736755096,0.8823529411764705,0.8333333333333333,1.0,0.09090909090909091,0.03333333333333333,0.16666666666666666,0.75,0.9282032302755092,0.6045284632676534,0.9890738003669028,0.9009688679024191,0.8019377358048384,0.8571428571428571,0.8068369676454381,0.8823529411764705,0.8333333333333333,1.0,0.09090909090909091,0.06666666666666668,0.3333333333333333,0.75,0.9282032302755092,0.7044885311072939,0.9567727288213004,1.0,0.3568958678922095,0.8571428571428571,0.8086672439581202,0.8823529411764705,0.8333333333333333,1.0,0.09090909090909091,0.1,0.5,0.75,0.9282032302755092,0.7955114688927061,0.9045084971874737,0.7225209339563144,5.551115123125783e-17,0.8571428571428571,0.8104975202708022,0.8823529411764705,0.8333333333333333,1.0,0.09090909090909091,0.13333333333333333,0.6666666666666666,0.75,0.9282032302755092,0.8736191374661522,0.8345653031794291,0.27747906604368566,0.0,0.8571428571428571,0.8123868377548611,0.8823529411764705,0.8333333333333333,1.0,0.09090909090909091,0.16666666666666669,0.8333333333333333,0.75,0.9282032302755092,0.9353978569087953,0.75,0.0,0.3568958678922094,0.8857142857142858,0.814295835629379,0.8823529411764705,0.8888888888888888,1.0,0.09090909090909091,0.2,1.0,0.75,0.9282032302755092,0.9781476007338057,0.6545084971874737,0.0990311320975808,0.8019377358048383,0.8571428571428571,0.8162245138943556,0.8823529411764705,0.8333333333333333,1.0,0.09090909090909091,0.23333333333333334,0.0,0.75,0.9282032302755092,1.0,0.5522642316338269,0.5,1.0,0.8571428571428571,0.8181925529402503,0.8823529411764705,0.8333333333333333,1.0,0.09090909090909091,0.26666666666666666,0.16666666666666666,0.75,0.9282032302755092,1.0,0.44773576836617335,0.9009688679024191,0.8019377358048384,0.8571428571428571,0.8201212312052273,0.8823529411764705,0.8333333333333333,1.0,0.09090909090909091,0.3,0.3333333333333333,0.75,0.9282032302755092,0.9781476007338057,0.34549150281252633,1.0,0.3568958678922095,0.8571428571428571,0.8221089506415806,0.8823529411764705,0.8333333333333333,1.0,0.09090909090909091,0.3333333333333333,0.5,0.75,0.9282032302755092,0.9353978569087953,0.2500000000000001,0.7225209339563144,5.551115123125783e-17,0.8571428571428571,0.8240573092970163,0.8823529411764705,0.8333333333333333,1.0,0.09090909090909091,0.3666666666666667,0.6666666666666666,0.75,0.9282032302755092,0.8736191374661523,0.16543469682057105,0.27747906604368566,0.0,0.8571428571428571,0.826025348342911,0.8823529411764705,0.8333333333333333,1.0,0.09090909090909091,0.4,0.8333333333333333,0.75,0.9282032302755092,0.7955114688927061,0.09549150281252633,0.0,0.3568958678922094,0.8571428571428571,0.8279933873888057,0.8823529411764705,0.8333333333333333,1.0,0.09090909090909091,0.43333333333333335,1.0,0.75,0.9282032302755092,0.704488531107294,0.04322727117869962,0.0990311320975808,0.8019377358048383,0.8571428571428571,0.8299614264347004,0.8823529411764705,0.8333333333333333,1.0,0.09090909090909091,0.4666666666666667,0.0,0.75,0.9282032302755092,0.6045284632676536,0.010926199633097211,0.5,1.0,0.8571428571428571,0.8319294654805951,0.8823529411764705,0.8333333333333333,1.0,0.09090909090909091,0.5,0.16666666666666666,0.75,0.9282032302755092,0.5000000000000001,0.0,0.9009688679024191,0.8019377358048384,0.8571428571428571,0.8339368653074075,0.8823529411764705,0.8333333333333333,1.0,0.09090909090909091,0.5333333333333333,0.3333333333333333,0.75,0.9282032302755092,0.3954715367323467,0.010926199633097156,1.0,0.3568958678922095,0.8571428571428571,0.8358852239628436,0.8823529411764705,0.8333333333333333,1.0,0.09090909090909091,0.5666666666666667,0.5,0.75,0.9282032302755092,0.29551146889270624,0.043227271178699456,0.7225209339563144,5.551115123125783e-17,0.7999999999999999,0.837892623789656,0.8235294117647057,0.7777777777777777,1.0,0.09090909090909091,0.6,0.6666666666666666,0.75,0.9282032302755092,0.20448853110729398,0.09549150281252627,0.27747906604368566,0.0,0.8571428571428571,0.8398213020546326,0.8823529411764705,0.8333333333333333,1.0,0.09090909090909091,0.6333333333333333,0.8333333333333333,0.75,0.9282032302755092,0.12638086253384795,0.16543469682057077,0.0,0.3568958678922094,0.8857142857142858,0.8417106195386914,0.8823529411764705,0.8888888888888888,1.0,0.09090909090909091,0.6666666666666666,1.0,0.75,0.9282032302755092,0.06460214309120482,0.24999999999999978,0.0990311320975808,0.8019377358048383,0.8571428571428571,0.8436196174132093,0.8823529411764705,0.8333333333333333,1.0,0.09090909090909091,0.7,0.0,0.75,0.9282032302755092,0.021852399266194367,0.3454915028125262,0.5,1.0,0.8571428571428571,0.8455286152877273,0.8823529411764705,0.8333333333333333,1.0,0.09090909090909091,0.7333333333333333,0.16666666666666666,0.75,0.9282032302755092,0.0,0.4477357683661729,0.9009688679024191,0.8019377358048384,0.8571428571428571,0.8473785719908684,0.8823529411764705,0.8333333333333333,1.0,0.09090909090909091,0.7666666666666667,0.3333333333333333,0.75,0.9282032302755092,0.0,0.5522642316338265,1.0,0.3568958678922095,0.8571428571428571,0.849326930646304,0.8823529411764705,0.8333333333333333,1.0,0.09090909090909091,0.8,0.5,0.75,0.9282032302755092,0.02185239926619431,0.6545084971874736,0.7225209339563144,5.551115123125783e-17,0.8571428571428571,0.8513343304731165,0.8823529411764705,0.8333333333333333,1.0,0.09090909090909091,0.8333333333333334,0.6666666666666666,0.75,0.9282032302755092,0.06460214309120454,0.7499999999999997,0.27747906604368566,0.0,0.8571428571428571,0.8532630087380935,0.8823529411764705,0.8333333333333333,1.0,0.09090909090909091,0.8666666666666667,0.8333333333333333,0.75,0.9282032302755092,0.12638086253384767,0.8345653031794289,0.0,0.3568958678922094,0.8571428571428571,0.8552310477839882,0.8823529411764705,0.8333333333333333,1.0,0.09090909090909091,0.9,1.0,0.75,0.9282032302755092,0.20448853110729381,0.9045084971874737,0.0990311320975808,0.8019377358048383,0.8571428571428571,0.8571990868298829,0.8823529411764705,0.8333333333333333,1.0,0.1818181818181818,0.0,0.0,0.9330127018922193,0.7320508075688774,0.5,1.0,0.5,1.0,0.8571428571428571,0.859245847437613,0.8823529411764705,0.8333333333333333,1.0,0.1818181818181818,0.03333333333333333,0.16666666666666666,0.9330127018922193,0.7320508075688774,0.6045284632676534,0.9890738003669028,0.9009688679024191,0.8019377358048384,0.8571428571428571,0.8612926080453436,0.8823529411764705,0.8333333333333333,1.0,0.1818181818181818,0.06666666666666668,0.3333333333333333,0.9330127018922193,0.7320508075688774,0.7044885311072939,0.9567727288213004,1.0,0.3568958678922095,0.8571428571428571,0.863300007872156,0.8823529411764705,0.8333333333333333,1.0,0.1818181818181818,0.13333333333333333,0.6666666666666666,0.9330127018922193,0.7320508075688774,0.8736191374661522,0.8345653031794291,0.27747906604368566,0.0,0.8571428571428571,0.8653467684798866,0.8823529411764705,0.8333333333333333,1.0,0.1818181818181818,0.16666666666666669,0.8333333333333333,0.9330127018922193,0.7320508075688774,0.9353978569087953,0.75,0.0,0.3568958678922094,0.8571428571428571,0.8673935290876171,0.8823529411764705,0.8333333333333333,1.0,0.1818181818181818,0.2,1.0,0.9330127018922193,0.7320508075688774,0.9781476007338057,0.6545084971874737,0.0990311320975808,0.8019377358048383,1.0,0.8694599700858063,0.9999999999999999,1.0,1.0,0.1818181818181818,0.23333333333333334,0.0,0.9330127018922193,0.7320508075688774,1.0,0.5522642316338269,0.5,1.0,1.0,0.871546091474455,0.9999999999999999,1.0,1.0,0.1818181818181818,0.26666666666666666,0.16666666666666666,0.9330127018922193,0.7320508075688774,1.0,0.44773576836617335,0.9009688679024191,0.8019377358048384,0.8571428571428571,0.8736125324726443,0.8823529411764705,0.8333333333333333,1.0,0.1818181818181818,0.3,0.3333333333333333,0.9330127018922193,0.7320508075688774,0.9781476007338057,0.34549150281252633,1.0,0.3568958678922095,1.0,0.8756986538612925,0.9999999999999999,1.0,1.0,0.1818181818181818,0.3333333333333333,0.5,0.9330127018922193,0.7320508075688774,0.9353978569087953,0.2500000000000001,0.7225209339563144,5.551115123125783e-17,0.7999999999999999,0.8777847752499408,0.8235294117647057,0.7777777777777777,1.0,0.1818181818181818,0.3666666666666667,0.6666666666666666,0.9330127018922193,0.7320508075688774,0.8736191374661523,0.16543469682057105,0.27747906604368566,0.0,0.7999999999999999,0.8798512162481305,0.8235294117647057,0.7777777777777777,1.0,0.1818181818181818,0.4,0.8333333333333333,0.9330127018922193,0.7320508075688774,0.7955114688927061,0.09549150281252633,0.0,0.3568958678922094,0.7999999999999999,0.8819963788081555,0.8235294117647057,0.7777777777777777,1.0,0.1818181818181818,0.43333333333333335,1.0,0.9330127018922193,0.7320508075688774,0.704488531107294,0.04322727117869962,0.0990311320975808,0.8019377358048383,0.7999999999999999,0.8841218609777219,0.8235294117647057,0.7777777777777777,1.0,0.1818181818181818,0.4666666666666667,0.0,0.9330127018922193,0.7320508075688774,0.6045284632676536,0.010926199633097211,0.5,1.0,0.7999999999999999,0.8862867039282061,0.8235294117647057,0.7777777777777777,1.0,0.1818181818181818,0.5,0.16666666666666666,0.9330127018922193,0.7320508075688774,0.5000000000000001,0.0,0.9009688679024191,0.8019377358048384
0.7999999999999999,0.7726718098087066,0.8235294117647057,0.7777777777777777,1.0,0.0,0.5,0.8333333333333333,0.5,1.0,0.5000000000000001,0.0,0.0,0.3568958678922094,0.7999999999999999,0.7745611272927655,0.8235294117647057,0.7777777777777777,1.0,0.0,0.5333333333333333,1.0,0.5,1.0,0.3954715367323467,0.010926199633097156,0.0990311320975808,0.8019377358048383,0.8571428571428571,0.7763914036054476,0.8823529411764705,0.8333333333333333,1.0,0.0,0.5666666666666667,0.0,0.5,1.0,0.29551146889270624,0.043227271178699456,0.5,1.0,0.8571428571428571,0.7782807210895064,0.8823529411764705,0.8333333333333333,1.0,0.0,0.6,0.16666666666666666,0.5,1.0,0.20448853110729398,0.09549150281252627,0.9009688679024191,0.8019377358048384,0.8571428571428571,0.7801897189640243,0.8823529411764705,0.8333333333333333,1.0,0.0,0.6333333333333333,0.3333333333333333,0.5,1.0,0.12638086253384795,0.16543469682057077,1.0,0.3568958678922095,0.8571428571428571,0.7820593560576241,0.8823529411764705,0.8333333333333333,1.0,0.0,0.6666666666666666,0.5,0.5,1.0,0.06460214309120482,0.24999999999999978,0.7225209339563144,5.551115123125783e-17,0.8571428571428571,0.7839880343226011,0.8823529411764705,0.8333333333333333,1.0,0.0,0.7,0.6666666666666666,0.5,1.0,0.021852399266194367,0.3454915028125262,0.27747906604368566,0.0,0.8571428571428571,0.7858970321971186,0.8823529411764705,0.8333333333333333,1.0,0.0,0.7333333333333333,0.8333333333333333,0.5,1.0,0.0,0.4477357683661729,0.0,0.3568958678922094,0.8571428571428571,0.7878257104620956,0.8823529411764705,0.8333333333333333,1.0,0.0,0.7666666666666667,1.0,0.5,1.0,0.0,0.5522642316338265,0.0990311320975808,0.8019377358048383,0.8571428571428571,0.7897543887270722,0.8823529411764705,0.8333333333333333,1.0,0.0,0.8,0.0,0.5,1.0,0.02185239926619431,0.6545084971874736,0.5,1.0,0.8571428571428571,0.7916830669920492,0.8823529411764705,0.8333333333333333,1.0,0.0,0.8333333333333334,0.16666666666666666,0.5,1.0,0.06460214309120454,0.7499999999999997,0.9009688679024191,0.8019377358048384,0.8571428571428571,0.7935920648665671,0.8823529411764705,0.8333333333333333,1.0,0.0,0.8666666666666667,0.3333333333333333,0.5,1.0,0.12638086253384767,0.8345653031794289,1.0,0.3568958678922095,0.8571428571428571,0.7955010627410846,0.8823529411764705,0.8333333333333333,1.0,0.0,0.9,0.5,0.5,1.0,0.20448853110729381,0.9045084971874737,0.7225209339563144,5.551115123125783e-17,0.8571428571428571,0.7974494213965206,0.8823529411764705,0.8333333333333333,1.0,0.0,0.9333333333333333,0.6666666666666666,0.5,1.0,0.2955114688927057,0.9567727288213003,0.27747906604368566,0.0,0.8571428571428571,0.7993780996614972,0.8823529411764705,0.8333333333333333,1.0,0.0,0.9666666666666667,0.8333333333333333,0.5,1.0,0.39547153673234625,0.9890738003669028,0.0,0.3568958678922094,0.8571428571428571,0.8013067779264742,0.8823529411764705,0.8333333333333333,1.0,0.0,0.9999999999999999,1.0,0.5,1.0,0.4999999999999999,1.0,0.0990311320975808,0.8019377358048383,0.8571428571428571,0.8032157758009917,0.8823529411764705,0.8333333333333333,1.0,0.09090909090909091,0.0,0.0,0.75,0.9282032302755092,0.5,1.0,0.5,1.0,0.8571428571428571,0.8051247736755096,0.8823529411764705,0.8333333333333333,1.0,0.09090909090909091,0.03333333333333333,0.16666666666666666,0.75,0.9282032302755092,0.6045284632676534,0.9890738003669028,0.9009688679024191,0.8019377358048384,0.8571428571428571,0.8068369676454381,0.8823529411764705,0.8333333333333333,1.0,0.09090909090909091,0.06666666666666668,0.3333333333333333,0.75,0.9282032302755092,0.7044885311072939,0.9567727288213004,1.0,0.3568958678922095,0.8571428571428571,0.8086672439581202,0.8823529411764705,0.8333333333333333,1.0,0.09090909090909091,0.1,0.5,0.75,0.9282032302755092,0.7955114688927061,0.9045084971874737,0.7225209339563144,5.551115123125783e-17,0.8571428571428571,0.8104975202708022,0.8823529411764705,0.8333333333333333,1.0,0.09090909090909091,0.13333333333333333,0.6666666666666666,0.75,0.9282032302755092,0.8736191374661522,0.8345653031794291,0.27747906604368566,0.0,0.8571428571428571,0.8123868377548611,0.8823529411764705,0.8333333333333333,1.0,0.09090909090909091,0.16666666666666669,0.8333333333333333,0.75,0.9282032302755092,0.9353978569087953,0.75,0.0,0.3568958678922094,0.8857142857142858,0.814295835629379,0.8823529411764705,0.8888888888888888,1.0,0.09090909090909091,0.2,1.0,0.75,0.9282032302755092,0.9781476007338057,0.6545084971874737,0.0990311320975808,0.8019377358048383,0.8571428571428571,0.8162245138943556,0.8823529411764705,0.8333333333333333,1.0,0.09090909090909091,0.23333333333333334,0.0,0.75,0.9282032302755092,1.0,0.5522642316338269,0.5,1.0,0.8571428571428571,0.8181925529402503,0.8823529411764705,0.8333333333333333,1.0,0.09090909090909091,0.26666666666666666,0.16666666666666666,0.75,0.9282032302755092,1.0,0.44773576836617335,0.9009688679024191,0.8019377358048384,0.8571428571428571,0.8201212312052273,0.8823529411764705,0.8333333333333333,1.0,0.09090909090909091,0.3,0.3333333333333333,0.75,0.9282032302755092,0.9781476007338057,0.34549150281252633,1.0,0.3568958678922095,0.8571428571428571,0.8221089506415806,0.8823529411764705,0.8333333333333333,1.0,0.09090909090909091,0.3333333333333333,0.5,0.75,0.9282032302755092,0.9353978569087953,0.2500000000000001,0.7225209339563144,5.551115123125783e-17,0.8571428571428571,0.8240573092970163,0.8823529411764705,0.8333333333333333,1.0,0.09090909090909091,0.3666666666666667,0.6666666666666666,0.75,0.9282032302755092,0.8736191374661523,0.16543469682057105,0.27747906604368566,0.0,0.8571428571428571,0.826025348342911,0.8823529411764705,0.8333333333333333,1.0,0.09090909090909091,0.4,0.8333333333333333,0.75,0.9282032302755092,0.7955114688927061,0.09549150281252633,0.0,0.3568958678922094,0.8571428571428571,0.8279933873888057,0.8823529411764705,0.8333333333333333,1.0,0.09090909090909091,0.43333333333333335,1.0,0.75,0.9282032302755092,0.704488531107294,0.04322727117869962,0.0990311320975808,0.8019377358048383,0.8571428571428571,0.8299614264347004,0.8823529411764705,0.8333333333333333,1.0,0.09090909090909091,0.4666666666666667,0.0,0.75,0.9282032302755092,0.6045284632676536,0.010926199633097211,0.5,1.0,0.8571428571428571,0.8319294654805951,0.8823529411764705,0.8333333333333333,1.0,0.09090909090909091,0.5,0.16666666666666666,0.75,0.9282032302755092,0.5000000000000001,0.0,0.9009688679024191,0.8019377358048384,0.8571428571428571,0.8339368653074075,0.8823529411764705,0.8333333333333333,1.0,0.09090909090909091,0.5333333333333333,0.3333333333333333,0.75,0.9282032302755092,0.3954715367323467,0.010926199633097156,1.0,0.3568958678922095,0.8571428571428571,0.8358852239628436,0.8823529411764705,0.8333333333333333,1.0,0.09090909090909091,0.5666666666666667,0.5,0.75,0.9282032302755092,0.29551146889270624,0.043227271178699456,0.7225209339563144,5.551115123125783e-17,0.7999999999999999,0.837892623789656,0.8235294117647057,0.7777777777777777,1.0,0.09090909090909091,0.6,0.6666666666666666,0.75,0.9282032302755092,0.20448853110729398,0.09549150281252627,0.27747906604368566,0.0,0.8571428571428571,0.8398213020546326,0.8823529411764705,0.8333333333333333,1.0,0.09090909090909091,0.6333333333333333,0.8333333333333333,0.75,0.9282032302755092,0.12638086253384795,0.16543469682057077,0.0,0.3568958678922094,0.8857142857142858,0.8417106195386914,0.8823529411764705,0.8888888888888888,1.0,0.09090909090909091,0.6666666666666666,1.0,0.75,0.9282032302755092,0.06460214309120482,0.24999999999999978,0.0990311320975808,0.8019377358048383,0.8571428571428571,0.8436196174132093,0.8823529411764705,0.8333333333333333,1.0,0.09090909090909091,0.7,0.0,0.75,0.9282032302755092,0.021852399266194367,0.3454915028125262,0.5,1.0,0.8571428571428571,0.8455286152877273,0.8823529411764705,0.8333333333333333,1.0,0.09090909090909091,0.7333333333333333,0.16666666666666666,0.75,0.9282032302755092,0.0,0.4477357683661729,0.9009688679024191,0.8019377358048384,0.8571428571428571,0.8473785719908684,0.8823529411764705,0.8333333333333333,1.0,0.09090909090909091,0.7666666666666667,0.3333333333333333,0.75,0.9282032302755092,0.0,0.5522642316338265,1.0,0.3568958678922095,0.8571428571428571,0.849326930646304,0.8823529411764705,0.8333333333333333,1.0,0.09090909090909091,0.8,0.5,0.75,0.9282032302755092,0.02185239926619431,0.6545084971874736,0.7225209339563144,5.551115123125783e-17,0.8571428571428571,0.8513343304731165,0.8823529411764705,0.8333333333333333,1.0,0.09090909090909091,0.8333333333333334,0.6666666666666666,0.75,0.9282032302755092,0.06460214309120454,0.7499999999999997,0.27747906604368566,0.0,0.8571428571428571,0.8532630087380935,0.8823529411764705,0.8333333333333333,1.0,0.09090909090909091,0.8666666666666667,0.8333333333333333,0.75,0.9282032302755092,0.12638086253384767,0.8345653031794289,0.0,0.3568958678922094,0.8571428571428571,0.8552310477839882,0.8823529411764705,0.8333333333333333,1.0,0.09090909090909091,0.9,1.0,0.75,0.9282032302755092,0.20448853110729381,0.9045084971874737,0.0990311320975808,0.8019377358048383,0.8571428571428571,0.8571990868298829,0.8823529411764705,0.8333333333333333,1.0,0.1818181818181818,0.0,0.0,0.9330127018922193,0.7320508075688774,0.5,1.0,0.5,1.0,0.8571428571428571,0.859245847437613,0.8823529411764705,0.8333333333333333,1.0,0.1818181818181818,0.03333333333333333,0.16666666666666666,0.9330127018922193,0.7320508075688774,0.6045284632676534,0.9890738003669028,0.9009688679024191,0.8019377358048384,0.8571428571428571,0.8612926080453436,0.8823529411764705,0.8333333333333333,1.0,0.1818181818181818,0.06666666666666668,0.3333333333333333,0.9330127018922193,0.7320508075688774,0.7044885311072939,0.9567727288213004,1.0,0.3568958678922095,0.8571428571428571,0.863300007872156,0.8823529411764705,0.8333333333333333,1.0,0.1818181818181818,0.13333333333333333,0.6666666666666666,0.9330127018922193,0.7320508075688774,0.8736191374661522,0.8345653031794291,0.27747906604368566,0.0,0.8571428571428571,0.8653467684798866,0.8823529411764705,0.8333333333333333,1.0,0.1818181818181818,0.16666666666666669,0.8333333333333333,0.9330127018922193,0.7320508075688774,0.9353978569087953,0.75,0.0,0.3568958678922094,0.8571428571428571,0.8673935290876171,0.8823529411764705,0.8333333333333333,1.0,0.1818181818181818,0.2,1.0,0.9330127018922193,0.7320508075688774,0.9781476007338057,0.6545084971874737,0.0990311320975808,0.8019377358048383,1.0,0.8694599700858063,0.9999999999999999,1.0,1.0,0.1818181818181818,0.23333333333333334,0.0,0.9330127018922193,0.7320508075688774,1.0,0.5522642316338269,0.5,1.0,1.0,0.871546091474455,0.9999999999999999,1.0,1.0,0.1818181818181818,0.26666666666666666,0.16666666666666666,0.9330127018922193,0.7320508075688774,1.0,0.44773576836617335,0.9009688679024191,0.8019377358048384,0.8571428571428571,0.8736125324726443,0.8823529411764705,0.8333333333333333,1.0,0.1818181818181818,0.3,0.3333333333333333,0.9330127018922193,0.7320508075688774,0.9781476007338057,0.34549150281252633,1.0,0.3568958678922095,1.0,0.8756986538612925,0.9999999999999999,1.0,1.0,0.1818181818181818,0.3333333333333333,0.5,0.9330127018922193,0.7320508075688774,0.9353978569087953,0.2500000000000001,0.7225209339563144,5.551115123125783e-17,0.7999999999999999,0.8777847752499408,0.8235294117647057,0.7777777777777777,1.0,0.1818181818181818,0.3666666666666667,0.6666666666666666,0.9330127018922193,0.7320508075688774,0.8736191374661523,0.16543469682057105,0.27747906604368566,0.0,0.7999999999999999,0.8798512162481305,0.8235294117647057,0.7777777777777777,1.0,0.1818181818181818,0.4,0.8333333333333333,0.9330127018922193,0.7320508075688774,0.7955114688927061,0.09549150281252633,0.0,0.3568958678922094,0.7999999999999999,0.8819963788081555,0.8235294117647057,0.7777777777777777,1.0,0.1818181818181818,0.43333333333333335,1.0,0.9330127018922193,0.7320508075688774,0.704488531107294,0.04322727117869962,0.0990311320975808,0.8019377358048383,0.7999999999999999,0.8841218609777219,0.8235294117647057,0.7777777777777777,1.0,0.1818181818181818,0.4666666666666667,0.0,0.9330127018922193,0.7320508075688774,0.6045284632676536,0.010926199633097211,0.5,1.0,0.7999999999999999,0.8862867039282061,0.8235294117647057,0.7777777777777777,1.0,0.1818181818181818,0.5,0.16666666666666666,0.9330127018922193,0.7320508075688774,0.5000000000000001,0.0,0.9009688679024191,0.8019377358048384,0.7999999999999999,0.8884121860977721,0.8235294117647057,0.7777777777777777,1.0,0.1818181818181818,0.5333333333333333,0.3333333333333333,0.9330127018922193,0.7320508075688774,0.3954715367323467,0.010926199633097156,1.0,0.3568958678922095
0.7999999999999999,0.7745611272927655,0.8235294117647057,0.7777777777777777,1.0,0.0,0.5333333333333333,1.0,0.5,1.0,0.3954715367323467,0.010926199633097156,0.0990311320975808,0.8019377358048383,0.8571428571428571,0.7763914036054476,0.8823529411764705,0.8333333333333333,1.0,0.0,0.5666666666666667,0.0,0.5,1.0,0.29551146889270624,0.043227271178699456,0.5,1.0,0.8571428571428571,0.7782807210895064,0.8823529411764705,0.8333333333333333,1.0,0.0,0.6,0.16666666666666666,0.5,1.0,0.20448853110729398,0.09549150281252627,0.9009688679024191,0.8019377358048384,0.8571428571428571,0.7801897189640243,0.8823529411764705,0.8333333333333333,1.0,0.0,0.6333333333333333,0.3333333333333333,0.5,1.0,0.12638086253384795,0.16543469682057077,1.0,0.3568958678922095,0.8571428571428571,0.7820593560576241,0.8823529411764705,0.8333333333333333,1.0,0.0,0.6666666666666666,0.5,0.5,1.0,0.06460214309120482,0.24999999999999978,0.7225209339563144,5.551115123125783e-17,0.8571428571428571,0.7839880343226011,0.8823529411764705,0.8333333333333333,1.0,0.0,0.7,0.6666666666666666,0.5,1.0,0.021852399266194367,0.3454915028125262,0.27747906604368566,0.0,0.8571428571428571,0.7858970321971186,0.8823529411764705,0.8333333333333333,1.0,0.0,0.7333333333333333,0.8333333333333333,0.5,1.0,0.0,0.4477357683661729,0.0,0.3568958678922094,0.8571428571428571,0.7878257104620956,0.8823529411764705,0.8333333333333333,1.0,0.0,0.7666666666666667,1.0,0.5,1.0,0.0,0.5522642316338265,0.0990311320975808,0.8019377358048383,0.8571428571428571,0.7897543887270722,0.8823529411764705,0.8333333333333333,1.0,0.0,0.8,0.0,0.5,1.0,0.02185239926619431,0.6545084971874736,0.5,1.0,0.8571428571428571,0.7916830669920492,0.8823529411764705,0.8333333333333333,1.0,0.0,0.8333333333333334,0.16666666666666666,0.5,1.0,0.06460214309120454,0.7499999999999997,0.9009688679024191,0.8019377358048384,0.8571428571428571,0.7935920648665671,0.8823529411764705,0.8333333333333333,1.0,0.0,0.8666666666666667,0.3333333333333333,0.5,1.0,0.12638086253384767,0.8345653031794289,1.0,0.3568958678922095,0.8571428571428571,0.7955010627410846,0.8823529411764705,0.8333333333333333,1.0,0.0,0.9,0.5,0.5,1.0,0.20448853110729381,0.9045084971874737,0.7225209339563144,5.551115123125783e-17,0.8571428571428571,0.7974494213965206,0.8823529411764705,0.8333333333333333,1.0,0.0,0.9333333333333333,0.6666666666666666,0.5,1.0,0.2955114688927057,0.9567727288213003,0.27747906604368566,0.0,0.8571428571428571,0.7993780996614972,0.8823529411764705,0.8333333333333333,1.0,0.0,0.9666666666666667,0.8333333333333333,0.5,1.0,0.39547153673234625,0.9890738003669028,0.0,0.3568958678922094,0.8571428571428571,0.8013067779264742,0.8823529411764705,0.8333333333333333,1.0,0.0,0.9999999999999999,1.0,0.5,1.0,0.4999999999999999,1.0,0.0990311320975808,0.8019377358048383,0.8571428571428571,0.8032157758009917,0.8823529411764705,0.8333333333333333,1.0,0.09090909090909091,0.0,0.0,0.75,0.9282032302755092,0.5,1.0,0.5,1.0,0.8571428571428571,0.8051247736755096,0.8823529411764705,0.8333333333333333,1.0,0.09090909090909091,0.03333333333333333,0.16666666666666666,0.75,0.9282032302755092,0.6045284632676534,0.9890738003669028,0.9009688679024191,0.8019377358048384,0.8571428571428571,0.8068369676454381,0.8823529411764705,0.8333333333333333,1.0,0.09090909090909091,0.06666666666666668,0.3333333333333333,0.75,0.9282032302755092,0.7044885311072939,0.9567727288213004,1.0,0.3568958678922095,0.8571428571428571,0.8086672439581202,0.8823529411764705,0.8333333333333333,1.0,0.09090909090909091,0.1,0.5,0.75,0.9282032302755092,0.7955114688927061,0.9045084971874737,0.7225209339563144,5.551115123125783e-17,0.8571428571428571,0.8104975202708022,0.8823529411764705,0.8333333333333333,1.0,0.09090909090909091,0.13333333333333333,0.6666666666666666,0.75,0.9282032302755092,0.8736191374661522,0.8345653031794291,0.27747906604368566,0.0,0.8571428571428571,0.8123868377548611,0.8823529411764705,0.8333333333333333,1.0,0.09090909090909091,0.16666666666666669,0.8333333333333333,0.75,0.9282032302755092,0.9353978569087953,0.75,0.0,0.3568958678922094,0.8857142857142858,0.814295835629379,0.8823529411764705,0.8888888888888888,1.0,0.09090909090909091,0.2,1.0,0.75,0.9282032302755092,0.9781476007338057,0.6545084971874737,0.0990311320975808,0.8019377358048383,0.8571428571428571,0.8162245138943556,0.8823529411764705,0.8333333333333333,1.0,0.09090909090909091,0.23333333333333334,0.0,0.75,0.9282032302755092,1.0,0.5522642316338269,0.5,1.0,0.8571428571428571,0.8181925529402503,0.8823529411764705,0.8333333333333333,1.0,0.09090909090909091,0.26666666666666666,0.16666666666666666,0.75,0.9282032302755092,1.0,0.44773576836617335,0.9009688679024191,0.8019377358048384,0.8571428571428571,0.8201212312052273,0.8823529411764705,0.8333333333333333,1.0,0.09090909090909091,0.3,0.3333333333333333,0.75,0.9282032302755092,0.9781476007338057,0.34549150281252633,1.0,0.3568958678922095,0.8571428571428571,0.8221089506415806,0.8823529411764705,0.8333333333333333,1.0,0.09090909090909091,0.3333333333333333,0.5,0.75,0.9282032302755092,0.9353978569087953,0.2500000000000001,0.7225209339563144,5.551115123125783e-17,0.8571428571428571,0.8240573092970163,0.8823529411764705,0.8333333333333333,1.0,0.09090909090909091,0.3666666666666667,0.6666666666666666,0.75,0.9282032302755092,0.8736191374661523,0.16543469682057105,0.27747906604368566,0.0,0.8571428571428571,0.826025348342911,0.8823529411764705,0.8333333333333333,1.0,0.09090909090909091,0.4,0.8333333333333333,0.75,0.9282032302755092,0.7955114688927061,0.09549150281252633,0.0,0.3568958678922094,0.8571428571428571,0.8279933873888057,0.8823529411764705,0.8333333333333333,1.0,0.09090909090909091,0.43333333333333335,1.0,0.75,0.9282032302755092,0.704488531107294,0.04322727117869962,0.0990311320975808,0.8019377358048383,0.8571428571428571,0.8299614264347004,0.8823529411764705,0.8333333333333333,1.0,0.09090909090909091,0.4666666666666667,0.0,0.75,0.9282032302755092,0.6045284632676536,0.010926199633097211,0.5,1.0,0.8571428571428571,0.8319294654805951,0.8823529411764705,0.8333333333333333,1.0,0.09090909090909091,0.5,0.16666666666666666,0.75,0.9282032302755092,0.5000000000000001,0.0,0.9009688679024191,0.8019377358048384,0.8571428571428571,0.8339368653074075,0.8823529411764705,0.8333333333333333,1.0,0.09090909090909091,0.5333333333333333,0.3333333333333333,0.75,0.9282032302755092,0.3954715367323467,0.010926199633097156,1.0,0.3568958678922095,0.8571428571428571,0.8358852239628436,0.8823529411764705,0.8333333333333333,1.0,0.09090909090909091,0.5666666666666667,0.5,0.75,0.9282032302755092,0.29551146889270624,0.043227271178699456,0.7225209339563144,5.551115123125783e-17,0.7999999999999999,0.837892623789656,0.8235294117647057,0.7777777777777777,1.0,0.09090909090909091,0.6,0.6666666666666666,0.75,0.9282032302755092,0.20448853110729398,0.09549150281252627,0.27747906604368566,0.0,0.8571428571428571,0.8398213020546326,0.8823529411764705,0.8333333333333333,1.0,0.09090909090909091,0.6333333333333333,0.8333333333333333,0.75,0.9282032302755092,0.12638086253384795,0.16543469682057077,0.0,0.3568958678922094,0.8857142857142858,0.8417106195386914,0.8823529411764705,0.8888888888888888,1.0,0.09090909090909091,0.6666666666666666,1.0,0.75,0.9282032302755092,0.06460214309120482,0.24999999999999978,0.0990311320975808,0.8019377358048383,0.8571428571428571,0.8436196174132093,0.8823529411764705,0.8333333333333333,1.0,0.09090909090909091,0.7,0.0,0.75,0.9282032302755092,0.021852399266194367,0.3454915028125262,0.5,1.0,0.8571428571428571,0.8455286152877273,0.8823529411764705,0.8333333333333333,1.0,0.09090909090909091,0.7333333333333333,0.16666666666666666,0.75,0.9282032302755092,0.0,0.4477357683661729,0.9009688679024191,0.8019377358048384,0.8571428571428571,0.8473785719908684,0.8823529411764705,0.8333333333333333,1.0,0.09090909090909091,0.7666666666666667,0.3333333333333333,0.75,0.9282032302755092,0.0,0.5522642316338265,1.0,0.3568958678922095,0.8571428571428571,0.849326930646304,0.8823529411764705,0.8333333333333333,1.0,0.09090909090909091,0.8,0.5,0.75,0.9282032302755092,0.02185239926619431,0.6545084971874736,0.7225209339563144,5.551115123125783e-17,0.8571428571428571,0.8513343304731165,0.8823529411764705,0.8333333333333333,1.0,0.09090909090909091,0.8333333333333334,0.6666666666666666,0.75,0.9282032302755092,0.06460214309120454,0.7499999999999997,0.27747906604368566,0.0,0.8571428571428571,0.8532630087380935,0.8823529411764705,0.8333333333333333,1.0,0.09090909090909091,0.8666666666666667,0.8333333333333333,0.75,0.9282032302755092,0.12638086253384767,0.8345653031794289,0.0,0.3568958678922094,0.8571428571428571,0.8552310477839882,0.8823529411764705,0.8333333333333333,1.0,0.09090909090909091,0.9,1.0,0.75,0.9282032302755092,0.20448853110729381,0.9045084971874737,0.0990311320975808,0.8019377358048383,0.8571428571428571,0.8571990868298829,0.8823529411764705,0.8333333333333333,1.0,0.1818181818181818,0.0,0.0,0.9330127018922193,0.7320508075688774,0.5,1.0,0.5,1.0,0.8571428571428571,0.859245847437613,0.8823529411764705,0.8333333333333333,1.0,0.1818181818181818,0.03333333333333333,0.16666666666666666,0.9330127018922193,0.7320508075688774,0.6045284632676534,0.9890738003669028,0.9009688679024191,0.8019377358048384,0.8571428571428571,0.8612926080453436,0.8823529411764705,0.8333333333333333,1.0,0.1818181818181818,0.06666666666666668,0.3333333333333333,0.9330127018922193,0.7320508075688774,0.7044885311072939,0.9567727288213004,1.0,0.3568958678922095,0.8571428571428571,0.863300007872156,0.8823529411764705,0.8333333333333333,1.0,0.1818181818181818,0.13333333333333333,0.6666666666666666,0.9330127018922193,0.7320508075688774,0.8736191374661522,0.8345653031794291,0.27747906604368566,0.0,0.8571428571428571,0.8653467684798866,0.8823529411764705,0.8333333333333333,1.0,0.1818181818181818,0.16666666666666669,0.8333333333333333,0.9330127018922193,0.7320508075688774,0.9353978569087953,0.75,0.0,0.3568958678922094,0.8571428571428571,0.8673935290876171,0.8823529411764705,0.8333333333333333,1.0,0.1818181818181818,0.2,1.0,0.9330127018922193,0.7320508075688774,0.9781476007338057,0.6545084971874737,0.0990311320975808,0.8019377358048383,1.0,0.8694599700858063,0.9999999999999999,1.0,1.0,0.1818181818181818,0.23333333333333334,0.0,0.9330127018922193,0.7320508075688774,1.0,0.5522642316338269,0.5,1.0,1.0,0.871546091474455,0.9999999999999999,1.0,1.0,0.1818181818181818,0.26666666666666666,0.16666666666666666,0.9330127018922193,0.7320508075688774,1.0,0.44773576836617335,0.9009688679024191,0.8019377358048384,0.8571428571428571,0.8736125324726443,0.8823529411764705,0.8333333333333333,1.0,0.1818181818181818,0.3,0.3333333333333333,0.9330127018922193,0.7320508075688774,0.9781476007338057,0.34549150281252633,1.0,0.3568958678922095,1.0,0.8756986538612925,0.9999999999999999,1.0,1.0,0.1818181818181818,0.3333333333333333,0.5,0.9330127018922193,0.7320508075688774,0.9353978569087953,0.2500000000000001,0.7225209339563144,5.551115123125783e-17,0.7999999999999999,0.8777847752499408,0.8235294117647057,0.7777777777777777,1.0,0.1818181818181818,0.3666666666666667,0.6666666666666666,0.9330127018922193,0.7320508075688774,0.8736191374661523,0.16543469682057105,0.27747906604368566,0.0,0.7999999999999999,0.8798512162481305,0.8235294117647057,0.7777777777777777,1.0,0.1818181818181818,0.4,0.8333333333333333,0.9330127018922193,0.7320508075688774,0.7955114688927061,0.09549150281252633,0.0,0.3568958678922094,0.7999999999999999,0.8819963788081555,0.8235294117647057,0.7777777777777777,1.0,0.1818181818181818,0.43333333333333335,1.0,0.9330127018922193,0.7320508075688774,0.704488531107294,0.04322727117869962,0.0990311320975808,0.8019377358048383,0.7999999999999999,0.8841218609777219,0.8235294117647057,0.7777777777777777,1.0,0.1818181818181818,0.4666666666666667,0.0,0.9330127018922193,0.7320508075688774,0.6045284632676536,0.010926199633097211,0.5,1.0,0.7999999999999999,0.8862867039282061,0.8235294117647057,0.7777777777777777,1.0,0.1818181818181818,0.5,0.16666666666666666,0.9330127018922193,0.7320508075688774,0.5000000000000001,0.0,0.9009688679024191,0.8019377358048384,0.7999999999999999,0.8884121860977721,0.8235294117647057,0.7777777777777777,1.0,0.1818181818181818,0.5333333333333333,0.3333333333333333,0.9330127018922193,0.7320508075688774,0.3954715367323467,0.010926199633097156,1.0,0.3568958678922095,0.7999999999999999,0.8905179878768794,0.8235294117647057,0.7777777777777777,1.0,0.1818181818181818,0.5666666666666667,0.5,0.9330127018922193,0.7320508075688774,0.29551146889270624,0.043227271178699456,0.7225209339563144,5.551115123125783e-17
0.8571428571428571,0.7763914036054476,0.8823529411764705,0.8333333333333333,1.0,0.0,0.5666666666666667,0.0,0.5,1.0,0.29551146889270624,0.043227271178699456,0.5,1.0,0.8571428571428571,0.7782807210895064,0.8823529411764705,0.8333333333333333,1.0,0.0,0.6,0.16666666666666666,0.5,1.0,0.20448853110729398,0.09549150281252627,0.9009688679024191,0.8019377358048384,0.8571428571428571,0.7801897189640243,0.8823529411764705,0.8333333333333333,1.0,0.0,0.6333333333333333,0.3333333333333333,0.5,1.0,0.12638086253384795,0.16543469682057077,1.0,0.3568958678922095,0.8571428571428571,0.7820593560576241,0.8823529411764705,0.8333333333333333,1.0,0.0,0.6666666666666666,0.5,0.5,1.0,0.06460214309120482,0.24999999999999978,0.7225209339563144,5.551115123125783e-17,0.8571428571428571,0.7839880343226011,0.8823529411764705,0.8333333333333333,1.0,0.0,0.7,0.6666666666666666,0.5,1.0,0.021852399266194367,0.3454915028125262,0.27747906604368566,0.0,0.8571428571428571,0.7858970321971186,0.8823529411764705,0.8333333333333333,1.0,0.0,0.7333333333333333,0.8333333333333333,0.5,1.0,0.0,0.4477357683661729,0.0,0.3568958678922094,0.8571428571428571,0.7878257104620956,0.8823529411764705,0.8333333333333333,1.0,0.0,0.7666666666666667,1.0,0.5,1.0,0.0,0.5522642316338265,0.0990311320975808,0.8019377358048383,0.8571428571428571,0.7897543887270722,0.8823529411764705,0.8333333333333333,1.0,0.0,0.8,0.0,0.5,1.0,0.02185239926619431,0.6545084971874736,0.5,1.0,0.8571428571428571,0.7916830669920492,0.8823529411764705,0.8333333333333333,1.0,0.0,0.8333333333333334,0.16666666666666666,0.5,1.0,0.06460214309120454,0.7499999999999997,0.9009688679024191,0.8019377358048384,0.8571428571428571,0.7935920648665671,0.8823529411764705,0.8333333333333333,1.0,0.0,0.8666666666666667,0.3333333333333333,0.5,1.0,0.12638086253384767,0.8345653031794289,1.0,0.3568958678922095,0.8571428571428571,0.7955010627410846,0.8823529411764705,0.8333333333333333,1.0,0.0,0.9,0.5,0.5,1.0,0.20448853110729381,0.9045084971874737,0.7225209339563144,5.551115123125783e-17,0.8571428571428571,0.7974494213965206,0.8823529411764705,0.8333333333333333,1.0,0.0,0.9333333333333333,0.6666666666666666,0.5,1.0,0.2955114688927057,0.9567727288213003,0.27747906604368566,0.0,0.8571428571428571,0.7993780996614972,0.8823529411764705,0.8333333333333333,1.0,0.0,0.9666666666666667,0.8333333333333333,0.5,1.0,0.39547153673234625,0.9890738003669028,0.0,0.3568958678922094,0.8571428571428571,0.8013067779264742,0.8823529411764705,0.8333333333333333,1.0,0.0,0.9999999999999999,1.0,0.5,1.0,0.4999999999999999,1.0,0.0990311320975808,0.8019377358048383,0.8571428571428571,0.8032157758009917,0.8823529411764705,0.8333333333333333,1.0,0.09090909090909091,0.0,0.0,0.75,0.9282032302755092,0.5,1.0,0.5,1.0,0.8571428571428571,0.8051247736755096,0.8823529411764705,0.8333333333333333,1.0,0.09090909090909091,0.03333333333333333,0.16666666666666666,0.75,0.9282032302755092,0.6045284632676534,0.9890738003669028,0.9009688679024191,0.8019377358048384,0.8571428571428571,0.8068369676454381,0.8823529411764705,0.8333333333333333,1.0,0.09090909090909091,0.06666666666666668,0.3333333333333333,0.75,0.9282032302755092,0.7044885311072939,0.9567727288213004,1.0,0.3568958678922095,0.8571428571428571,0.8086672439581202,0.8823529411764705,0.8333333333333333,1.0,0.09090909090909091,0.1,0.5,0.75,0.9282032302755092,0.7955114688927061,0.9045084971874737,0.7225209339563144,5.551115123125783e-17,0.8571428571428571,0.8104975202708022,0.8823529411764705,0.8333333333333333,1.0,0.09090909090909091,0.13333333333333333,0.6666666666666666,0.75,0.9282032302755092,0.8736191374661522,0.8345653031794291,0.27747906604368566,0.0,0.8571428571428571,0.8123868377548611,0.8823529411764705,0.8333333333333333,1.0,0.09090909090909091,0.16666666666666669,0.8333333333333333,0.75,0.9282032302755092,0.9353978569087953,0.75,0.0,0.3568958678922094,0.8857142857142858,0.814295835629379,0.8823529411764705,0.8888888888888888,1.0,0.09090909090909091,0.2,1.0,0.75,0.9282032302755092,0.9781476007338057,0.6545084971874737,0.0990311320975808,0.8019377358048383,0.8571428571428571,0.8162245138943556,0.8823529411764705,0.8333333333333333,1.0,0.09090909090909091,0.23333333333333334,0.0,0.75,0.9282032302755092,1.0,0.5522642316338269,0.5,1.0,0.8571428571428571,0.8181925529402503,0.8823529411764705,0.8333333333333333,1.0,0.09090909090909091,0.26666666666666666,0.16666666666666666,0.75,0.9282032302755092,1.0,0.44773576836617335,0.9009688679024191,0.8019377358048384,0.8571428571428571,0.8201212312052273,0.8823529411764705,0.8333333333333333,1.0,0.09090909090909091,0.3,0.3333333333333333,0.75,0.9282032302755092,0.9781476007338057,0.34549150281252633,1.0,0.3568958678922095,0.8571428571428571,0.8221089506415806,0.8823529411764705,0.8333333333333333,1.0,0.09090909090909091,0.3333333333333333,0.5,0.75,0.9282032302755092,0.9353978569087953,0.2500000000000001,0.7225209339563144,5.551115123125783e-17,0.8571428571428571,0.8240573092970163,0.8823529411764705,0.8333333333333333,1.0,0.09090909090909091,0.3666666666666667,0.6666666666666666,0.75,0.9282032302755092,0.8736191374661523,0.16543469682057105,0.27747906604368566,0.0,0.8571428571428571,0.826025348342911,0.8823529411764705,0.8333333333333333,1.0,0.09090909090909091,0.4,0.8333333333333333,0.75,0.9282032302755092,0.7955114688927061,0.09549150281252633,0.0,0.3568958678922094,0.8571428571428571,0.8279933873888057,0.8823529411764705,0.8333333333333333,1.0,0.09090909090909091,0.43333333333333335,1.0,0.75,0.9282032302755092,0.704488531107294,0.04322727117869962,0.0990311320975808,0.8019377358048383,0.8571428571428571,0.8299614264347004,0.8823529411764705,0.8333333333333333,1.0,0.09090909090909091,0.4666666666666667,0.0,0.75,0.9282032302755092,0.6045284632676536,0.010926199633097211,0.5,1.0,0.8571428571428571,0.8319294654805951,0.8823529411764705,0.8333333333333333,1.0,0.09090909090909091,0.5,0.16666666666666666,0.75,0.9282032302755092,0.5000000000000001,0.0,0.9009688679024191,0.8019377358048384,0.8571428571428571,0.8339368653074075,0.8823529411764705,0.8333333333333333,1.0,0.09090909090909091,0.5333333333333333,0.3333333333333333,0.75,0.9282032302755092,0.3954715367323467,0.010926199633097156,1.0,0.3568958678922095,0.8571428571428571,0.8358852239628436,0.8823529411764705,0.8333333333333333,1.0,0.09090909090909091,0.5666666666666667,0.5,0.75,0.9282032302755092,0.29551146889270624,0.043227271178699456,0.7225209339563144,5.551115123125783e-17,0.7999999999999999,0.837892623789656,0.8235294117647057,0.7777777777777777,1.0,0.09090909090909091,0.6,0.6666666666666666,0.75,0.9282032302755092,0.20448853110729398,0.09549150281252627,0.27747906604368566,0.0,0.8571428571428571,0.8398213020546326,0.8823529411764705,0.8333333333333333,1.0,0.09090909090909091,0.6333333333333333,0.8333333333333333,0.75,0.9282032302755092,0.12638086253384795,0.16543469682057077,0.0,0.3568958678922094,0.8857142857142858,0.8417106195386914,0.8823529411764705,0.8888888888888888,1.0,0.09090909090909091,0.6666666666666666,1.0,0.75,0.9282032302755092,0.06460214309120482,0.24999999999999978,0.0990311320975808,0.8019377358048383,0.8571428571428571,0.8436196174132093,0.8823529411764705,0.8333333333333333,1.0,0.09090909090909091,0.7,0.0,0.75,0.9282032302755092,0.021852399266194367,0.3454915028125262,0.5,1.0,0.8571428571428571,0.8455286152877273,0.8823529411764705,0.8333333333333333,1.0,0.09090909090909091,0.7333333333333333,0.16666666666666666,0.75,0.9282032302755092,0.0,0.4477357683661729,0.9009688679024191,0.8019377358048384,0.8571428571428571,0.8473785719908684,0.8823529411764705,0.8333333333333333,1.0,0.09090909090909091,0.7666666666666667,0.3333333333333333,0.75,0.9282032302755092,0.0,0.5522642316338265,1.0,0.3568958678922095,0.8571428571428571,0.849326930646304,0.8823529411764705,0.8333333333333333,1.0,0.09090909090909091,0.8,0.5,0.75,0.9282032302755092,0.02185239926619431,0.6545084971874736,0.7225209339563144,5.551115123125783e-17,0.8571428571428571,0.8513343304731165,0.8823529411764705,0.8333333333333333,1.0,0.09090909090909091,0.8333333333333334,0.6666666666666666,0.75,0.9282032302755092,0.06460214309120454,0.7499999999999997,0.27747906604368566,0.0,0.8571428571428571,0.8532630087380935,0.8823529411764705,0.8333333333333333,1.0,0.09090909090909091,0.8666666666666667,0.8333333333333333,0.75,0.9282032302755092,0.12638086253384767,0.8345653031794289,0.0,0.3568958678922094,0.8571428571428571,0.8552310477839882,0.8823529411764705,0.8333333333333333,1.0,0.09090909090909091,0.9,1.0,0.75,0.9282032302755092,0.20448853110729381,0.9045084971874737,0.0990311320975808,0.8019377358048383,0.8571428571428571,0.8571990868298829,0.8823529411764705,0.8333333333333333,1.0,0.1818181818181818,0.0,0.0,0.9330127018922193,0.7320508075688774,0.5,1.0,0.5,1.0,0.8571428571428571,0.859245847437613,0.8823529411764705,0.8333333333333333,1.0,0.1818181818181818,0.03333333333333333,0.16666666666666666,0.9330127018922193,0.7320508075688774,0.6045284632676534,0.9890738003669028,0.9009688679024191,0.8019377358048384,0.8571428571428571,0.8612926080453436,0.8823529411764705,0.8333333333333333,1.0,0.1818181818181818,0.06666666666666668,0.3333333333333333,0.9330127018922193,0.7320508075688774,0.7044885311072939,0.9567727288213004,1.0,0.3568958678922095,0.8571428571428571,0.863300007872156,0.8823529411764705,0.8333333333333333,1.0,0.1818181818181818,0.13333333333333333,0.6666666666666666,0.9330127018922193,0.7320508075688774,0.8736191374661522,0.8345653031794291,0.27747906604368566,0.0,0.8571428571428571,0.8653467684798866,0.8823529411764705,0.8333333333333333,1.0,0.1818181818181818,0.16666666666666669,0.8333333333333333,0.9330127018922193,0.7320508075688774,0.9353978569087953,0.75,0.0,0.3568958678922094,0.8571428571428571,0.8673935290876171,0.8823529411764705,0.8333333333333333,1.0,0.1818181818181818,0.2,1.0,0.9330127018922193,0.7320508075688774,0.9781476007338057,0.6545084971874737,0.0990311320975808,0.8019377358048383,1.0,0.8694599700858063,0.9999999999999999,1.0,1.0,0.1818181818181818,0.23333333333333334,0.0,0.9330127018922193,0.7320508075688774,1.0,0.5522642316338269,0.5,1.0,1.0,0.871546091474455,0.9999999999999999,1.0,1.0,0.1818181818181818,0.26666666666666666,0.16666666666666666,0.9330127018922193,0.7320508075688774,1.0,0.44773576836617335,0.9009688679024191,0.8019377358048384,0.8571428571428571,0.8736125324726443,0.8823529411764705,0.8333333333333333,1.0,0.1818181818181818,0.3,0.3333333333333333,0.9330127018922193,0.7320508075688774,0.9781476007338057,0.34549150281252633,1.0,0.3568958678922095,1.0,0.8756986538612925,0.9999999999999999,1.0,1.0,0.1818181818181818,0.3333333333333333,0.5,0.9330127018922193,0.7320508075688774,0.9353978569087953,0.2500000000000001,0.7225209339563144,5.551115123125783e-17,0.7999999999999999,0.8777847752499408,0.8235294117647057,0.7777777777777777,1.0,0.1818181818181818,0.3666666666666667,0.6666666666666666,0.9330127018922193,0.7320508075688774,0.8736191374661523,0.16543469682057105,0.27747906604368566,0.0,0.7999999999999999,0.8798512162481305,0.8235294117647057,0.7777777777777777,1.0,0.1818181818181818,0.4,0.8333333333333333,0.9330127018922193,0.7320508075688774,0.7955114688927061,0.09549150281252633,0.0,0.3568958678922094,0.7999999999999999,0.8819963788081555,0.8235294117647057,0.7777777777777777,1.0,0.1818181818181818,0.43333333333333335,1.0,0.9330127018922193,0.7320508075688774,0.704488531107294,0.04322727117869962,0.0990311320975808,0.8019377358048383,0.7999999999999999,0.8841218609777219,0.8235294117647057,0.7777777777777777,1.0,0.1818181818181818,0.4666666666666667,0.0,0.9330127018922193,0.7320508075688774,0.6045284632676536,0.010926199633097211,0.5,1.0,0.7999999999999999,0.8862867039282061,0.8235294117647057,0.7777777777777777,1.0,0.1818181818181818,0.5,0.16666666666666666,0.9330127018922193,0.7320508075688774,0.5000000000000001,0.0,0.9009688679024191,0.8019377358048384,0.7999999999999999,0.8884121860977721,0.8235294117647057,0.7777777777777777,1.0,0.1818181818181818,0.5333333333333333,0.3333333333333333,0.9330127018922193,0.7320508075688774,0.3954715367323467,0.010926199633097156,1.0,0.3568958678922095,0.7999999999999999,0.8905179878768794,0.8235294117647057,0.7777777777777777,1.0,0.1818181818181818,0.5666666666666667,0.5,0.9330127018922193,0.7320508075688774,0.29551146889270624,0.043227271178699456,0.7225209339563144,5.551115123125783e-17,0.7999999999999999,0.8926041092655277,0.8235294117647057,0.7777777777777777,1.0,0.1818181818181818,0.6,0.6666666666666666,0.9330127018922193,0.7320508075688774,0.20448853110729398,0.09549150281252627,0.27747906604368566,0.0
0.8571428571428571,0.7782807210895064,0.8823529411764705,0.8333333333333333,1.0,0.0,0.6,0.16666666666666666,0.5,1.0,0.20448853110729398,0.09549150281252627,0.9009688679024191,0.8019377358048384,0.8571428571428571,0.7801897189640243,0.8823529411764705,0.8333333333333333,1.0,0.0,0.6333333333333333,0.3333333333333333,0.5,1.0,0.12638086253384795,0.16543469682057077,1.0,0.3568958678922095,0.8571428571428571,0.7820593560576241,0.8823529411764705,0.8333333333333333,1.0,0.0,0.6666666666666666,0.5,0.5,1.0,0.06460214309120482,0.24999999999999978,0.7225209339563144,5.551115123125783e-17,0.8571428571428571,0.7839880343226011,0.8823529411764705,0.8333333333333333,1.0,0.0,0.7,0.6666666666666666,0.5,1.0,0.021852399266194367,0.3454915028125262,0.27747906604368566,0.0,0.8571428571428571,0.7858970321971186,0.8823529411764705,0.8333333333333333,1.0,0.0,0.7333333333333333,0.8333333333333333,0.5,1.0,0.0,0.4477357683661729,0.0,0.3568958678922094,0.8571428571428571,0.7878257104620956,0.8823529411764705,0.8333333333333333,1.0,0.0,0.7666666666666667,1.0,0.5,1.0,0.0,0.5522642316338265,0.0990311320975808,0.8019377358048383,0.8571428571428571,0.7897543887270722,0.8823529411764705,0.8333333333333333,1.0,0.0,0.8,0.0,0.5,1.0,0.02185239926619431,0.6545084971874736,0.5,1.0,0.8571428571428571,0.7916830669920492,0.8823529411764705,0.8333333333333333,1.0,0.0,0.8333333333333334,0.16666666666666666,0.5,1.0,0.06460214309120454,0.7499999999999997,0.9009688679024191,0.8019377358048384,0.8571428571428571,0.7935920648665671,0.8823529411764705,0.8333333333333333,1.0,0.0,0.8666666666666667,0.3333333333333333,0.5,1.0,0.12638086253384767,0.8345653031794289,1.0,0.3568958678922095,0.8571428571428571,0.7955010627410846,0.8823529411764705,0.8333333333333333,1.0,0.0,0.9,0.5,0.5,1.0,0.20448853110729381,0.9045084971874737,0.7225209339563144,5.551115123125783e-17,0.8571428571428571,0.7974494213965206,0.8823529411764705,0.8333333333333333,1.0,0.0,0.9333333333333333,0.6666666666666666,0.5,1.0,0.2955114688927057,0.9567727288213003,0.27747906604368566,0.0,0.8571428571428571,0.7993780996614972,0.8823529411764705,0.8333333333333333,1.0,0.0,0.9666666666666667,0.8333333333333333,0.5,1.0,0.39547153673234625,0.9890738003669028,0.0,0.3568958678922094,0.8571428571428571,0.8013067779264742,0.8823529411764705,0.8333333333333333,1.0,0.0,0.9999999999999999,1.0,0.5,1.0,0.4999999999999999,1.0,0.0990311320975808,0.8019377358048383,0.8571428571428571,0.8032157758009917,0.8823529411764705,0.8333333333333333,1.0,0.09090909090909091,0.0,0.0,0.75,0.9282032302755092,0.5,1.0,0.5,1.0,0.8571428571428571,0.8051247736755096,0.8823529411764705,0.8333333333333333,1.0,0.09090909090909091,0.03333333333333333,0.16666666666666666,0.75,0.9282032302755092,0.6045284632676534,0.9890738003669028,0.9009688679024191,0.8019377358048384,0.8571428571428571,0.8068369676454381,0.8823529411764705,0.8333333333333333,1.0,0.09090909090909091,0.06666666666666668,0.3333333333333333,0.75,0.9282032302755092,0.7044885311072939,0.9567727288213004,1.0,0.3568958678922095,0.8571428571428571,0.8086672439581202,0.8823529411764705,0.8333333333333333,1.0,0.09090909090909091,0.1,0.5,0.75,0.9282032302755092,0.7955114688927061,0.9045084971874737,0.7225209339563144,5.551115123125783e-17,0.8571428571428571,0.8104975202708022,0.8823529411764705,0.8333333333333333,1.0,0.09090909090909091,0.13333333333333333,0.6666666666666666,0.75,0.9282032302755092,0.8736191374661522,0.8345653031794291,0.27747906604368566,0.0,0.8571428571428571,0.8123868377548611,0.8823529411764705,0.8333333333333333,1.0,0.09090909090909091,0.16666666666666669,0.8333333333333333,0.75,0.9282032302755092,0.9353978569087953,0.75,0.0,0.3568958678922094,0.8857142857142858,0.814295835629379,0.8823529411764705,0.8888888888888888,1.0,0.09090909090909091,0.2,1.0,0.75,0.9282032302755092,0.9781476007338057,0.6545084971874737,0.0990311320975808,0.8019377358048383,0.8571428571428571,0.8162245138943556,0.8823529411764705,0.8333333333333333,1.0,0.09090909090909091,0.23333333333333334,0.0,0.75,0.9282032302755092,1.0,0.5522642316338269,0.5,1.0,0.8571428571428571,0.8181925529402503,0.8823529411764705,0.8333333333333333,1.0,0.09090909090909091,0.26666666666666666,0.16666666666666666,0.75,0.9282032302755092,1.0,0.44773576836617335,0.9009688679024191,0.8019377358048384,0.8571428571428571,0.8201212312052273,0.8823529411764705,0.8333333333333333,1.0,0.09090909090909091,0.3,0.3333333333333333,0.75,0.9282032302755092,0.9781476007338057,0.34549150281252633,1.0,0.3568958678922095,0.8571428571428571,0.8221089506415806,0.8823529411764705,0.8333333333333333,1.0,0.09090909090909091,0.3333333333333333,0.5,0.75,0.9282032302755092,0.9353978569087953,0.2500000000000001,0.7225209339563144,5.551115123125783e-17,0.8571428571428571,0.8240573092970163,0.8823529411764705,0.8333333333333333,1.0,0.09090909090909091,0.3666666666666667,0.6666666666666666,0.75,0.9282032302755092,0.8736191374661523,0.16543469682057105,0.27747906604368566,0.0,0.8571428571428571,0.826025348342911,0.8823529411764705,0.8333333333333333,1.0,0.09090909090909091,0.4,0.8333333333333333,0.75,0.9282032302755092,0.7955114688927061,0.09549150281252633,0.0,0.3568958678922094,0.8571428571428571,0.8279933873888057,0.8823529411764705,0.8333333333333333,1.0,0.09090909090909091,0.43333333333333335,1.0,0.75,0.9282032302755092,0.704488531107294,0.04322727117869962,0.0990311320975808,0.8019377358048383,0.8571428571428571,0.8299614264347004,0.8823529411764705,0.8333333333333333,1.0,0.09090909090909091,0.4666666666666667,0.0,0.75,0.9282032302755092,0.6045284632676536,0.010926199633097211,0.5,1.0,0.8571428571428571,0.8319294654805951,0.8823529411764705,0.8333333333333333,1.0,0.09090909090909091,0.5,0.16666666666666666,0.75,0.9282032302755092,0.5000000000000001,0.0,0.9009688679024191,0.8019377358048384,0.8571428571428571,0.8339368653074075,0.8823529411764705,0.8333333333333333,1.0,0.09090909090909091,0.5333333333333333,0.3333333333333333,0.75,0.9282032302755092,0.3954715367323467,0.010926199633097156,1.0,0.3568958678922095,0.8571428571428571,0.8358852239628436,0.8823529411764705,0.8333333333333333,1.0,0.09090909090909091,0.5666666666666667,0.5,0.75,0.9282032302755092,0.29551146889270624,0.043227271178699456,0.7225209339563144,5.551115123125783e-17,0.7999999999999999,0.837892623789656,0.8235294117647057,0.7777777777777777,1.0,0.09090909090909091,0.6,0.6666666666666666,0.75,0.9282032302755092,0.20448853110729398,0.09549150281252627,0.27747906604368566,0.0,0.8571428571428571,0.8398213020546326,0.8823529411764705,0.8333333333333333,1.0,0.09090909090909091,0.6333333333333333,0.8333333333333333,0.75,0.9282032302755092,0.12638086253384795,0.16543469682057077,0.0,0.3568958678922094,0.8857142857142858,0.8417106195386914,0.8823529411764705,0.8888888888888888,1.0,0.09090909090909091,0.6666666666666666,1.0,0.75,0.9282032302755092,0.06460214309120482,0.24999999999999978,0.0990311320975808,0.8019377358048383,0.8571428571428571,0.8436196174132093,0.8823529411764705,0.8333333333333333,1.0,0.09090909090909091,0.7,0.0,0.75,0.9282032302755092,0.021852399266194367,0.3454915028125262,0.5,1.0,0.8571428571428571,0.8455286152877273,0.8823529411764705,0.8333333333333333,1.0,0.09090909090909091,0.7333333333333333,0.16666666666666666,0.75,0.9282032302755092,0.0,0.4477357683661729,0.9009688679024191,0.8019377358048384,0.8571428571428571,0.8473785719908684,0.8823529411764705,0.8333333333333333,1.0,0.09090909090909091,0.7666666666666667,0.3333333333333333,0.75,0.9282032302755092,0.0,0.5522642316338265,1.0,0.3568958678922095,0.8571428571428571,0.849326930646304,0.8823529411764705,0.8333333333333333,1.0,0.09090909090909091,0.8,0.5,0.75,0.9282032302755092,0.02185239926619431,0.6545084971874736,0.7225209339563144,5.551115123125783e-17,0.8571428571428571,0.8513343304731165,0.8823529411764705,0.8333333333333333,1.0,0.09090909090909091,0.8333333333333334,0.6666666666666666,0.75,0.9282032302755092,0.06460214309120454,0.7499999999999997,0.27747906604368566,0.0,0.8571428571428571,0.8532630087380935,0.8823529411764705,0.8333333333333333,1.0,0.09090909090909091,0.8666666666666667,0.8333333333333333,0.75,0.9282032302755092,0.12638086253384767,0.8345653031794289,0.0,0.3568958678922094,0.8571428571428571,0.8552310477839882,0.8823529411764705,0.8333333333333333,1.0,0.09090909090909091,0.9,1.0,0.75,0.9282032302755092,0.20448853110729381,0.9045084971874737,0.0990311320975808,0.8019377358048383,0.8571428571428571,0.8571990868298829,0.8823529411764705,0.8333333333333333,1.0,0.1818181818181818,0.0,0.0,0.9330127018922193,0.7320508075688774,0.5,1.0,0.5,1.0,0.8571428571428571,0.859245847437613,0.8823529411764705,0.8333333333333333,1.0,0.1818181818181818,0.03333333333333333,0.16666666666666666,0.9330127018922193,0.7320508075688774,0.6045284632676534,0.9890738003669028,0.9009688679024191,0.8019377358048384,0.8571428571428571,0.8612926080453436,0.8823529411764705,0.8333333333333333,1.0,0.1818181818181818,0.06666666666666668,0.3333333333333333,0.9330127018922193,0.7320508075688774,0.7044885311072939,0.9567727288213004,1.0,0.3568958678922095,0.8571428571428571,0.863300007872156,0.8823529411764705,0.8333333333333333,1.0,0.1818181818181818,0.13333333333333333,0.6666666666666666,0.9330127018922193,0.7320508075688774,0.8736191374661522,0.8345653031794291,0.27747906604368566,0.0,0.8571428571428571,0.8653467684798866,0.8823529411764705,0.8333333333333333,1.0,0.1818181818181818,0.16666666666666669,0.8333333333333333,0.9330127018922193,0.7320508075688774,0.9353978569087953,0.75,0.0,0.3568958678922094,0.8571428571428571,0.8673935290876171,0.8823529411764705,0.8333333333333333,1.0,0.1818181818181818,0.2,1.0,0.9330127018922193,0.7320508075688774,0.9781476007338057,0.6545084971874737,0.0990311320975808,0.8019377358048383,1.0,0.8694599700858063,0.9999999999999999,1.0,1.0,0.1818181818181818,0.23333333333333334,0.0,0.9330127018922193,0.7320508075688774,1.0,0.5522642316338269,0.5,1.0,1.0,0.871546091474455,0.9999999999999999,1.0,1.0,0.1818181818181818,0.26666666666666666,0.16666666666666666,0.9330127018922193,0.7320508075688774,1.0,0.44773576836617335,0.9009688679024191,0.8019377358048384,0.8571428571428571,0.8736125324726443,0.8823529411764705,0.8333333333333333,1.0,0.1818181818181818,0.3,0.3333333333333333,0.9330127018922193,0.7320508075688774,0.9781476007338057,0.34549150281252633,1.0,0.3568958678922095,1.0,0.8756986538612925,0.9999999999999999,1.0,1.0,0.1818181818181818,0.3333333333333333,0.5,0.9330127018922193,0.7320508075688774,0.9353978569087953,0.2500000000000001,0.7225209339563144,5.551115123125783e-17,0.7999999999999999,0.8777847752499408,0.8235294117647057,0.7777777777777777,1.0,0.1818181818181818,0.3666666666666667,0.6666666666666666,0.9330127018922193,0.7320508075688774,0.8736191374661523,0.16543469682057105,0.27747906604368566,0.0,0.7999999999999999,0.8798512162481305,0.8235294117647057,0.7777777777777777,1.0,0.1818181818181818,0.4,0.8333333333333333,0.9330127018922193,0.7320508075688774,0.7955114688927061,0.09549150281252633,0.0,0.3568958678922094,0.7999999999999999,0.8819963788081555,0.8235294117647057,0.7777777777777777,1.0,0.1818181818181818,0.43333333333333335,1.0,0.9330127018922193,0.7320508075688774,0.704488531107294,0.04322727117869962,0.0990311320975808,0.8019377358048383,0.7999999999999999,0.8841218609777219,0.8235294117647057,0.7777777777777777,1.0,0.1818181818181818,0.4666666666666667,0.0,0.9330127018922193,0.7320508075688774,0.6045284632676536,0.010926199633097211,0.5,1.0,0.7999999999999999,0.8862867039282061,0.8235294117647057,0.7777777777777777,1.0,0.1818181818181818,0.5,0.16666666666666666,0.9330127018922193,0.7320508075688774,0.5000000000000001,0.0,0.9009688679024191,0.8019377358048384,0.7999999999999999,0.8884121860977721,0.8235294117647057,0.7777777777777777,1.0,0.1818181818181818,0.5333333333333333,0.3333333333333333,0.9330127018922193,0.7320508075688774,0.3954715367323467,0.010926199633097156,1.0,0.3568958678922095,0.7999999999999999,0.8905179878768794,0.8235294117647057,0.7777777777777777,1.0,0.1818181818181818,0.5666666666666667,0.5,0.9330127018922193,0.7320508075688774,0.29551146889270624,0.043227271178699456,0.7225209339563144,5.551115123125783e-17,0.7999999999999999,0.8926041092655277,0.8235294117647057,0.7777777777777777,1.0,0.1818181818181818,0.6,0.6666666666666666,0.9330127018922193,0.7320508075688774,0.20448853110729398,0.09549150281252627,0.27747906604368566,0.0,0.7999999999999999,0.894690230654176,0.8235294117647057,0.7777777777777777,1.0,0.1818181818181818,0.6333333333333333,0.8333333333333333,0.9330127018922193,0.7320508075688774,0.12638086253384795,0.16543469682057077,0.0,0.3568958678922094
0.8571428571428571,0.7801897189640243,0.8823529411764705,0.8333333333333333,1.0,0.0,0.6333333333333333,0.3333333333333333,0.5,1.0,0.12638086253384795,0.16543469682057077,1.0,0.3568958678922095,0.8571428571428571,0.7820593560576241,0.8823529411764705,0.8333333333333333,1.0,0.0,0.6666666666666666,0.5,0.5,1.0,0.06460214309120482,0.24999999999999978,0.7225209339563144,5.551115123125783e-17,0.8571428571428571,0.7839880343226011,0.8823529411764705,0.8333333333333333,1.0,0.0,0.7,0.6666666666666666,0.5,1.0,0.021852399266194367,0.3454915028125262,0.27747906604368566,0.0,0.8571428571428571,0.7858970321971186,0.8823529411764705,0.8333333333333333,1.0,0.0,0.7333333333333333,0.8333333333333333,0.5,1.0,0.0,0.4477357683661729,0.0,0.3568958678922094,0.8571428571428571,0.7878257104620956,0.8823529411764705,0.8333333333333333,1.0,0.0,0.7666666666666667,1.0,0.5,1.0,0.0,0.5522642316338265,0.0990311320975808,0.8019377358048383,0.8571428571428571,0.7897543887270722,0.8823529411764705,0.8333333333333333,1.0,0.0,0.8,0.0,0.5,1.0,0.02185239926619431,0.6545084971874736,0.5,1.0,0.8571428571428571,0.7916830669920492,0.8823529411764705,0.8333333333333333,1.0,0.0,0.8333333333333334,0.16666666666666666,0.5,1.0,0.06460214309120454,0.7499999999999997,0.9009688679024191,0.8019377358048384,0.8571428571428571,0.7935920648665671,0.8823529411764705,0.8333333333333333,1.0,0.0,0.8666666666666667,0.3333333333333333,0.5,1.0,0.12638086253384767,0.8345653031794289,1.0,0.3568958678922095,0.8571428571428571,0.7955010627410846,0.8823529411764705,0.8333333333333333,1.0,0.0,0.9,0.5,0.5,1.0,0.20448853110729381,0.9045084971874737,0.7225209339563144,5.551115123125783e-17,0.8571428571428571,0.7974494213965206,0.8823529411764705,0.8333333333333333,1.0,0.0,0.9333333333333333,0.6666666666666666,0.5,1.0,0.2955114688927057,0.9567727288213003,0.27747906604368566,0.0,0.8571428571428571,0.7993780996614972,0.8823529411764705,0.8333333333333333,1.0,0.0,0.9666666666666667,0.8333333333333333,0.5,1.0,0.39547153673234625,0.9890738003669028,0.0,0.3568958678922094,0.8571428571428571,0.8013067779264742,0.8823529411764705,0.8333333333333333,1.0,0.0,0.9999999999999999,1.0,0.5,1.0,0.4999999999999999,1.0,0.0990311320975808,0.8019377358048383,0.8571428571428571,0.8032157758009917,0.8823529411764705,0.8333333333333333,1.0,0.09090909090909091,0.0,0.0,0.75,0.9282032302755092,0.5,1.0,0.5,1.0,0.8571428571428571,0.8051247736755096,0.8823529411764705,0.8333333333333333,1.0,0.09090909090909091,0.03333333333333333,0.16666666666666666,0.75,0.9282032302755092,0.6045284632676534,0.9890738003669028,0.9009688679024191,0.8019377358048384,0.8571428571428571,0.8068369676454381,0.8823529411764705,0.8333333333333333,1.0,0.09090909090909091,0.06666666666666668,0.3333333333333333,0.75,0.9282032302755092,0.7044885311072939,0.9567727288213004,1.0,0.3568958678922095,0.8571428571428571,0.8086672439581202,0.8823529411764705,0.8333333333333333,1.0,0.09090909090909091,0.1,0.5,0.75,0.9282032302755092,0.7955114688927061,0.9045084971874737,0.7225209339563144,5.551115123125783e-17,0.8571428571428571,0.8104975202708022,0.8823529411764705,0.8333333333333333,1.0,0.09090909090909091,0.13333333333333333,0.6666666666666666,0.75,0.9282032302755092,0.8736191374661522,0.8345653031794291,0.27747906604368566,0.0,0.8571428571428571,0.8123868377548611,0.8823529411764705,0.8333333333333333,1.0,0.09090909090909091,0.16666666666666669,0.8333333333333333,0.75,0.9282032302755092,0.9353978569087953,0.75,0.0,0.3568958678922094,0.8857142857142858,0.814295835629379,0.8823529411764705,0.8888888888888888,1.0,0.09090909090909091,0.2,1.0,0.75,0.9282032302755092,0.9781476007338057,0.6545084971874737,0.0990311320975808,0.8019377358048383,0.8571428571428571,0.8162245138943556,0.8823529411764705,0.8333333333333333,1.0,0.09090909090909091,0.23333333333333334,0.0,0.75,0.9282032302755092,1.0,0.5522642316338269,0.5,1.0,0.8571428571428571,0.8181925529402503,0.8823529411764705,0.8333333333333333,1.0,0.09090909090909091,0.26666666666666666,0.16666666666666666,0.75,0.9282032302755092,1.0,0.44773576836617335,0.9009688679024191,0.8019377358048384,0.8571428571428571,0.8201212312052273,0.8823529411764705,0.8333333333333333,1.0,0.09090909090909091,0.3,0.3333333333333333,0.75,0.9282032302755092,0.9781476007338057,0.34549150281252633,1.0,0.3568958678922095,0.8571428571428571,0.8221089506415806,0.8823529411764705,0.8333333333333333,1.0,0.09090909090909091,0.3333333333333333,0.5,0.75,0.9282032302755092,0.9353978569087953,0.2500000000000001,0.7225209339563144,5.551115123125783e-17,0.8571428571428571,0.8240573092970163,0.8823529411764705,0.8333333333333333,1.0,0.09090909090909091,0.3666666666666667,0.6666666666666666,0.75,0.9282032302755092,0.8736191374661523,0.16543469682057105,0.27747906604368566,0.0,0.8571428571428571,0.826025348342911,0.8823529411764705,0.8333333333333333,1.0,0.09090909090909091,0.4,0.8333333333333333,0.75,0.9282032302755092,0.7955114688927061,0.09549150281252633,0.0,0.3568958678922094,0.8571428571428571,0.8279933873888057,0.8823529411764705,0.8333333333333333,1.0,0.09090909090909091,0.43333333333333335,1.0,0.75,0.9282032302755092,0.704488531107294,0.04322727117869962,0.0990311320975808,0.8019377358048383,0.8571428571428571,0.8299614264347004,0.8823529411764705,0.8333333333333333,1.0,0.09090909090909091,0.4666666666666667,0.0,0.75,0.9282032302755092,0.6045284632676536,0.010926199633097211,0.5,1.0,0.8571428571428571,0.8319294654805951,0.8823529411764705,0.8333333333333333,1.0,0.09090909090909091,0.5,0.16666666666666666,0.75,0.9282032302755092,0.5000000000000001,0.0,0.9009688679024191,0.8019377358048384,0.8571428571428571,0.8339368653074075,0.8823529411764705,0.8333333333333333,1.0,0.09090909090909091,0.5333333333333333,0.3333333333333333,0.75,0.9282032302755092,0.3954715367323467,0.010926199633097156,1.0,0.3568958678922095,0.8571428571428571,0.8358852239628436,0.8823529411764705,0.8333333333333333,1.0,0.09090909090909091,0.5666666666666667,0.5,0.75,0.9282032302755092,0.29551146889270624,0.043227271178699456,0.7225209339563144,5.551115123125783e-17,0.7999999999999999,0.837892623789656,0.8235294117647057,0.7777777777777777,1.0,0.09090909090909091,0.6,0.6666666666666666,0.75,0.9282032302755092,0.20448853110729398,0.09549150281252627,0.27747906604368566,0.0,0.8571428571428571,0.8398213020546326,0.8823529411764705,0.8333333333333333,1.0,0.09090909090909091,0.6333333333333333,0.8333333333333333,0.75,0.9282032302755092,0.12638086253384795,0.16543469682057077,0.0,0.3568958678922094,0.8857142857142858,0.8417106195386914,0.8823529411764705,0.8888888888888888,1.0,0.09090909090909091,0.6666666666666666,1.0,0.75,0.9282032302755092,0.06460214309120482,0.24999999999999978,0.0990311320975808,0.8019377358048383,0.8571428571428571,0.8436196174132093,0.8823529411764705,0.8333333333333333,1.0,0.09090909090909091,0.7,0.0,0.75,0.9282032302755092,0.021852399266194367,0.3454915028125262,0.5,1.0,0.8571428571428571,0.8455286152877273,0.8823529411764705,0.8333333333333333,1.0,0.09090909090909091,0.7333333333333333,0.16666666666666666,0.75,0.9282032302755092,0.0,0.4477357683661729,0.9009688679024191,0.8019377358048384,0.8571428571428571,0.8473785719908684,0.8823529411764705,0.8333333333333333,1.0,0.09090909090909091,0.7666666666666667,0.3333333333333333,0.75,0.9282032302755092,0.0,0.5522642316338265,1.0,0.3568958678922095,0.8571428571428571,0.849326930646304,0.8823529411764705,0.8333333333333333,1.0,0.09090909090909091,0.8,0.5,0.75,0.9282032302755092,0.02185239926619431,0.6545084971874736,0.7225209339563144,5.551115123125783e-17,0.8571428571428571,0.8513343304731165,0.8823529411764705,0.8333333333333333,1.0,0.09090909090909091,0.8333333333333334,0.6666666666666666,0.75,0.9282032302755092,0.06460214309120454,0.7499999999999997,0.27747906604368566,0.0,0.8571428571428571,0.8532630087380935,0.8823529411764705,0.8333333333333333,1.0,0.09090909090909091,0.8666666666666667,0.8333333333333333,0.75,0.9282032302755092,0.12638086253384767,0.8345653031794289,0.0,0.3568958678922094,0.8571428571428571,0.8552310477839882,0.8823529411764705,0.8333333333333333,1.0,0.09090909090909091,0.9,1.0,0.75,0.9282032302755092,0.20448853110729381,0.9045084971874737,0.0990311320975808,0.8019377358048383,0.8571428571428571,0.8571990868298829,0.8823529411764705,0.8333333333333333,1.0,0.1818181818181818,0.0,0.0,0.9330127018922193,0.7320508075688774,0.5,1.0,0.5,1.0,0.8571428571428571,0.859245847437613,0.8823529411764705,0.8333333333333333,1.0,0.1818181818181818,0.03333333333333333,0.16666666666666666,0.9330127018922193,0.7320508075688774,0.6045284632676534,0.9890738003669028,0.9009688679024191,0.8019377358048384,0.8571428571428571,0.8612926080453436,0.8823529411764705,0.8333333333333333,1.0,0.1818181818181818,0.06666666666666668,0.3333333333333333,0.9330127018922193,0.7320508075688774,0.7044885311072939,0.9567727288213004,1.0,0.3568958678922095,0.8571428571428571,0.863300007872156,0.8823529411764705,0.8333333333333333,1.0,0.1818181818181818,0.13333333333333333,0.6666666666666666,0.9330127018922193,0.7320508075688774,0.8736191374661522,0.8345653031794291,0.27747906604368566,0.0,0.8571428571428571,0.8653467684798866,0.8823529411764705,0.8333333333333333,1.0,0.1818181818181818,0.16666666666666669,0.8333333333333333,0.9330127018922193,0.7320508075688774,0.9353978569087953,0.75,0.0,0.3568958678922094,0.8571428571428571,0.8673935290876171,0.8823529411764705,0.8333333333333333,1.0,0.1818181818181818,0.2,1.0,0.9330127018922193,0.7320508075688774,0.9781476007338057,0.6545084971874737,0.0990311320975808,0.8019377358048383,1.0,0.8694599700858063,0.9999999999999999,1.0,1.0,0.1818181818181818,0.23333333333333334,0.0,0.9330127018922193,0.7320508075688774,1.0,0.5522642316338269,0.5,1.0,1.0,0.871546091474455,0.9999999999999999,1.0,1.0,0.1818181818181818,0.26666666666666666,0.16666666666666666,0.9330127018922193,0.7320508075688774,1.0,0.44773576836617335,0.9009688679024191,0.8019377358048384,0.8571428571428571,0.8736125324726443,0.8823529411764705,0.8333333333333333,1.0,0.1818181818181818,0.3,0.3333333333333333,0.9330127018922193,0.7320508075688774,0.9781476007338057,0.34549150281252633,1.0,0.3568958678922095,1.0,0.8756986538612925,0.9999999999999999,1.0,1.0,0.1818181818181818,0.3333333333333333,0.5,0.9330127018922193,0.7320508075688774,0.9353978569087953,0.2500000000000001,0.7225209339563144,5.551115123125783e-17,0.7999999999999999,0.8777847752499408,0.8235294117647057,0.7777777777777777,1.0,0.1818181818181818,0.3666666666666667,0.6666666666666666,0.9330127018922193,0.7320508075688774,0.8736191374661523,0.16543469682057105,0.27747906604368566,0.0,0.7999999999999999,0.8798512162481305,0.8235294117647057,0.7777777777777777,1.0,0.1818181818181818,0.4,0.8333333333333333,0.9330127018922193,0.7320508075688774,0.7955114688927061,0.09549150281252633,0.0,0.3568958678922094,0.7999999999999999,0.8819963788081555,0.8235294117647057,0.7777777777777777,1.0,0.1818181818181818,0.43333333333333335,1.0,0.9330127018922193,0.7320508075688774,0.704488531107294,0.04322727117869962,0.0990311320975808,0.8019377358048383,0.7999999999999999,0.8841218609777219,0.8235294117647057,0.7777777777777777,1.0,0.1818181818181818,0.4666666666666667,0.0,0.9330127018922193,0.7320508075688774,0.6045284632676536,0.010926199633097211,0.5,1.0,0.7999999999999999,0.8862867039282061,0.8235294117647057,0.7777777777777777,1.0,0.1818181818181818,0.5,0.16666666666666666,0.9330127018922193,0.7320508075688774,0.5000000000000001,0.0,0.9009688679024191,0.8019377358048384,0.7999999999999999,0.8884121860977721,0.8235294117647057,0.7777777777777777,1.0,0.1818181818181818,0.5333333333333333,0.3333333333333333,0.9330127018922193,0.7320508075688774,0.3954715367323467,0.010926199633097156,1.0,0.3568958678922095,0.7999999999999999,0.8905179878768794,0.8235294117647057,0.7777777777777777,1.0,0.1818181818181818,0.5666666666666667,0.5,0.9330127018922193,0.7320508075688774,0.29551146889270624,0.043227271178699456,0.7225209339563144,5.551115123125783e-17,0.7999999999999999,0.8926041092655277,0.8235294117647057,0.7777777777777777,1.0,0.1818181818181818,0.6,0.6666666666666666,0.9330127018922193,0.7320508075688774,0.20448853110729398,0.09549150281252627,0.27747906604368566,0.0,0.7999999999999999,0.894690230654176,0.8235294117647057,0.7777777777777777,1.0,0.1818181818181818,0.6333333333333333,0.8333333333333333,0.9330127018922193,0.7320508075688774,0.12638086253384795,0.16543469682057077,0.0,0.3568958678922094,0.7999999999999999,0.8968353932142015,0.8235294117647057,0.7777777777777777,1.0,0.1818181818181818,0.6666666666666666,1.0,0.9330127018922193,0.7320508075688774,0.06460214309120482,0.24999999999999978,0.0990311320975808,0.8019377358048383
0.8571428571428571,0.7820593560576241,0.8823529411764705,0.8333333333333333,1.0,0.0,0.6666666666666666,0.5,0.5,1.0,0.06460214309120482,0.24999999999999978,0.7225209339563144,5.551115123125783e-17,0.8571428571428571,0.7839880343226011,0.8823529411764705,0.8333333333333333,1.0,0.0,0.7,0.6666666666666666,0.5,1.0,0.021852399266194367,0.3454915028125262,0.27747906604368566,0.0,0.8571428571428571,0.7858970321971186,0.8823529411764705,0.8333333333333333,1.0,0.0,0.7333333333333333,0.8333333333333333,0.5,1.0,0.0,0.4477357683661729,0.0,0.3568958678922094,0.8571428571428571,0.7878257104620956,0.8823529411764705,0.8333333333333333,1.0,0.0,0.7666666666666667,1.0,0.5,1.0,0.0,0.5522642316338265,0.0990311320975808,0.8019377358048383,0.8571428571428571,0.7897543887270722,0.8823529411764705,0.8333333333333333,1.0,0.0,0.8,0.0,0.5,1.0,0.02185239926619431,0.6545084971874736,0.5,1.0,0.8571428571428571,0.7916830669920492,0.8823529411764705,0.8333333333333333,1.0,0.0,0.8333333333333334,0.16666666666666666,0.5,1.0,0.06460214309120454,0.7499999999999997,0.9009688679024191,0.8019377358048384,0.8571428571428571,0.7935920648665671,0.8823529411764705,0.8333333333333333,1.0,0.0,0.8666666666666667,0.3333333333333333,0.5,1.0,0.12638086253384767,0.8345653031794289,1.0,0.3568958678922095,0.8571428571428571,0.7955010627410846,0.8823529411764705,0.8333333333333333,1.0,0.0,0.9,0.5,0.5,1.0,0.20448853110729381,0.9045084971874737,0.7225209339563144,5.551115123125783e-17,0.8571428571428571,0.7974494213965206,0.8823529411764705,0.8333333333333333,1.0,0.0,0.9333333333333333,0.6666666666666666,0.5,1.0,0.2955114688927057,0.9567727288213003,0.27747906604368566,0.0,0.8571428571428571,0.7993780996614972,0.8823529411764705,0.8333333333333333,1.0,0.0,0.9666666666666667,0.8333333333333333,0.5,1.0,0.39547153673234625,0.9890738003669028,0.0,0.3568958678922094,0.8571428571428571,0.8013067779264742,0.8823529411764705,0.8333333333333333,1.0,0.0,0.9999999999999999,1.0,0.5,1.0,0.4999999999999999,1.0,0.0990311320975808,0.8019377358048383,0.8571428571428571,0.8032157758009917,0.8823529411764705,0.8333333333333333,1.0,0.09090909090909091,0.0,0.0,0.75,0.9282032302755092,0.5,1.0,0.5,1.0,0.8571428571428571,0.8051247736755096,0.8823529411764705,0.8333333333333333,1.0,0.09090909090909091,0.03333333333333333,0.16666666666666666,0.75,0.9282032302755092,0.6045284632676534,0.9890738003669028,0.9009688679024191,0.8019377358048384,0.8571428571428571,0.8068369676454381,0.8823529411764705,0.8333333333333333,1.0,0.09090909090909091,0.06666666666666668,0.3333333333333333,0.75,0.9282032302755092,0.7044885311072939,0.9567727288213004,1.0,0.3568958678922095,0.8571428571428571,0.8086672439581202,0.8823529411764705,0.8333333333333333,1.0,0.09090909090909091,0.1,0.5,0.75,0.9282032302755092,0.7955114688927061,0.9045084971874737,0.7225209339563144,5.551115123125783e-17,0.8571428571428571,0.8104975202708022,0.8823529411764705,0.8333333333333333,1.0,0.09090909090909091,0.13333333333333333,0.6666666666666666,0.75,0.9282032302755092,0.8736191374661522,0.8345653031794291,0.27747906604368566,0.0,0.8571428571428571,0.8123868377548611,0.8823529411764705,0.8333333333333333,1.0,0.09090909090909091,0.16666666666666669,0.8333333333333333,0.75,0.9282032302755092,0.9353978569087953,0.75,0.0,0.3568958678922094,0.8857142857142858,0.814295835629379,0.8823529411764705,0.8888888888888888,1.0,0.09090909090909091,0.2,1.0,0.75,0.9282032302755092,0.9781476007338057,0.6545084971874737,0.0990311320975808,0.8019377358048383,0.8571428571428571,0.8162245138943556,0.8823529411764705,0.8333333333333333,1.0,0.09090909090909091,0.23333333333333334,0.0,0.75,0.9282032302755092,1.0,0.5522642316338269,0.5,1.0,0.8571428571428571,0.8181925529402503,0.8823529411764705,0.8333333333333333,1.0,0.09090909090909091,0.26666666666666666,0.16666666666666666,0.75,0.9282032302755092,1.0,0.44773576836617335,0.9009688679024191,0.8019377358048384,0.8571428571428571,0.8201212312052273,0.8823529411764705,0.8333333333333333,1.0,0.09090909090909091,0.3,0.3333333333333333,0.75,0.9282032302755092,0.9781476007338057,0.34549150281252633,1.0,0.3568958678922095,0.8571428571428571,0.8221089506415806,0.8823529411764705,0.8333333333333333,1.0,0.09090909090909091,0.3333333333333333,0.5,0.75,0.9282032302755092,0.9353978569087953,0.2500000000000001,0.7225209339563144,5.551115123125783e-17,0.8571428571428571,0.8240573092970163,0.8823529411764705,0.8333333333333333,1.0,0.09090909090909091,0.3666666666666667,0.6666666666666666,0.75,0.9282032302755092,0.8736191374661523,0.16543469682057105,0.27747906604368566,0.0,0.8571428571428571,0.826025348342911,0.8823529411764705,0.8333333333333333,1.0,0.09090909090909091,0.4,0.8333333333333333,0.75,0.9282032302755092,0.7955114688927061,0.09549150281252633,0.0,0.3568958678922094,0.8571428571428571,0.8279933873888057,0.8823529411764705,0.8333333333333333,1.0,0.09090909090909091,0.43333333333333335,1.0,0.75,0.9282032302755092,0.704488531107294,0.04322727117869962,0.0990311320975808,0.8019377358048383,0.8571428571428571,0.8299614264347004,0.8823529411764705,0.8333333333333333,1.0,0.09090909090909091,0.4666666666666667,0.0,0.75,0.9282032302755092,0.6045284632676536,0.010926199633097211,0.5,1.0,0.8571428571428571,0.8319294654805951,0.8823529411764705,0.8333333333333333,1.0,0.09090909090909091,0.5,0.16666666666666666,0.75,0.9282032302755092,0.5000000000000001,0.0,0.9009688679024191,0.8019377358048384,0.8571428571428571,0.8339368653074075,0.8823529411764705,0.8333333333333333,1.0,0.09090909090909091,0.5333333333333333,0.3333333333333333,0.75,0.9282032302755092,0.3954715367323467,0.010926199633097156,1.0,0.3568958678922095,0.8571428571428571,0.8358852239628436,0.8823529411764705,0.8333333333333333,1.0,0.09090909090909091,0.5666666666666667,0.5,0.75,0.9282032302755092,0.29551146889270624,0.043227271178699456,0.7225209339563144,5.551115123125783e-17,0.7999999999999999,0.837892623789656,0.8235294117647057,0.7777777777777777,1.0,0.09090909090909091,0.6,0.6666666666666666,0.75,0.9282032302755092,0.20448853110729398,0.09549150281252627,0.27747906604368566,0.0,0.8571428571428571,0.8398213020546326,0.8823529411764705,0.8333333333333333,1.0,0.09090909090909091,0.6333333333333333,0.8333333333333333,0.75,0.9282032302755092,0.12638086253384795,0.16543469682057077,0.0,0.3568958678922094,0.8857142857142858,0.8417106195386914,0.8823529411764705,0.8888888888888888,1.0,0.09090909090909091,0.6666666666666666,1.0,0.75,0.9282032302755092,0.06460214309120482,0.24999999999999978,0.0990311320975808,0.8019377358048383,0.8571428571428571,0.8436196174132093,0.8823529411764705,0.8333333333333333,1.0,0.09090909090909091,0.7,0.0,0.75,0.9282032302755092,0.021852399266194367,0.3454915028125262,0.5,1.0,0.8571428571428571,0.8455286152877273,0.8823529411764705,0.8333333333333333,1.0,0.09090909090909091,0.7333333333333333,0.16666666666666666,0.75,0.9282032302755092,0.0,0.4477357683661729,0.9009688679024191,0.8019377358048384,0.8571428571428571,0.8473785719908684,0.8823529411764705,0.8333333333333333,1.0,0.09090909090909091,0.7666666666666667,0.3333333333333333,0.75,0.9282032302755092,0.0,0.5522642316338265,1.0,0.3568958678922095,0.8571428571428571,0.849326930646304,0.8823529411764705,0.8333333333333333,1.0,0.09090909090909091,0.8,0.5,0.75,0.9282032302755092,0.02185239926619431,0.6545084971874736,0.7225209339563144,5.551115123125783e-17,0.8571428571428571,0.8513343304731165,0.8823529411764705,0.8333333333333333,1.0,0.09090909090909091,0.8333333333333334,0.6666666666666666,0.75,0.9282032302755092,0.06460214309120454,0.7499999999999997,0.27747906604368566,0.0,0.8571428571428571,0.8532630087380935,0.8823529411764705,0.8333333333333333,1.0,0.09090909090909091,0.8666666666666667,0.8333333333333333,0.75,0.9282032302755092,0.12638086253384767,0.8345653031794289,0.0,0.3568958678922094,0.8571428571428571,0.8552310477839882,0.8823529411764705,0.8333333333333333,1.0,0.09090909090909091,0.9,1.0,0.75,0.9282032302755092,0.20448853110729381,0.9045084971874737,0.0990311320975808,0.8019377358048383,0.8571428571428571,0.8571990868298829,0.8823529411764705,0.8333333333333333,1.0,0.1818181818181818,0.0,0.0,0.9330127018922193,0.7320508075688774,0.5,1.0,0.5,1.0,0.8571428571428571,0.859245847437613,0.8823529411764705,0.8333333333333333,1.0,0.1818181818181818,0.03333333333333333,0.16666666666666666,0.9330127018922193,0.7320508075688774,0.6045284632676534,0.9890738003669028,0.9009688679024191,0.8019377358048384,0.8571428571428571,0.8612926080453436,0.8823529411764705,0.8333333333333333,1.0,0.1818181818181818,0.06666666666666668,0.3333333333333333,0.9330127018922193,0.7320508075688774,0.7044885311072939,0.9567727288213004,1.0,0.3568958678922095,0.8571428571428571,0.863300007872156,0.8823529411764705,0.8333333333333333,1.0,0.1818181818181818,0.13333333333333333,0.6666666666666666,0.9330127018922193,0.7320508075688774,0.8736191374661522,0.8345653031794291,0.27747906604368566,0.0,0.8571428571428571,0.8653467684798866,0.8823529411764705,0.8333333333333333,1.0,0.1818181818181818,0.16666666666666669,0.8333333333333333,0.9330127018922193,0.7320508075688774,0.9353978569087953,0.75,0.0,0.3568958678922094,0.8571428571428571,0.8673935290876171,0.8823529411764705,0.8333333333333333,1.0,0.1818181818181818,0.2,1.0,0.9330127018922193,0.7320508075688774,0.9781476007338057,0.6545084971874737,0.0990311320975808,0.8019377358048383,1.0,0.8694599700858063,0.9999999999999999,1.0,1.0,0.1818181818181818,0.23333333333333334,0.0,0.9330127018922193,0.7320508075688774,1.0,0.5522642316338269,0.5,1.0,1.0,0.871546091474455,0.9999999999999999,1.0,1.0,0.1818181818181818,0.26666666666666666,0.16666666666666666,0.9330127018922193,0.7320508075688774,1.0,0.44773576836617335,0.9009688679024191,0.8019377358048384,0.8571428571428571,0.8736125324726443,0.8823529411764705,0.8333333333333333,1.0,0.1818181818181818,0.3,0.3333333333333333,0.9330127018922193,0.7320508075688774,0.9781476007338057,0.34549150281252633,1.0,0.3568958678922095,1.0,0.8756986538612925,0.9999999999999999,1.0,1.0,0.1818181818181818,0.3333333333333333,0.5,0.9330127018922193,0.7320508075688774,0.9353978569087953,0.2500000000000001,0.7225209339563144,5.551115123125783e-17,0.7999999999999999,0.8777847752499408,0.8235294117647057,0.7777777777777777,1.0,0.1818181818181818,0.3666666666666667,0.6666666666666666,0.9330127018922193,0.7320508075688774,0.8736191374661523,0.16543469682057105,0.27747906604368566,0.0,0.7999999999999999,0.8798512162481305,0.8235294117647057,0.7777777777777777,1.0,0.1818181818181818,0.4,0.8333333333333333,0.9330127018922193,0.7320508075688774,0.7955114688927061,0.09549150281252633,0.0,0.3568958678922094,0.7999999999999999,0.8819963788081555,0.8235294117647057,0.7777777777777777,1.0,0.1818181818181818,0.43333333333333335,1.0,0.9330127018922193,0.7320508075688774,0.704488531107294,0.04322727117869962,0.0990311320975808,0.8019377358048383,0.7999999999999999,0.8841218609777219,0.8235294117647057,0.7777777777777777,1.0,0.1818181818181818,0.4666666666666667,0.0,0.9330127018922193,0.7320508075688774,0.6045284632676536,0.010926199633097211,0.5,1.0,0.7999999999999999,0.8862867039282061,0.8235294117647057,0.7777777777777777,1.0,0.1818181818181818,0.5,0.16666666666666666,0.9330127018922193,0.7320508075688774,0.5000000000000001,0.0,0.9009688679024191,0.8019377358048384,0.7999999999999999,0.8884121860977721,0.8235294117647057,0.7777777777777777,1.0,0.1818181818181818,0.5333333333333333,0.3333333333333333,0.9330127018922193,0.7320508075688774,0.3954715367323467,0.010926199633097156,1.0,0.3568958678922095,0.7999999999999999,0.8905179878768794,0.8235294117647057,0.7777777777777777,1.0,0.1818181818181818,0.5666666666666667,0.5,0.9330127018922193,0.7320508075688774,0.29551146889270624,0.043227271178699456,0.7225209339563144,5.551115123125783e-17,0.7999999999999999,0.8926041092655277,0.8235294117647057,0.7777777777777777,1.0,0.1818181818181818,0.6,0.6666666666666666,0.9330127018922193,0.7320508075688774,0.20448853110729398,0.09549150281252627,0.27747906604368566,0.0,0.7999999999999999,0.894690230654176,0.8235294117647057,0.7777777777777777,1.0,0.1818181818181818,0.6333333333333333,0.8333333333333333,0.9330127018922193,0.7320508075688774,0.12638086253384795,0.16543469682057077,0.0,0.3568958678922094,0.7999999999999999,0.8968353932142015,0.8235294117647057,0.7777777777777777,1.0,0.1818181818181818,0.6666666666666666,1.0,0.9330127018922193,0.7320508075688774,0.06460214309120482,0.24999999999999978,0.0990311320975808,0.8019377358048383,0.7999999999999999,0.8989411949933088,0.8235294117647057,0.7777777777777777,1.0,0.1818181818181818,0.7,0.0,0.9330127018922193,0.7320508075688774,0.021852399266194367,0.3454915028125262,0.5,1.0
0.8571428571428571,0.7839880343226011,0.8823529411764705,0.8333333333333333,1.0,0.0,0.7,0.6666666666666666,0.5,1.0,0.021852399266194367,0.3454915028125262,0.27747906604368566,0.0,0.8571428571428571,0.7858970321971186,0.8823529411764705,0.8333333333333333,1.0,0.0,0.7333333333333333,0.8333333333333333,0.5,1.0,0.0,0.4477357683661729,0.0,0.3568958678922094,0.8571428571428571,0.7878257104620956,0.8823529411764705,0.8333333333333333,1.0,0.0,0.7666666666666667,1.0,0.5,1.0,0.0,0.5522642316338265,0.0990311320975808,0.8019377358048383,0.8571428571428571,0.7897543887270722,0.8823529411764705,0.8333333333333333,1.0,0.0,0.8,0.0,0.5,1.0,0.02185239926619431,0.6545084971874736,0.5,1.0,0.8571428571428571,0.7916830669920492,0.8823529411764705,0.8333333333333333,1.0,0.0,0.8333333333333334,0.16666666666666666,0.5,1.0,0.06460214309120454,0.7499999999999997,0.9009688679024191,0.8019377358048384,0.8571428571428571,0.7935920648665671,0.8823529411764705,0.8333333333333333,1.0,0.0,0.8666666666666667,0.3333333333333333,0.5,1.0,0.12638086253384767,0.8345653031794289,1.0,0.3568958678922095,0.8571428571428571,0.7955010627410846,0.8823529411764705,0.8333333333333333,1.0,0.0,0.9,0.5,0.5,1.0,0.20448853110729381,0.9045084971874737,0.7225209339563144,5.551115123125783e-17,0.8571428571428571,0.7974494213965206,0.8823529411764705,0.8333333333333333,1.0,0.0,0.9333333333333333,0.6666666666666666,0.5,1.0,0.2955114688927057,0.9567727288213003,0.27747906604368566,0.0,0.8571428571428571,0.7993780996614972,0.8823529411764705,0.8333333333333333,1.0,0.0,0.9666666666666667,0.8333333333333333,0.5,1.0,0.39547153673234625,0.9890738003669028,0.0,0.3568958678922094,0.8571428571428571,0.8013067779264742,0.8823529411764705,0.8333333333333333,1.0,0.0,0.9999999999999999,1.0,0.5,1.0,0.4999999999999999,1.0,0.0990311320975808,0.8019377358048383,0.8571428571428571,0.8032157758009917,0.8823529411764705,0.8333333333333333,1.0,0.09090909090909091,0.0,0.0,0.75,0.9282032302755092,0.5,1.0,0.5,1.0,0.8571428571428571,0.8051247736755096,0.8823529411764705,0.8333333333333333,1.0,0.09090909090909091,0.03333333333333333,0.16666666666666666,0.75,0.9282032302755092,0.6045284632676534,0.9890738003669028,0.9009688679024191,0.8019377358048384,0.8571428571428571,0.8068369676454381,0.8823529411764705,0.8333333333333333,1.0,0.09090909090909091,0.06666666666666668,0.3333333333333333,0.75,0.9282032302755092,0.7044885311072939,0.9567727288213004,1.0,0.3568958678922095,0.8571428571428571,0.8086672439581202,0.8823529411764705,0.8333333333333333,1.0,0.09090909090909091,0.1,0.5,0.75,0.9282032302755092,0.7955114688927061,0.9045084971874737,0.7225209339563144,5.551115123125783e-17,0.8571428571428571,0.8104975202708022,0.8823529411764705,0.8333333333333333,1.0,0.09090909090909091,0.13333333333333333,0.6666666666666666,0.75,0.9282032302755092,0.8736191374661522,0.8345653031794291,0.27747906604368566,0.0,0.8571428571428571,0.8123868377548611,0.8823529411764705,0.8333333333333333,1.0,0.09090909090909091,0.16666666666666669,0.8333333333333333,0.75,0.9282032302755092,0.9353978569087953,0.75,0.0,0.3568958678922094,0.8857142857142858,0.814295835629379,0.8823529411764705,0.8888888888888888,1.0,0.09090909090909091,0.2,1.0,0.75,0.9282032302755092,0.9781476007338057,0.6545084971874737,0.0990311320975808,0.8019377358048383,0.8571428571428571,0.8162245138943556,0.8823529411764705,0.8333333333333333,1.0,0.09090909090909091,0.23333333333333334,0.0,0.75,0.9282032302755092,1.0,0.5522642316338269,0.5,1.0,0.8571428571428571,0.8181925529402503,0.8823529411764705,0.8333333333333333,1.0,0.09090909090909091,0.26666666666666666,0.16666666666666666,0.75,0.9282032302755092,1.0,0.44773576836617335,0.9009688679024191,0.8019377358048384,0.8571428571428571,0.8201212312052273,0.8823529411764705,0.8333333333333333,1.0,0.09090909090909091,0.3,0.3333333333333333,0.75,0.9282032302755092,0.9781476007338057,0.34549150281252633,1.0,0.3568958678922095,0.8571428571428571,0.8221089506415806,0.8823529411764705,0.8333333333333333,1.0,0.09090909090909091,0.3333333333333333,0.5,0.75,0.9282032302755092,0.9353978569087953,0.2500000000000001,0.7225209339563144,5.551115123125783e-17,0.8571428571428571,0.8240573092970163,0.8823529411764705,0.8333333333333333,1.0,0.09090909090909091,0.3666666666666667,0.6666666666666666,0.75,0.9282032302755092,0.8736191374661523,0.16543469682057105,0.27747906604368566,0.0,0.8571428571428571,0.826025348342911,0.8823529411764705,0.8333333333333333,1.0,0.09090909090909091,0.4,0.8333333333333333,0.75,0.9282032302755092,0.7955114688927061,0.09549150281252633,0.0,0.3568958678922094,0.8571428571428571,0.8279933873888057,0.8823529411764705,0.8333333333333333,1.0,0.09090909090909091,0.43333333333333335,1.0,0.75,0.9282032302755092,0.704488531107294,0.04322727117869962,0.0990311320975808,0.8019377358048383,0.8571428571428571,0.8299614264347004,0.8823529411764705,0.8333333333333333,1.0,0.09090909090909091,0.4666666666666667,0.0,0.75,0.9282032302755092,0.6045284632676536,0.010926199633097211,0.5,1.0,0.8571428571428571,0.8319294654805951,0.8823529411764705,0.8333333333333333,1.0,0.09090909090909091,0.5,0.16666666666666666,0.75,0.9282032302755092,0.5000000000000001,0.0,0.9009688679024191,0.8019377358048384,0.8571428571428571,0.8339368653074075,0.8823529411764705,0.8333333333333333,1.0,0.09090909090909091,0.5333333333333333,0.3333333333333333,0.75,0.9282032302755092,0.3954715367323467,0.010926199633097156,1.0,0.3568958678922095,0.8571428571428571,0.8358852239628436,0.8823529411764705,0.8333333333333333,1.0,0.09090909090909091,0.5666666666666667,0.5,0.75,0.9282032302755092,0.29551146889270624,0.043227271178699456,0.7225209339563144,5.551115123125783e-17,0.7999999999999999,0.837892623789656,0.8235294117647057,0.7777777777777777,1.0,0.09090909090909091,0.6,0.6666666666666666,0.75,0.9282032302755092,0.20448853110729398,0.09549150281252627,0.27747906604368566,0.0,0.8571428571428571,0.8398213020546326,0.8823529411764705,0.8333333333333333,1.0,0.09090909090909091,0.6333333333333333,0.8333333333333333,0.75,0.9282032302755092,0.12638086253384795,0.16543469682057077,0.0,0.3568958678922094,0.8857142857142858,0.8417106195386914,0.8823529411764705,0.8888888888888888,1.0,0.09090909090909091,0.6666666666666666,1.0,0.75,0.9282032302755092,0.06460214309120482,0.24999999999999978,0.0990311320975808,0.8019377358048383,0.8571428571428571,0.8436196174132093,0.8823529411764705,0.8333333333333333,1.0,0.09090909090909091,0.7,0.0,0.75,0.9282032302755092,0.021852399266194367,0.3454915028125262,0.5,1.0,0.8571428571428571,0.8455286152877273,0.8823529411764705,0.8333333333333333,1.0,0.09090909090909091,0.7333333333333333,0.16666666666666666,0.75,0.9282032302755092,0.0,0.4477357683661729,0.9009688679024191,0.8019377358048384,0.8571428571428571,0.8473785719908684,0.8823529411764705,0.8333333333333333,1.0,0.09090909090909091,0.7666666666666667,0.3333333333333333,0.75,0.9282032302755092,0.0,0.5522642316338265,1.0,0.3568958678922095,0.8571428571428571,0.849326930646304,0.8823529411764705,0.8333333333333333,1.0,0.09090909090909091,0.8,0.5,0.75,0.9282032302755092,0.02185239926619431,0.6545084971874736,0.7225209339563144,5.551115123125783e-17,0.8571428571428571,0.8513343304731165,0.8823529411764705,0.8333333333333333,1.0,0.09090909090909091,0.8333333333333334,0.6666666666666666,0.75,0.9282032302755092,0.06460214309120454,0.7499999999999997,0.27747906604368566,0.0,0.8571428571428571,0.8532630087380935,0.8823529411764705,0.8333333333333333,1.0,0.09090909090909091,0.8666666666666667,0.8333333333333333,0.75,0.9282032302755092,0.12638086253384767,0.8345653031794289,0.0,0.3568958678922094,0.8571428571428571,0.8552310477839882,0.8823529411764705,0.8333333333333333,1.0,0.09090909090909091,0.9,1.0,0.75,0.9282032302755092,0.20448853110729381,0.9045084971874737,0.0990311320975808,0.8019377358048383,0.8571428571428571,0.8571990868298829,0.8823529411764705,0.8333333333333333,1.0,0.1818181818181818,0.0,0.0,0.9330127018922193,0.7320508075688774,0.5,1.0,0.5,1.0,0.8571428571428571,0.859245847437613,0.8823529411764705,0.8333333333333333,1.0,0.1818181818181818,0.03333333333333333,0.16666666666666666,0.9330127018922193,0.7320508075688774,0.6045284632676534,0.9890738003669028,0.9009688679024191,0.8019377358048384,0.8571428571428571,0.8612926080453436,0.8823529411764705,0.8333333333333333,1.0,0.1818181818181818,0.06666666666666668,0.3333333333333333,0.9330127018922193,0.7320508075688774,0.7044885311072939,0.9567727288213004,1.0,0.3568958678922095,0.8571428571428571,0.863300007872156,0.8823529411764705,0.8333333333333333,1.0,0.1818181818181818,0.13333333333333333,0.6666666666666666,0.9330127018922193,0.7320508075688774,0.8736191374661522,0.8345653031794291,0.27747906604368566,0.0,0.8571428571428571,0.8653467684798866,0.8823529411764705,0.8333333333333333,1.0,0.1818181818181818,0.16666666666666669,0.8333333333333333,0.9330127018922193,0.7320508075688774,0.9353978569087953,0.75,0.0,0.3568958678922094,0.8571428571428571,0.8673935290876171,0.8823529411764705,0.8333333333333333,1.0,0.1818181818181818,0.2,1.0,0.9330127018922193,0.7320508075688774,0.9781476007338057,0.6545084971874737,0.0990311320975808,0.8019377358048383,1.0,0.8694599700858063,0.9999999999999999,1.0,1.0,0.1818181818181818,0.23333333333333334,0.0,0.9330127018922193,0.7320508075688774,1.0,0.5522642316338269,0.5,1.0,1.0,0.871546091474455,0.9999999999999999,1.0,1.0,0.1818181818181818,0.26666666666666666,0.16666666666666666,0.9330127018922193,0.7320508075688774,1.0,0.44773576836617335,0.9009688679024191,0.8019377358048384,0.8571428571428571,0.8736125324726443,0.8823529411764705,0.8333333333333333,1.0,0.1818181818181818,0.3,0.3333333333333333,0.9330127018922193,0.7320508075688774,0.9781476007338057,0.34549150281252633,1.0,0.3568958678922095,1.0,0.8756986538612925,0.9999999999999999,1.0,1.0,0.1818181818181818,0.3333333333333333,0.5,0.9330127018922193,0.7320508075688774,0.9353978569087953,0.2500000000000001,0.7225209339563144,5.551115123125783e-17,0.7999999999999999,0.8777847752499408,0.8235294117647057,0.7777777777777777,1.0,0.1818181818181818,0.3666666666666667,0.6666666666666666,0.9330127018922193,0.7320508075688774,0.8736191374661523,0.16543469682057105,0.27747906604368566,0.0,0.7999999999999999,0.8798512162481305,0.8235294117647057,0.7777777777777777,1.0,0.1818181818181818,0.4,0.8333333333333333,0.9330127018922193,0.7320508075688774,0.7955114688927061,0.09549150281252633,0.0,0.3568958678922094,0.7999999999999999,0.8819963788081555,0.8235294117647057,0.7777777777777777,1.0,0.1818181818181818,0.43333333333333335,1.0,0.9330127018922193,0.7320508075688774,0.704488531107294,0.04322727117869962,0.0990311320975808,0.8019377358048383,0.7999999999999999,0.8841218609777219,0.8235294117647057,0.7777777777777777,1.0,0.1818181818181818,0.4666666666666667,0.0,0.9330127018922193,0.7320508075688774,0.6045284632676536,0.010926199633097211,0.5,1.0,0.7999999999999999,0.8862867039282061,0.8235294117647057,0.7777777777777777,1.0,0.1818181818181818,0.5,0.16666666666666666,0.9330127018922193,0.7320508075688774,0.5000000000000001,0.0,0.9009688679024191,0.8019377358048384,0.7999999999999999,0.8884121860977721,0.8235294117647057,0.7777777777777777,1.0,0.1818181818181818,0.5333333333333333,0.3333333333333333,0.9330127018922193,0.7320508075688774,0.3954715367323467,0.010926199633097156,1.0,0.3568958678922095,0.7999999999999999,0.8905179878768794,0.8235294117647057,0.7777777777777777,1.0,0.1818181818181818,0.5666666666666667,0.5,0.9330127018922193,0.7320508075688774,0.29551146889270624,0.043227271178699456,0.7225209339563144,5.551115123125783e-17,0.7999999999999999,0.8926041092655277,0.8235294117647057,0.7777777777777777,1.0,0.1818181818181818,0.6,0.6666666666666666,0.9330127018922193,0.7320508075688774,0.20448853110729398,0.09549150281252627,0.27747906604368566,0.0,0.7999999999999999,0.894690230654176,0.8235294117647057,0.7777777777777777,1.0,0.1818181818181818,0.6333333333333333,0.8333333333333333,0.9330127018922193,0.7320508075688774,0.12638086253384795,0.16543469682057077,0.0,0.3568958678922094,0.7999999999999999,0.8968353932142015,0.8235294117647057,0.7777777777777777,1.0,0.1818181818181818,0.6666666666666666,1.0,0.9330127018922193,0.7320508075688774,0.06460214309120482,0.24999999999999978,0.0990311320975808,0.8019377358048383,0.7999999999999999,0.8989411949933088,0.8235294117647057,0.7777777777777777,1.0,0.1818181818181818,0.7,0.0,0.9330127018922193,0.7320508075688774,0.021852399266194367,0.3454915028125262,0.5,1.0,0.7999999999999999,0.9010469967724157,0.8235294117647057,0.7777777777777777,1.0,0.1818181818181818,0.7333333333333333,0.16666666666666666,0.9330127018922193,0.7320508075688774,0.0,0.4477357683661729,0.9009688679024191,0.8019377358048384
0.8571428571428571,0.7858970321971186,0.8823529411764705,0.8333333333333333,1.0,0.0,0.7333333333333333,0.8333333333333333,0.5,1.0,0.0,0.4477357683661729,0.0,0.3568958678922094,0.8571428571428571,0.7878257104620956,0.8823529411764705,0.8333333333333333,1.0,0.0,0.7666666666666667,1.0,0.5,1.0,0.0,0.5522642316338265,0.0990311320975808,0.8019377358048383,0.8571428571428571,0.7897543887270722,0.8823529411764705,0.8333333333333333,1.0,0.0,0.8,0.0,0.5,1.0,0.02185239926619431,0.6545084971874736,0.5,1.0,0.8571428571428571,0.7916830669920492,0.8823529411764705,0.8333333333333333,1.0,0.0,0.8333333333333334,0.16666666666666666,0.5,1.0,0.06460214309120454,0.7499999999999997,0.9009688679024191,0.8019377358048384,0.8571428571428571,0.7935920648665671,0.8823529411764705,0.8333333333333333,1.0,0.0,0.8666666666666667,0.3333333333333333,0.5,1.0,0.12638086253384767,0.8345653031794289,1.0,0.3568958678922095,0.8571428571428571,0.7955010627410846,0.8823529411764705,0.8333333333333333,1.0,0.0,0.9,0.5,0.5,1.0,0.20448853110729381,0.9045084971874737,0.7225209339563144,5.551115123125783e-17,0.8571428571428571,0.7974494213965206,0.8823529411764705,0.8333333333333333,1.0,0.0,0.9333333333333333,0.6666666666666666,0.5,1.0,0.2955114688927057,0.9567727288213003,0.27747906604368566,0.0,0.8571428571428571,0.7993780996614972,0.8823529411764705,0.8333333333333333,1.0,0.0,0.9666666666666667,0.8333333333333333,0.5,1.0,0.39547153673234625,0.9890738003669028,0.0,0.3568958678922094,0.8571428571428571,0.8013067779264742,0.8823529411764705,0.8333333333333333,1.0,0.0,0.9999999999999999,1.0,0.5,1.0,0.4999999999999999,1.0,0.0990311320975808,0.8019377358048383,0.8571428571428571,0.8032157758009917,0.8823529411764705,0.8333333333333333,1.0,0.09090909090909091,0.0,0.0,0.75,0.9282032302755092,0.5,1.0,0.5,1.0,0.8571428571428571,0.8051247736755096,0.8823529411764705,0.8333333333333333,1.0,0.09090909090909091,0.03333333333333333,0.16666666666666666,0.75,0.9282032302755092,0.6045284632676534,0.9890738003669028,0.9009688679024191,0.8019377358048384,0.8571428571428571,0.8068369676454381,0.8823529411764705,0.8333333333333333,1.0,0.09090909090909091,0.06666666666666668,0.3333333333333333,0.75,0.9282032302755092,0.7044885311072939,0.9567727288213004,1.0,0.3568958678922095,0.8571428571428571,0.8086672439581202,0.8823529411764705,0.8333333333333333,1.0,0.09090909090909091,0.1,0.5,0.75,0.9282032302755092,0.7955114688927061,0.9045084971874737,0.7225209339563144,5.551115123125783e-17,0.8571428571428571,0.8104975202708022,0.8823529411764705,0.8333333333333333,1.0,0.09090909090909091,0.13333333333333333,0.6666666666666666,0.75,0.9282032302755092,0.8736191374661522,0.8345653031794291,0.27747906604368566,0.0,0.8571428571428571,0.8123868377548611,0.8823529411764705,0.8333333333333333,1.0,0.09090909090909091,0.16666666666666669,0.8333333333333333,0.75,0.9282032302755092,0.9353978569087953,0.75,0.0,0.3568958678922094,0.8857142857142858,0.814295835629379,0.8823529411764705,0.8888888888888888,1.0,0.09090909090909091,0.2,1.0,0.75,0.9282032302755092,0.9781476007338057,0.6545084971874737,0.0990311320975808,0.8019377358048383,0.8571428571428571,0.8162245138943556,0.8823529411764705,0.8333333333333333,1.0,0.09090909090909091,0.23333333333333334,0.0,0.75,0.9282032302755092,1.0,0.5522642316338269,0.5,1.0,0.8571428571428571,0.8181925529402503,0.8823529411764705,0.8333333333333333,1.0,0.09090909090909091,0.26666666666666666,0.16666666666666666,0.75,0.9282032302755092,1.0,0.44773576836617335,0.9009688679024191,0.8019377358048384,0.8571428571428571,0.8201212312052273,0.8823529411764705,0.8333333333333333,1.0,0.09090909090909091,0.3,0.3333333333333333,0.75,0.9282032302755092,0.9781476007338057,0.34549150281252633,1.0,0.3568958678922095,0.8571428571428571,0.8221089506415806,0.8823529411764705,0.8333333333333333,1.0,0.09090909090909091,0.3333333333333333,0.5,0.75,0.9282032302755092,0.9353978569087953,0.2500000000000001,0.7225209339563144,5.551115123125783e-17,0.8571428571428571,0.8240573092970163,0.8823529411764705,0.8333333333333333,1.0,0.09090909090909091,0.3666666666666667,0.6666666666666666,0.75,0.9282032302755092,0.8736191374661523,0.16543469682057105,0.27747906604368566,0.0,0.8571428571428571,0.826025348342911,0.8823529411764705,0.8333333333333333,1.0,0.09090909090909091,0.4,0.8333333333333333,0.75,0.9282032302755092,0.7955114688927061,0.09549150281252633,0.0,0.3568958678922094,0.8571428571428571,0.8279933873888057,0.8823529411764705,0.8333333333333333,1.0,0.09090909090909091,0.43333333333333335,1.0,0.75,0.9282032302755092,0.704488531107294,0.04322727117869962,0.0990311320975808,0.8019377358048383,0.8571428571428571,0.8299614264347004,0.8823529411764705,0.8333333333333333,1.0,0.09090909090909091,0.4666666666666667,0.0,0.75,0.9282032302755092,0.6045284632676536,0.010926199633097211,0.5,1.0,0.8571428571428571,0.8319294654805951,0.8823529411764705,0.8333333333333333,1.0,0.09090909090909091,0.5,0.16666666666666666,0.75,0.9282032302755092,0.5000000000000001,0.0,0.9009688679024191,0.8019377358048384,0.8571428571428571,0.8339368653074075,0.8823529411764705,0.8333333333333333,1.0,0.09090909090909091,0.5333333333333333,0.3333333333333333,0.75,0.9282032302755092,0.3954715367323467,0.010926199633097156,1.0,0.3568958678922095,0.8571428571428571,0.8358852239628436,0.8823529411764705,0.8333333333333333,1.0,0.09090909090909091,0.5666666666666667,0.5,0.75,0.9282032302755092,0.29551146889270624,0.043227271178699456,0.7225209339563144,5.551115123125783e-17,0.7999999999999999,0.837892623789656,0.8235294117647057,0.7777777777777777,1.0,0.09090909090909091,0.6,0.6666666666666666,0.75,0.9282032302755092,0.20448853110729398,0.09549150281252627,0.27747906604368566,0.0,0.8571428571428571,0.8398213020546326,0.8823529411764705,0.8333333333333333,1.0,0.09090909090909091,0.6333333333333333,0.8333333333333333,0.75,0.9282032302755092,0.12638086253384795,0.16543469682057077,0.0,0.3568958678922094,0.8857142857142858,0.8417106195386914,0.8823529411764705,0.8888888888888888,1.0,0.09090909090909091,0.6666666666666666,1.0,0.75,0.9282032302755092,0.06460214309120482,0.24999999999999978,0.0990311320975808,0.8019377358048383,0.8571428571428571,0.8436196174132093,0.8823529411764705,0.8333333333333333,1.0,0.09090909090909091,0.7,0.0,0.75,0.9282032302755092,0.021852399266194367,0.3454915028125262,0.5,1.0,0.8571428571428571,0.8455286152877273,0.8823529411764705,0.8333333333333333,1.0,0.09090909090909091,0.7333333333333333,0.16666666666666666,0.75,0.9282032302755092,0.0,0.4477357683661729,0.9009688679024191,0.8019377358048384,0.8571428571428571,0.8473785719908684,0.8823529411764705,0.8333333333333333,1.0,0.09090909090909091,0.7666666666666667,0.3333333333333333,0.75,0.9282032302755092,0.0,0.5522642316338265,1.0,0.3568958678922095,0.8571428571428571,0.849326930646304,0.8823529411764705,0.8333333333333333,1.0,0.09090909090909091,0.8,0.5,0.75,0.9282032302755092,0.02185239926619431,0.6545084971874736,0.7225209339563144,5.551115123125783e-17,0.8571428571428571,0.8513343304731165,0.8823529411764705,0.8333333333333333,1.0,0.09090909090909091,0.8333333333333334,0.6666666666666666,0.75,0.9282032302755092,0.06460214309120454,0.7499999999999997,0.27747906604368566,0.0,0.8571428571428571,0.8532630087380935,0.8823529411764705,0.8333333333333333,1.0,0.09090909090909091,0.8666666666666667,0.8333333333333333,0.75,0.9282032302755092,0.12638086253384767,0.8345653031794289,0.0,0.3568958678922094,0.8571428571428571,0.8552310477839882,0.8823529411764705,0.8333333333333333,1.0,0.09090909090909091,0.9,1.0,0.75,0.9282032302755092,0.20448853110729381,0.9045084971874737,0.0990311320975808,0.8019377358048383,0.8571428571428571,0.8571990868298829,0.8823529411764705,0.8333333333333333,1.0,0.1818181818181818,0.0,0.0,0.9330127018922193,0.7320508075688774,0.5,1.0,0.5,1.0,0.8571428571428571,0.859245847437613,0.8823529411764705,0.8333333333333333,1.0,0.1818181818181818,0.03333333333333333,0.16666666666666666,0.9330127018922193,0.7320508075688774,0.6045284632676534,0.9890738003669028,0.9009688679024191,0.8019377358048384,0.8571428571428571,0.8612926080453436,0.8823529411764705,0.8333333333333333,1.0,0.1818181818181818,0.06666666666666668,0.3333333333333333,0.9330127018922193,0.7320508075688774,0.7044885311072939,0.9567727288213004,1.0,0.3568958678922095,0.8571428571428571,0.863300007872156,0.8823529411764705,0.8333333333333333,1.0,0.1818181818181818,0.13333333333333333,0.6666666666666666,0.9330127018922193,0.7320508075688774,0.8736191374661522,0.8345653031794291,0.27747906604368566,0.0,0.8571428571428571,0.8653467684798866,0.8823529411764705,0.8333333333333333,1.0,0.1818181818181818,0.16666666666666669,0.8333333333333333,0.9330127018922193,0.7320508075688774,0.9353978569087953,0.75,0.0,0.3568958678922094,0.8571428571428571,0.8673935290876171,0.8823529411764705,0.8333333333333333,1.0,0.1818181818181818,0.2,1.0,0.9330127018922193,0.7320508075688774,0.9781476007338057,0.6545084971874737,0.0990311320975808,0.8019377358048383,1.0,0.8694599700858063,0.9999999999999999,1.0,1.0,0.1818181818181818,0.23333333333333334,0.0,0.9330127018922193,0.7320508075688774,1.0,0.5522642316338269,0.5,1.0,1.0,0.871546091474455,0.9999999999999999,1.0,1.0,0.1818181818181818,0.26666666666666666,0.16666666666666666,0.9330127018922193,0.7320508075688774,1.0,0.44773576836617335,0.9009688679024191,0.8019377358048384,0.8571428571428571,0.8736125324726443,0.8823529411764705,0.8333333333333333,1.0,0.1818181818181818,0.3,0.3333333333333333,0.9330127018922193,0.7320508075688774,0.9781476007338057,0.34549150281252633,1.0,0.3568958678922095,1.0,0.8756986538612925,0.9999999999999999,1.0,1.0,0.1818181818181818,0.3333333333333333,0.5,0.9330127018922193,0.7320508075688774,0.9353978569087953,0.2500000000000001,0.7225209339563144,5.551115123125783e-17,0.7999999999999999,0.8777847752499408,0.8235294117647057,0.7777777777777777,1.0,0.1818181818181818,0.3666666666666667,0.6666666666666666,0.9330127018922193,0.7320508075688774,0.8736191374661523,0.16543469682057105,0.27747906604368566,0.0,0.7999999999999999,0.8798512162481305,0.8235294117647057,0.7777777777777777,1.0,0.1818181818181818,0.4,0.8333333333333333,0.9330127018922193,0.7320508075688774,0.7955114688927061,0.09549150281252633,0.0,0.3568958678922094,0.7999999999999999,0.8819963788081555,0.8235294117647057,0.7777777777777777,1.0,0.1818181818181818,0.43333333333333335,1.0,0.9330127018922193,0.7320508075688774,0.704488531107294,0.04322727117869962,0.0990311320975808,0.8019377358048383,0.7999999999999999,0.8841218609777219,0.8235294117647057,0.7777777777777777,1.0,0.1818181818181818,0.4666666666666667,0.0,0.9330127018922193,0.7320508075688774,0.6045284632676536,0.010926199633097211,0.5,1.0,0.7999999999999999,0.8862867039282061,0.8235294117647057,0.7777777777777777,1.0,0.1818181818181818,0.5,0.16666666666666666,0.9330127018922193,0.7320508075688774,0.5000000000000001,0.0,0.9009688679024191,0.8019377358048384,0.7999999999999999,0.8884121860977721,0.8235294117647057,0.7777777777777777,1.0,0.1818181818181818,0.5333333333333333,0.3333333333333333,0.9330127018922193,0.7320508075688774,0.3954715367323467,0.010926199633097156,1.0,0.3568958678922095,0.7999999999999999,0.8905179878768794,0.8235294117647057,0.7777777777777777,1.0,0.1818181818181818,0.5666666666666667,0.5,0.9330127018922193,0.7320508075688774,0.29551146889270624,0.043227271178699456,0.7225209339563144,5.551115123125783e-17,0.7999999999999999,0.8926041092655277,0.8235294117647057,0.7777777777777777,1.0,0.1818181818181818,0.6,0.6666666666666666,0.9330127018922193,0.7320508075688774,0.20448853110729398,0.09549150281252627,0.27747906604368566,0.0,0.7999999999999999,0.894690230654176,0.8235294117647057,0.7777777777777777,1.0,0.1818181818181818,0.6333333333333333,0.8333333333333333,0.9330127018922193,0.7320508075688774,0.12638086253384795,0.16543469682057077,0.0,0.3568958678922094,0.7999999999999999,0.8968353932142015,0.8235294117647057,0.7777777777777777,1.0,0.1818181818181818,0.6666666666666666,1.0,0.9330127018922193,0.7320508075688774,0.06460214309120482,0.24999999999999978,0.0990311320975808,0.8019377358048383,0.7999999999999999,0.8989411949933088,0.8235294117647057,0.7777777777777777,1.0,0.1818181818181818,0.7,0.0,0.9330127018922193,0.7320508075688774,0.021852399266194367,0.3454915028125262,0.5,1.0,0.7999999999999999,0.9010469967724157,0.8235294117647057,0.7777777777777777,1.0,0.1818181818181818,0.7333333333333333,0.16666666666666666,0.9330127018922193,0.7320508075688774,0.0,0.4477357683661729,0.9009688679024191,0.8019377358048384,0.7999999999999999,0.9031331181610645,0.8235294117647057,0.7777777777777777,1.0,0.1818181818181818,0.7666666666666667,0.3333333333333333,0.9330127018922193,0.7320508075688774,0.0,0.5522642316338265,1.0,0.3568958678922095
0.8571428571428571,0.7878257104620956,0.8823529411764705,0.8333333333333333,1.0,0.0,0.7666666666666667,1.0,0.5,1.0,0.0,0.5522642316338265,0.0990311320975808,0.8019377358048383,0.8571428571428571,0.7897543887270722,0.8823529411764705,0.8333333333333333,1.0,0.0,0.8,0.0,0.5,1.0,0.02185239926619431,0.6545084971874736,0.5,1.0,0.8571428571428571,0.7916830669920492,0.8823529411764705,0.8333333333333333,1.0,0.0,0.8333333333333334,0.16666666666666666,0.5,1.0,0.06460214309120454,0.7499999999999997,0.9009688679024191,0.8019377358048384,0.8571428571428571,0.7935920648665671,0.8823529411764705,0.8333333333333333,1.0,0.0,0.8666666666666667,0.3333333333333333,0.5,1.0,0.12638086253384767,0.8345653031794289,1.0,0.3568958678922095,0.8571428571428571,0.7955010627410846,0.8823529411764705,0.8333333333333333,1.0,0.0,0.9,0.5,0.5,1.0,0.20448853110729381,0.9045084971874737,0.7225209339563144,5.551115123125783e-17,0.8571428571428571,0.7974494213965206,0.8823529411764705,0.8333333333333333,1.0,0.0,0.9333333333333333,0.6666666666666666,0.5,1.0,0.2955114688927057,0.9567727288213003,0.27747906604368566,0.0,0.8571428571428571,0.7993780996614972,0.8823529411764705,0.8333333333333333,1.0,0.0,0.9666666666666667,0.8333333333333333,0.5,1.0,0.39547153673234625,0.9890738003669028,0.0,0.3568958678922094,0.8571428571428571,0.8013067779264742,0.8823529411764705,0.8333333333333333,1.0,0.0,0.9999999999999999,1.0,0.5,1.0,0.4999999999999999,1.0,0.0990311320975808,0.8019377358048383,0.8571428571428571,0.8032157758009917,0.8823529411764705,0.8333333333333333,1.0,0.09090909090909091,0.0,0.0,0.75,0.9282032302755092,0.5,1.0,0.5,1.0,0.8571428571428571,0.8051247736755096,0.8823529411764705,0.8333333333333333,1.0,0.09090909090909091,0.03333333333333333,0.16666666666666666,0.75,0.9282032302755092,0.6045284632676534,0.9890738003669028,0.9009688679024191,0.8019377358048384,0.8571428571428571,0.8068369676454381,0.8823529411764705,0.8333333333333333,1.0,0.09090909090909091,0.06666666666666668,0.3333333333333333,0.75,0.9282032302755092,0.7044885311072939,0.9567727288213004,1.0,0.3568958678922095,0.8571428571428571,0.8086672439581202,0.8823529411764705,0.8333333333333333,1.0,0.09090909090909091,0.1,0.5,0.75,0.9282032302755092,0.7955114688927061,0.9045084971874737,0.7225209339563144,5.551115123125783e-17,0.8571428571428571,0.8104975202708022,0.8823529411764705,0.8333333333333333,1.0,0.09090909090909091,0.13333333333333333,0.6666666666666666,0.75,0.9282032302755092,0.8736191374661522,0.8345653031794291,0.27747906604368566,0.0,0.8571428571428571,0.8123868377548611,0.8823529411764705,0.8333333333333333,1.0,0.09090909090909091,0.16666666666666669,0.8333333333333333,0.75,0.9282032302755092,0.9353978569087953,0.75,0.0,0.3568958678922094,0.8857142857142858,0.814295835629379,0.8823529411764705,0.8888888888888888,1.0,0.09090909090909091,0.2,1.0,0.75,0.9282032302755092,0.9781476007338057,0.6545084971874737,0.0990311320975808,0.8019377358048383,0.8571428571428571,0.8162245138943556,0.8823529411764705,0.8333333333333333,1.0,0.09090909090909091,0.23333333333333334,0.0,0.75,0.9282032302755092,1.0,0.5522642316338269,0.5,1.0,0.8571428571428571,0.8181925529402503,0.8823529411764705,0.8333333333333333,1.0,0.09090909090909091,0.26666666666666666,0.16666666666666666,0.75,0.9282032302755092,1.0,0.44773576836617335,0.9009688679024191,0.8019377358048384,0.8571428571428571,0.8201212312052273,0.8823529411764705,0.8333333333333333,1.0,0.09090909090909091,0.3,0.3333333333333333,0.75,0.9282032302755092,0.9781476007338057,0.34549150281252633,1.0,0.3568958678922095,0.8571428571428571,0.8221089506415806,0.8823529411764705,0.8333333333333333,1.0,0.09090909090909091,0.3333333333333333,0.5,0.75,0.9282032302755092,0.9353978569087953,0.2500000000000001,0.7225209339563144,5.551115123125783e-17,0.8571428571428571,0.8240573092970163,0.8823529411764705,0.8333333333333333,1.0,0.09090909090909091,0.3666666666666667,0.6666666666666666,0.75,0.9282032302755092,0.8736191374661523,0.16543469682057105,0.27747906604368566,0.0,0.8571428571428571,0.826025348342911,0.8823529411764705,0.8333333333333333,1.0,0.09090909090909091,0.4,0.8333333333333333,0.75,0.9282032302755092,0.7955114688927061,0.09549150281252633,0.0,0.3568958678922094,0.8571428571428571,0.8279933873888057,0.8823529411764705,0.8333333333333333,1.0,0.09090909090909091,0.43333333333333335,1.0,0.75,0.9282032302755092,0.704488531107294,0.04322727117869962,0.0990311320975808,0.8019377358048383,0.8571428571428571,0.8299614264347004,0.8823529411764705,0.8333333333333333,1.0,0.09090909090909091,0.4666666666666667,0.0,0.75,0.9282032302755092,0.6045284632676536,0.010926199633097211,0.5,1.0,0.8571428571428571,0.8319294654805951,0.8823529411764705,0.8333333333333333,1.0,0.09090909090909091,0.5,0.16666666666666666,0.75,0.9282032302755092,0.5000000000000001,0.0,0.9009688679024191,0.8019377358048384,0.8571428571428571,0.8339368653074075,0.8823529411764705,0.8333333333333333,1.0,0.09090909090909091,0.5333333333333333,0.3333333333333333,0.75,0.9282032302755092,0.3954715367323467,0.010926199633097156,1.0,0.3568958678922095,0.8571428571428571,0.8358852239628436,0.8823529411764705,0.8333333333333333,1.0,0.09090909090909091,0.5666666666666667,0.5,0.75,0.9282032302755092,0.29551146889270624,0.043227271178699456,0.7225209339563144,5.551115123125783e-17,0.7999999999999999,0.837892623789656,0.8235294117647057,0.7777777777777777,1.0,0.09090909090909091,0.6,0.6666666666666666,0.75,0.9282032302755092,0.20448853110729398,0.09549150281252627,0.27747906604368566,0.0,0.8571428571428571,0.8398213020546326,0.8823529411764705,0.8333333333333333,1.0,0.09090909090909091,0.6333333333333333,0.8333333333333333,0.75,0.9282032302755092,0.12638086253384795,0.16543469682057077,0.0,0.3568958678922094,0.8857142857142858,0.8417106195386914,0.8823529411764705,0.8888888888888888,1.0,0.09090909090909091,0.6666666666666666,1.0,0.75,0.9282032302755092,0.06460214309120482,0.24999999999999978,0.0990311320975808,0.8019377358048383,0.8571428571428571,0.8436196174132093,0.8823529411764705,0.8333333333333333,1.0,0.09090909090909091,0.7,0.0,0.75,0.9282032302755092,0.021852399266194367,0.3454915028125262,0.5,1.0,0.8571428571428571,0.8455286152877273,0.8823529411764705,0.8333333333333333,1.0,0.09090909090909091,0.7333333333333333,0.16666666666666666,0.75,0.9282032302755092,0.0,0.4477357683661729,0.9009688679024191,0.8019377358048384,0.8571428571428571,0.8473785719908684,0.8823529411764705,0.8333333333333333,1.0,0.09090909090909091,0.7666666666666667,0.3333333333333333,0.75,0.9282032302755092,0.0,0.5522642316338265,1.0,0.3568958678922095,0.8571428571428571,0.849326930646304,0.8823529411764705,0.8333333333333333,1.0,0.09090909090909091,0.8,0.5,0.75,0.9282032302755092,0.02185239926619431,0.6545084971874736,0.7225209339563144,5.551115123125783e-17,0.8571428571428571,0.8513343304731165,0.8823529411764705,0.8333333333333333,1.0,0.09090909090909091,0.8333333333333334,0.6666666666666666,0.75,0.9282032302755092,0.06460214309120454,0.7499999999999997,0.27747906604368566,0.0,0.8571428571428571,0.8532630087380935,0.8823529411764705,0.8333333333333333,1.0,0.09090909090909091,0.8666666666666667,0.8333333333333333,0.75,0.9282032302755092,0.12638086253384767,0.8345653031794289,0.0,0.3568958678922094,0.8571428571428571,0.8552310477839882,0.8823529411764705,0.8333333333333333,1.0,0.09090909090909091,0.9,1.0,0.75,0.9282032302755092,0.20448853110729381,0.9045084971874737,0.0990311320975808,0.8019377358048383,0.8571428571428571,0.8571990868298829,0.8823529411764705,0.8333333333333333,1.0,0.1818181818181818,0.0,0.0,0.9330127018922193,0.7320508075688774,0.5,1.0,0.5,1.0,0.8571428571428571,0.859245847437613,0.8823529411764705,0.8333333333333333,1.0,0.1818181818181818,0.03333333333333333,0.16666666666666666,0.9330127018922193,0.7320508075688774,0.6045284632676534,0.9890738003669028,0.9009688679024191,0.8019377358048384,0.8571428571428571,0.8612926080453436,0.8823529411764705,0.8333333333333333,1.0,0.1818181818181818,0.06666666666666668,0.3333333333333333,0.9330127018922193,0.7320508075688774,0.7044885311072939,0.9567727288213004,1.0,0.3568958678922095,0.8571428571428571,0.863300007872156,0.8823529411764705,0.8333333333333333,1.0,0.1818181818181818,0.13333333333333333,0.6666666666666666,0.9330127018922193,0.7320508075688774,0.8736191374661522,0.8345653031794291,0.27747906604368566,0.0,0.8571428571428571,0.8653467684798866,0.8823529411764705,0.8333333333333333,1.0,0.1818181818181818,0.16666666666666669,0.8333333333333333,0.9330127018922193,0.7320508075688774,0.9353978569087953,0.75,0.0,0.3568958678922094,0.8571428571428571,0.8673935290876171,0.8823529411764705,0.8333333333333333,1.0,0.1818181818181818,0.2,1.0,0.9330127018922193,0.7320508075688774,0.9781476007338057,0.6545084971874737,0.0990311320975808,0.8019377358048383,1.0,0.8694599700858063,0.9999999999999999,1.0,1.0,0.1818181818181818,0.23333333333333334,0.0,0.9330127018922193,0.7320508075688774,1.0,0.5522642316338269,0.5,1.0,1.0,0.871546091474455,0.9999999999999999,1.0,1.0,0.1818181818181818,0.26666666666666666,0.16666666666666666,0.9330127018922193,0.7320508075688774,1.0,0.44773576836617335,0.9009688679024191,0.8019377358048384,0.8571428571428571,0.8736125324726443,0.8823529411764705,0.8333333333333333,1.0,0.1818181818181818,0.3,0.3333333333333333,0.9330127018922193,0.7320508075688774,0.9781476007338057,0.34549150281252633,1.0,0.3568958678922095,1.0,0.8756986538612925,0.9999999999999999,1.0,1.0,0.1818181818181818,0.3333333333333333,0.5,0.9330127018922193,0.7320508075688774,0.9353978569087953,0.2500000000000001,0.7225209339563144,5.551115123125783e-17,0.7999999999999999,0.8777847752499408,0.8235294117647057,0.7777777777777777,1.0,0.1818181818181818,0.3666666666666667,0.6666666666666666,0.9330127018922193,0.7320508075688774,0.8736191374661523,0.16543469682057105,0.27747906604368566,0.0,0.7999999999999999,0.8798512162481305,0.8235294117647057,0.7777777777777777,1.0,0.1818181818181818,0.4,0.8333333333333333,0.9330127018922193,0.7320508075688774,0.7955114688927061,0.09549150281252633,0.0,0.3568958678922094,0.7999999999999999,0.8819963788081555,0.8235294117647057,0.7777777777777777,1.0,0.1818181818181818,0.43333333333333335,1.0,0.9330127018922193,0.7320508075688774,0.704488531107294,0.04322727117869962,0.0990311320975808,0.8019377358048383,0.7999999999999999,0.8841218609777219,0.8235294117647057,0.7777777777777777,1.0,0.1818181818181818,0.4666666666666667,0.0,0.9330127018922193,0.7320508075688774,0.6045284632676536,0.010926199633097211,0.5,1.0,0.7999999999999999,0.8862867039282061,0.8235294117647057,0.7777777777777777,1.0,0.1818181818181818,0.5,0.16666666666666666,0.9330127018922193,0.7320508075688774,0.5000000000000001,0.0,0.9009688679024191,0.8019377358048384,0.7999999999999999,0.8884121860977721,0.8235294117647057,0.7777777777777777,1.0,0.1818181818181818,0.5333333333333333,0.3333333333333333,0.9330127018922193,0.7320508075688774,0.3954715367323467,0.010926199633097156,1.0,0.3568958678922095,0.7999999999999999,0.8905179878768794,0.8235294117647057,0.7777777777777777,1.0,0.1818181818181818,0.5666666666666667,0.5,0.9330127018922193,0.7320508075688774,0.29551146889270624,0.043227271178699456,0.7225209339563144,5.551115123125783e-17,0.7999999999999999,0.8926041092655277,0.8235294117647057,0.7777777777777777,1.0,0.1818181818181818,0.6,0.6666666666666666,0.9330127018922193,0.7320508075688774,0.20448853110729398,0.09549150281252627,0.27747906604368566,0.0,0.7999999999999999,0.894690230654176,0.8235294117647057,0.7777777777777777,1.0,0.1818181818181818,0.6333333333333333,0.8333333333333333,0.9330127018922193,0.7320508075688774,0.12638086253384795,0.16543469682057077,0.0,0.3568958678922094,0.7999999999999999,0.8968353932142015,0.8235294117647057,0.7777777777777777,1.0,0.1818181818181818,0.6666666666666666,1.0,0.9330127018922193,0.7320508075688774,0.06460214309120482,0.24999999999999978,0.0990311320975808,0.8019377358048383,0.7999999999999999,0.8989411949933088,0.8235294117647057,0.7777777777777777,1.0,0.1818181818181818,0.7,0.0,0.9330127018922193,0.7320508075688774,0.021852399266194367,0.3454915028125262,0.5,1.0,0.7999999999999999,0.9010469967724157,0.8235294117647057,0.7777777777777777,1.0,0.1818181818181818,0.7333333333333333,0.16666666666666666,0.9330127018922193,0.7320508075688774,0.0,0.4477357683661729,0.9009688679024191,0.8019377358048384,0.7999999999999999,0.9031331181610645,0.8235294117647057,0.7777777777777777,1.0,0.1818181818181818,0.7666666666666667,0.3333333333333333,0.9330127018922193,0.7320508075688774,0.0,0.5522642316338265,1.0,0.3568958678922095,0.7999999999999999,0.9052192395497127,0.8235294117647057,0.7777777777777777,1.0,0.1818181818181818,0.8,0.5,0.9330127018922193,0.7320508075688774,0.02185239926619431,0.6545084971874736,0.7225209339563144,5.551115123125783e-17
0.8571428571428571,0.7897543887270722,0.8823529411764705,0.8333333333333333,1.0,0.0,0.8,0.0,0.5,1.0,0.02185239926619431,0.6545084971874736,0.5,1.0,0.8571428571428571,0.7916830669920492,0.8823529411764705,0.8333333333333333,1.0,0.0,0.8333333333333334,0.16666666666666666,0.5,1.0,0.06460214309120454,0.7499999999999997,0.9009688679024191,0.8019377358048384,0.8571428571428571,0.7935920648665671,0.8823529411764705,0.8333333333333333,1.0,0.0,0.8666666666666667,0.3333333333333333,0.5,1.0,0.12638086253384767,0.8345653031794289,1.0,0.3568958678922095,0.8571428571428571,0.7955010627410846,0.8823529411764705,0.8333333333333333,1.0,0.0,0.9,0.5,0.5,1.0,0.20448853110729381,0.9045084971874737,0.7225209339563144,5.551115123125783e-17,0.8571428571428571,0.7974494213965206,0.8823529411764705,0.8333333333333333,1.0,0.0,0.9333333333333333,0.6666666666666666,0.5,1.0,0.2955114688927057,0.9567727288213003,0.27747906604368566,0.0,0.8571428571428571,0.7993780996614972,0.8823529411764705,0.8333333333333333,1.0,0.0,0.9666666666666667,0.8333333333333333,0.5,1.0,0.39547153673234625,0.9890738003669028,0.0,0.3568958678922094,0.8571428571428571,0.8013067779264742,0.8823529411764705,0.8333333333333333,1.0,0.0,0.9999999999999999,1.0,0.5,1.0,0.4999999999999999,1.0,0.0990311320975808,0.8019377358048383,0.8571428571428571,0.8032157758009917,0.8823529411764705,0.8333333333333333,1.0,0.09090909090909091,0.0,0.0,0.75,0.9282032302755092,0.5,1.0,0.5,1.0,0.8571428571428571,0.8051247736755096,0.8823529411764705,0.8333333333333333,1.0,0.09090909090909091,0.03333333333333333,0.16666666666666666,0.75,0.9282032302755092,0.6045284632676534,0.9890738003669028,0.9009688679024191,0.8019377358048384,0.8571428571428571,0.8068369676454381,0.8823529411764705,0.8333333333333333,1.0,0.09090909090909091,0.06666666666666668,0.3333333333333333,0.75,0.9282032302755092,0.7044885311072939,0.9567727288213004,1.0,0.3568958678922095,0.8571428571428571,0.8086672439581202,0.8823529411764705,0.8333333333333333,1.0,0.09090909090909091,0.1,0.5,0.75,0.9282032302755092,0.7955114688927061,0.9045084971874737,0.7225209339563144,5.551115123125783e-17,0.8571428571428571,0.8104975202708022,0.8823529411764705,0.8333333333333333,1.0,0.09090909090909091,0.13333333333333333,0.6666666666666666,0.75,0.9282032302755092,0.8736191374661522,0.8345653031794291,0.27747906604368566,0.0,0.8571428571428571,0.8123868377548611,0.8823529411764705,0.8333333333333333,1.0,0.09090909090909091,0.16666666666666669,0.8333333333333333,0.75,0.9282032302755092,0.9353978569087953,0.75,0.0,0.3568958678922094,0.8857142857142858,0.814295835629379,0.8823529411764705,0.8888888888888888,1.0,0.09090909090909091,0.2,1.0,0.75,0.9282032302755092,0.9781476007338057,0.6545084971874737,0.0990311320975808,0.8019377358048383,0.8571428571428571,0.8162245138943556,0.8823529411764705,0.8333333333333333,1.0,0.09090909090909091,0.23333333333333334,0.0,0.75,0.9282032302755092,1.0,0.5522642316338269,0.5,1.0,0.8571428571428571,0.8181925529402503,0.8823529411764705,0.8333333333333333,1.0,0.09090909090909091,0.26666666666666666,0.16666666666666666,0.75,0.9282032302755092,1.0,0.44773576836617335,0.9009688679024191,0.8019377358048384,0.8571428571428571,0.8201212312052273,0.8823529411764705,0.8333333333333333,1.0,0.09090909090909091,0.3,0.3333333333333333,0.75,0.9282032302755092,0.9781476007338057,0.34549150281252633,1.0,0.3568958678922095,0.8571428571428571,0.8221089506415806,0.8823529411764705,0.8333333333333333,1.0,0.09090909090909091,0.3333333333333333,0.5,0.75,0.9282032302755092,0.9353978569087953,0.2500000000000001,0.7225209339563144,5.551115123125783e-17,0.8571428571428571,0.8240573092970163,0.8823529411764705,0.8333333333333333,1.0,0.09090909090909091,0.3666666666666667,0.6666666666666666,0.75,0.9282032302755092,0.8736191374661523,0.16543469682057105,0.27747906604368566,0.0,0.8571428571428571,0.826025348342911,0.8823529411764705,0.8333333333333333,1.0,0.09090909090909091,0.4,0.8333333333333333,0.75,0.9282032302755092,0.7955114688927061,0.09549150281252633,0.0,0.3568958678922094,0.8571428571428571,0.8279933873888057,0.8823529411764705,0.8333333333333333,1.0,0.09090909090909091,0.43333333333333335,1.0,0.75,0.9282032302755092,0.704488531107294,0.04322727117869962,0.0990311320975808,0.8019377358048383,0.8571428571428571,0.8299614264347004,0.8823529411764705,0.8333333333333333,1.0,0.09090909090909091,0.4666666666666667,0.0,0.75,0.9282032302755092,0.6045284632676536,0.010926199633097211,0.5,1.0,0.8571428571428571,0.8319294654805951,0.8823529411764705,0.8333333333333333,1.0,0.09090909090909091,0.5,0.16666666666666666,0.75,0.9282032302755092,0.5000000000000001,0.0,0.9009688679024191,0.8019377358048384,0.8571428571428571,0.8339368653074075,0.8823529411764705,0.8333333333333333,1.0,0.09090909090909091,0.5333333333333333,0.3333333333333333,0.75,0.9282032302755092,0.3954715367323467,0.010926199633097156,1.0,0.3568958678922095,0.8571428571428571,0.8358852239628436,0.8823529411764705,0.8333333333333333,1.0,0.09090909090909091,0.5666666666666667,0.5,0.75,0.9282032302755092,0.29551146889270624,0.043227271178699456,0.7225209339563144,5.551115123125783e-17,0.7999999999999999,0.837892623789656,0.8235294117647057,0.7777777777777777,1.0,0.09090909090909091,0.6,0.6666666666666666,0.75,0.9282032302755092,0.20448853110729398,0.09549150281252627,0.27747906604368566,0.0,0.8571428571428571,0.8398213020546326,0.8823529411764705,0.8333333333333333,1.0,0.09090909090909091,0.6333333333333333,0.8333333333333333,0.75,0.9282032302755092,0.12638086253384795,0.16543469682057077,0.0,0.3568958678922094,0.8857142857142858,0.8417106195386914,0.8823529411764705,0.8888888888888888,1.0,0.09090909090909091,0.6666666666666666,1.0,0.75,0.9282032302755092,0.06460214309120482,0.24999999999999978,0.0990311320975808,0.8019377358048383,0.8571428571428571,0.8436196174132093,0.8823529411764705,0.8333333333333333,1.0,0.09090909090909091,0.7,0.0,0.75,0.9282032302755092,0.021852399266194367,0.3454915028125262,0.5,1.0,0.8571428571428571,0.8455286152877273,0.8823529411764705,0.8333333333333333,1.0,0.09090909090909091,0.7333333333333333,0.16666666666666666,0.75,0.9282032302755092,0.0,0.4477357683661729,0.9009688679024191,0.8019377358048384,0.8571428571428571,0.8473785719908684,0.8823529411764705,0.8333333333333333,1.0,0.09090909090909091,0.7666666666666667,0.3333333333333333,0.75,0.9282032302755092,0.0,0.5522642316338265,1.0,0.3568958678922095,0.8571428571428571,0.849326930646304,0.8823529411764705,0.8333333333333333,1.0,0.09090909090909091,0.8,0.5,0.75,0.9282032302755092,0.02185239926619431,0.6545084971874736,0.7225209339563144,5.551115123125783e-17,0.8571428571428571,0.8513343304731165,0.8823529411764705,0.8333333333333333,1.0,0.09090909090909091,0.8333333333333334,0.6666666666666666,0.75,0.9282032302755092,0.06460214309120454,0.7499999999999997,0.27747906604368566,0.0,0.8571428571428571,0.8532630087380935,0.8823529411764705,0.8333333333333333,1.0,0.09090909090909091,0.8666666666666667,0.8333333333333333,0.75,0.9282032302755092,0.12638086253384767,0.8345653031794289,0.0,0.3568958678922094,0.8571428571428571,0.8552310477839882,0.8823529411764705,0.8333333333333333,1.0,0.09090909090909091,0.9,1.0,0.75,0.9282032302755092,0.20448853110729381,0.9045084971874737,0.0990311320975808,0.8019377358048383,0.8571428571428571,0.8571990868298829,0.8823529411764705,0.8333333333333333,1.0,0.1818181818181818,0.0,0.0,0.9330127018922193,0.7320508075688774,0.5,1.0,0.5,1.0,0.8571428571428571,0.859245847437613,0.8823529411764705,0.8333333333333333,1.0,0.1818181818181818,0.03333333333333333,0.16666666666666666,0.9330127018922193,0.7320508075688774,0.6045284632676534,0.9890738003669028,0.9009688679024191,0.8019377358048384,0.8571428571428571,0.8612926080453436,0.8823529411764705,0.8333333333333333,1.0,0.1818181818181818,0.06666666666666668,0.3333333333333333,0.9330127018922193,0.7320508075688774,0.7044885311072939,0.9567727288213004,1.0,0.3568958678922095,0.8571428571428571,0.863300007872156,0.8823529411764705,0.8333333333333333,1.0,0.1818181818181818,0.13333333333333333,0.6666666666666666,0.9330127018922193,0.7320508075688774,0.8736191374661522,0.8345653031794291,0.27747906604368566,0.0,0.8571428571428571,0.8653467684798866,0.8823529411764705,0.8333333333333333,1.0,0.1818181818181818,0.16666666666666669,0.8333333333333333,0.9330127018922193,0.7320508075688774,0.9353978569087953,0.75,0.0,0.3568958678922094,0.8571428571428571,0.8673935290876171,0.8823529411764705,0.8333333333333333,1.0,0.1818181818181818,0.2,1.0,0.9330127018922193,0.7320508075688774,0.9781476007338057,0.6545084971874737,0.0990311320975808,0.8019377358048383,1.0,0.8694599700858063,0.9999999999999999,1.0,1.0,0.1818181818181818,0.23333333333333334,0.0,0.9330127018922193,0.7320508075688774,1.0,0.5522642316338269,0.5,1.0,1.0,0.871546091474455,0.9999999999999999,1.0,1.0,0.1818181818181818,0.26666666666666666,0.16666666666666666,0.9330127018922193,0.7320508075688774,1.0,0.44773576836617335,0.9009688679024191,0.8019377358048384,0.8571428571428571,0.8736125324726443,0.8823529411764705,0.8333333333333333,1.0,0.1818181818181818,0.3,0.3333333333333333,0.9330127018922193,0.7320508075688774,0.9781476007338057,0.34549150281252633,1.0,0.3568958678922095,1.0,0.8756986538612925,0.9999999999999999,1.0,1.0,0.1818181818181818,0.3333333333333333,0.5,0.9330127018922193,0.7320508075688774,0.9353978569087953,0.2500000000000001,0.7225209339563144,5.551115123125783e-17,0.7999999999999999,0.8777847752499408,0.8235294117647057,0.7777777777777777,1.0,0.1818181818181818,0.3666666666666667,0.6666666666666666,0.9330127018922193,0.7320508075688774,0.8736191374661523,0.16543469682057105,0.27747906604368566,0.0,0.7999999999999999,0.8798512162481305,0.8235294117647057,0.7777777777777777,1.0,0.1818181818181818,0.4,0.8333333333333333,0.9330127018922193,0.7320508075688774,0.7955114688927061,0.09549150281252633,0.0,0.3568958678922094,0.7999999999999999,0.8819963788081555,0.8235294117647057,0.7777777777777777,1.0,0.1818181818181818,0.43333333333333335,1.0,0.9330127018922193,0.7320508075688774,0.704488531107294,0.04322727117869962,0.0990311320975808,0.8019377358048383,0.7999999999999999,0.8841218609777219,0.8235294117647057,0.7777777777777777,1.0,0.1818181818181818,0.4666666666666667,0.0,0.9330127018922193,0.7320508075688774,0.6045284632676536,0.010926199633097211,0.5,1.0,0.7999999999999999,0.8862867039282061,0.8235294117647057,0.7777777777777777,1.0,0.1818181818181818,0.5,0.16666666666666666,0.9330127018922193,0.7320508075688774,0.5000000000000001,0.0,0.9009688679024191,0.8019377358048384,0.7999999999999999,0.8884121860977721,0.8235294117647057,0.7777777777777777,1.0,0.1818181818181818,0.5333333333333333,0.3333333333333333,0.9330127018922193,0.7320508075688774,0.3954715367323467,0.010926199633097156,1.0,0.3568958678922095,0.7999999999999999,0.8905179878768794,0.8235294117647057,0.7777777777777777,1.0,0.1818181818181818,0.5666666666666667,0.5,0.9330127018922193,0.7320508075688774,0.29551146889270624,0.043227271178699456,0.7225209339563144,5.551115123125783e-17,0.7999999999999999,0.8926041092655277,0.8235294117647057,0.7777777777777777,1.0,0.1818181818181818,0.6,0.6666666666666666,0.9330127018922193,0.7320508075688774,0.20448853110729398,0.09549150281252627,0.27747906604368566,0.0,0.7999999999999999,0.894690230654176,0.8235294117647057,0.7777777777777777,1.0,0.1818181818181818,0.6333333333333333,0.8333333333333333,0.9330127018922193,0.7320508075688774,0.12638086253384795,0.16543469682057077,0.0,0.3568958678922094,0.7999999999999999,0.8968353932142015,0.8235294117647057,0.7777777777777777,1.0,0.1818181818181818,0.6666666666666666,1.0,0.9330127018922193,0.7320508075688774,0.06460214309120482,0.24999999999999978,0.0990311320975808,0.8019377358048383,0.7999999999999999,0.8989411949933088,0.8235294117647057,0.7777777777777777,1.0,0.1818181818181818,0.7,0.0,0.9330127018922193,0.7320508075688774,0.021852399266194367,0.3454915028125262,0.5,1.0,0.7999999999999999,0.9010469967724157,0.8235294117647057,0.7777777777777777,1.0,0.1818181818181818,0.7333333333333333,0.16666666666666666,0.9330127018922193,0.7320508075688774,0.0,0.4477357683661729,0.9009688679024191,0.8019377358048384,0.7999999999999999,0.9031331181610645,0.8235294117647057,0.7777777777777777,1.0,0.1818181818181818,0.7666666666666667,0.3333333333333333,0.9330127018922193,0.7320508075688774,0.0,0.5522642316338265,1.0,0.3568958678922095,0.7999999999999999,0.9052192395497127,0.8235294117647057,0.7777777777777777,1.0,0.1818181818181818,0.8,0.5,0.9330127018922193,0.7320508075688774,0.02185239926619431,0.6545084971874736,0.7225209339563144,5.551115123125783e-17,0.7999999999999999,0.9073250413288201,0.8235294117647057,0.7777777777777777,1.0,0.1818181818181818,0.8333333333333334,0.6666666666666666,0.9330127018922193,0.7320508075688774,0.06460214309120454,0.7499999999999997,0.27747906604368566,0.0
0.8571428571428571,0.7916830669920492,0.8823529411764705,0.8333333333333333,1.0,0.0,0.8333333333333334,0.16666666666666666,0.5,1.0,0.06460214309120454,0.7499999999999997,0.9009688679024191,0.8019377358048384,0.8571428571428571,0.7935920648665671,0.8823529411764705,0.8333333333333333,1.0,0.0,0.8666666666666667,0.3333333333333333,0.5,1.0,0.12638086253384767,0.8345653031794289,1.0,0.3568958678922095,0.8571428571428571,0.7955010627410846,0.8823529411764705,0.8333333333333333,1.0,0.0,0.9,0.5,0.5,1.0,0.20448853110729381,0.9045084971874737,0.7225209339563144,5.551115123125783e-17,0.8571428571428571,0.7974494213965206,0.8823529411764705,0.8333333333333333,1.0,0.0,0.9333333333333333,0.6666666666666666,0.5,1.0,0.2955114688927057,0.9567727288213003,0.27747906604368566,0.0,0.8571428571428571,0.7993780996614972,0.8823529411764705,0.8333333333333333,1.0,0.0,0.9666666666666667,0.8333333333333333,0.5,1.0,0.39547153673234625,0.9890738003669028,0.0,0.3568958678922094,0.8571428571428571,0.8013067779264742,0.8823529411764705,0.8333333333333333,1.0,0.0,0.9999999999999999,1.0,0.5,1.0,0.4999999999999999,1.0,0.0990311320975808,0.8019377358048383,0.8571428571428571,0.8032157758009917,0.8823529411764705,0.8333333333333333,1.0,0.09090909090909091,0.0,0.0,0.75,0.9282032302755092,0.5,1.0,0.5,1.0,0.8571428571428571,0.8051247736755096,0.8823529411764705,0.8333333333333333,1.0,0.09090909090909091,0.03333333333333333,0.16666666666666666,0.75,0.9282032302755092,0.6045284632676534,0.9890738003669028,0.9009688679024191,0.8019377358048384,0.8571428571428571,0.8068369676454381,0.8823529411764705,0.8333333333333333,1.0,0.09090909090909091,0.06666666666666668,0.3333333333333333,0.75,0.9282032302755092,0.7044885311072939,0.9567727288213004,1.0,0.3568958678922095,0.8571428571428571,0.8086672439581202,0.8823529411764705,0.8333333333333333,1.0,0.09090909090909091,0.1,0.5,0.75,0.9282032302755092,0.7955114688927061,0.9045084971874737,0.7225209339563144,5.551115123125783e-17,0.8571428571428571,0.8104975202708022,0.8823529411764705,0.8333333333333333,1.0,0.09090909090909091,0.13333333333333333,0.6666666666666666,0.75,0.9282032302755092,0.8736191374661522,0.8345653031794291,0.27747906604368566,0.0,0.8571428571428571,0.8123868377548611,0.8823529411764705,0.8333333333333333,1.0,0.09090909090909091,0.16666666666666669,0.8333333333333333,0.75,0.9282032302755092,0.9353978569087953,0.75,0.0,0.3568958678922094,0.8857142857142858,0.814295835629379,0.8823529411764705,0.8888888888888888,1.0,0.09090909090909091,0.2,1.0,0.75,0.9282032302755092,0.9781476007338057,0.6545084971874737,0.0990311320975808,0.8019377358048383,0.8571428571428571,0.8162245138943556,0.8823529411764705,0.8333333333333333,1.0,0.09090909090909091,0.23333333333333334,0.0,0.75,0.9282032302755092,1.0,0.5522642316338269,0.5,1.0,0.8571428571428571,0.8181925529402503,0.8823529411764705,0.8333333333333333,1.0,0.09090909090909091,0.26666666666666666,0.16666666666666666,0.75,0.9282032302755092,1.0,0.44773576836617335,0.9009688679024191,0.8019377358048384,0.8571428571428571,0.8201212312052273,0.8823529411764705,0.8333333333333333,1.0,0.09090909090909091,0.3,0.3333333333333333,0.75,0.9282032302755092,0.9781476007338057,0.34549150281252633,1.0,0.3568958678922095,0.8571428571428571,0.8221089506415806,0.8823529411764705,0.8333333333333333,1.0,0.09090909090909091,0.3333333333333333,0.5,0.75,0.9282032302755092,0.9353978569087953,0.2500000000000001,0.7225209339563144,5.551115123125783e-17,0.8571428571428571,0.8240573092970163,0.8823529411764705,0.8333333333333333,1.0,0.09090909090909091,0.3666666666666667,0.6666666666666666,0.75,0.9282032302755092,0.8736191374661523,0.16543469682057105,0.27747906604368566,0.0,0.8571428571428571,0.826025348342911,0.8823529411764705,0.8333333333333333,1.0,0.09090909090909091,0.4,0.8333333333333333,0.75,0.9282032302755092,0.7955114688927061,0.09549150281252633,0.0,0.3568958678922094,0.8571428571428571,0.8279933873888057,0.8823529411764705,0.8333333333333333,1.0,0.09090909090909091,0.43333333333333335,1.0,0.75,0.9282032302755092,0.704488531107294,0.04322727117869962,0.0990311320975808,0.8019377358048383,0.8571428571428571,0.8299614264347004,0.8823529411764705,0.8333333333333333,1.0,0.09090909090909091,0.4666666666666667,0.0,0.75,0.9282032302755092,0.6045284632676536,0.010926199633097211,0.5,1.0,0.8571428571428571,0.8319294654805951,0.8823529411764705,0.8333333333333333,1.0,0.09090909090909091,0.5,0.16666666666666666,0.75,0.9282032302755092,0.5000000000000001,0.0,0.9009688679024191,0.8019377358048384,0.8571428571428571,0.8339368653074075,0.8823529411764705,0.8333333333333333,1.0,0.09090909090909091,0.5333333333333333,0.3333333333333333,0.75,0.9282032302755092,0.3954715367323467,0.010926199633097156,1.0,0.3568958678922095,0.8571428571428571,0.8358852239628436,0.8823529411764705,0.8333333333333333,1.0,0.09090909090909091,0.5666666666666667,0.5,0.75,0.9282032302755092,0.29551146889270624,0.043227271178699456,0.7225209339563144,5.551115123125783e-17,0.7999999999999999,0.837892623789656,0.8235294117647057,0.7777777777777777,1.0,0.09090909090909091,0.6,0.6666666666666666,0.75,0.9282032302755092,0.20448853110729398,0.09549150281252627,0.27747906604368566,0.0,0.8571428571428571,0.8398213020546326,0.8823529411764705,0.8333333333333333,1.0,0.09090909090909091,0.6333333333333333,0.8333333333333333,0.75,0.9282032302755092,0.12638086253384795,0.16543469682057077,0.0,0.3568958678922094,0.8857142857142858,0.8417106195386914,0.8823529411764705,0.8888888888888888,1.0,0.09090909090909091,0.6666666666666666,1.0,0.75,0.9282032302755092,0.06460214309120482,0.24999999999999978,0.0990311320975808,0.8019377358048383,0.8571428571428571,0.8436196174132093,0.8823529411764705,0.8333333333333333,1.0,0.09090909090909091,0.7,0.0,0.75,0.9282032302755092,0.021852399266194367,0.3454915028125262,0.5,1.0,0.8571428571428571,0.8455286152877273,0.8823529411764705,0.8333333333333333,1.0,0.09090909090909091,0.7333333333333333,0.16666666666666666,0.75,0.9282032302755092,0.0,0.4477357683661729,0.9009688679024191,0.8019377358048384,0.8571428571428571,0.8473785719908684,0.8823529411764705,0.8333333333333333,1.0,0.09090909090909091,0.7666666666666667,0.3333333333333333,0.75,0.9282032302755092,0.0,0.5522642316338265,1.0,0.3568958678922095,0.8571428571428571,0.849326930646304,0.8823529411764705,0.8333333333333333,1.0,0.09090909090909091,0.8,0.5,0.75,0.9282032302755092,0.02185239926619431,0.6545084971874736,0.7225209339563144,5.551115123125783e-17,0.8571428571428571,0.8513343304731165,0.8823529411764705,0.8333333333333333,1.0,0.09090909090909091,0.8333333333333334,0.6666666666666666,0.75,0.9282032302755092,0.06460214309120454,0.7499999999999997,0.27747906604368566,0.0,0.8571428571428571,0.8532630087380935,0.8823529411764705,0.8333333333333333,1.0,0.09090909090909091,0.8666666666666667,0.8333333333333333,0.75,0.9282032302755092,0.12638086253384767,0.8345653031794289,0.0,0.3568958678922094,0.8571428571428571,0.8552310477839882,0.8823529411764705,0.8333333333333333,1.0,0.09090909090909091,0.9,1.0,0.75,0.9282032302755092,0.20448853110729381,0.9045084971874737,0.0990311320975808,0.8019377358048383,0.8571428571428571,0.8571990868298829,0.8823529411764705,0.8333333333333333,1.0,0.1818181818181818,0.0,0.0,0.9330127018922193,0.7320508075688774,0.5,1.0,0.5,1.0,0.8571428571428571,0.859245847437613,0.8823529411764705,0.8333333333333333,1.0,0.1818181818181818,0.03333333333333333,0.16666666666666666,0.9330127018922193,0.7320508075688774,0.6045284632676534,0.9890738003669028,0.9009688679024191,0.8019377358048384,0.8571428571428571,0.8612926080453436,0.8823529411764705,0.8333333333333333,1.0,0.1818181818181818,0.06666666666666668,0.3333333333333333,0.9330127018922193,0.7320508075688774,0.7044885311072939,0.9567727288213004,1.0,0.3568958678922095,0.8571428571428571,0.863300007872156,0.8823529411764705,0.8333333333333333,1.0,0.1818181818181818,0.13333333333333333,0.6666666666666666,0.9330127018922193,0.7320508075688774,0.8736191374661522,0.8345653031794291,0.27747906604368566,0.0,0.8571428571428571,0.8653467684798866,0.8823529411764705,0.8333333333333333,1.0,0.1818181818181818,0.16666666666666669,0.8333333333333333,0.9330127018922193,0.7320508075688774,0.9353978569087953,0.75,0.0,0.3568958678922094,0.8571428571428571,0.8673935290876171,0.8823529411764705,0.8333333333333333,1.0,0.1818181818181818,0.2,1.0,0.9330127018922193,0.7320508075688774,0.9781476007338057,0.6545084971874737,0.0990311320975808,0.8019377358048383,1.0,0.8694599700858063,0.9999999999999999,1.0,1.0,0.1818181818181818,0.23333333333333334,0.0,0.9330127018922193,0.7320508075688774,1.0,0.5522642316338269,0.5,1.0,1.0,0.871546091474455,0.9999999999999999,1.0,1.0,0.1818181818181818,0.26666666666666666,0.16666666666666666,0.9330127018922193,0.7320508075688774,1.0,0.44773576836617335,0.9009688679024191,0.8019377358048384,0.8571428571428571,0.8736125324726443,0.8823529411764705,0.8333333333333333,1.0,0.1818181818181818,0.3,0.3333333333333333,0.9330127018922193,0.7320508075688774,0.9781476007338057,0.34549150281252633,1.0,0.3568958678922095,1.0,0.8756986538612925,0.9999999999999999,1.0,1.0,0.1818181818181818,0.3333333333333333,0.5,0.9330127018922193,0.7320508075688774,0.9353978569087953,0.2500000000000001,0.7225209339563144,5.551115123125783e-17,0.7999999999999999,0.8777847752499408,0.8235294117647057,0.7777777777777777,1.0,0.1818181818181818,0.3666666666666667,0.6666666666666666,0.9330127018922193,0.7320508075688774,0.8736191374661523,0.16543469682057105,0.27747906604368566,0.0,0.7999999999999999,0.8798512162481305,0.8235294117647057,0.7777777777777777,1.0,0.1818181818181818,0.4,0.8333333333333333,0.9330127018922193,0.7320508075688774,0.7955114688927061,0.09549150281252633,0.0,0.3568958678922094,0.7999999999999999,0.8819963788081555,0.8235294117647057,0.7777777777777777,1.0,0.1818181818181818,0.43333333333333335,1.0,0.9330127018922193,0.7320508075688774,0.704488531107294,0.04322727117869962,0.0990311320975808,0.8019377358048383,0.7999999999999999,0.8841218609777219,0.8235294117647057,0.7777777777777777,1.0,0.1818181818181818,0.4666666666666667,0.0,0.9330127018922193,0.7320508075688774,0.6045284632676536,0.010926199633097211,0.5,1.0,0.7999999999999999,0.8862867039282061,0.8235294117647057,0.7777777777777777,1.0,0.1818181818181818,0.5,0.16666666666666666,0.9330127018922193,0.7320508075688774,0.5000000000000001,0.0,0.9009688679024191,0.8019377358048384,0.7999999999999999,0.8884121860977721,0.8235294117647057,0.7777777777777777,1.0,0.1818181818181818,0.5333333333333333,0.3333333333333333,0.9330127018922193,0.7320508075688774,0.3954715367323467,0.010926199633097156,1.0,0.3568958678922095,0.7999999999999999,0.8905179878768794,0.8235294117647057,0.7777777777777777,1.0,0.1818181818181818,0.5666666666666667,0.5,0.9330127018922193,0.7320508075688774,0.29551146889270624,0.043227271178699456,0.7225209339563144,5.551115123125783e-17,0.7999999999999999,0.8926041092655277,0.8235294117647057,0.7777777777777777,1.0,0.1818181818181818,0.6,0.6666666666666666,0.9330127018922193,0.7320508075688774,0.20448853110729398,0.09549150281252627,0.27747906604368566,0.0,0.7999999999999999,0.894690230654176,0.8235294117647057,0.7777777777777777,1.0,0.1818181818181818,0.6333333333333333,0.8333333333333333,0.9330127018922193,0.7320508075688774,0.12638086253384795,0.16543469682057077,0.0,0.3568958678922094,0.7999999999999999,0.8968353932142015,0.8235294117647057,0.7777777777777777,1.0,0.1818181818181818,0.6666666666666666,1.0,0.9330127018922193,0.7320508075688774,0.06460214309120482,0.24999999999999978,0.0990311320975808,0.8019377358048383,0.7999999999999999,0.8989411949933088,0.8235294117647057,0.7777777777777777,1.0,0.1818181818181818,0.7,0.0,0.9330127018922193,0.7320508075688774,0.021852399266194367,0.3454915028125262,0.5,1.0,0.7999999999999999,0.9010469967724157,0.8235294117647057,0.7777777777777777,1.0,0.1818181818181818,0.7333333333333333,0.16666666666666666,0.9330127018922193,0.7320508075688774,0.0,0.4477357683661729,0.9009688679024191,0.8019377358048384,0.7999999999999999,0.9031331181610645,0.8235294117647057,0.7777777777777777,1.0,0.1818181818181818,0.7666666666666667,0.3333333333333333,0.9330127018922193,0.7320508075688774,0.0,0.5522642316338265,1.0,0.3568958678922095,0.7999999999999999,0.9052192395497127,0.8235294117647057,0.7777777777777777,1.0,0.1818181818181818,0.8,0.5,0.9330127018922193,0.7320508075688774,0.02185239926619431,0.6545084971874736,0.7225209339563144,5.551115123125783e-17,0.7999999999999999,0.9073250413288201,0.8235294117647057,0.7777777777777777,1.0,0.1818181818181818,0.8333333333333334,0.6666666666666666,0.9330127018922193,0.7320508075688774,0.06460214309120454,0.7499999999999997,0.27747906604368566,0.0,0.7999999999999999,0.9093914823270093,0.8235294117647057,0.7777777777777777,1.0,0.1818181818181818,0.8666666666666667,0.8333333333333333,0.9330127018922193,0.7320508075688774,0.12638086253384767,0.8345653031794289,0.0,0.3568958678922094
0.8571428571428571,0.7935920648665671,0.8823529411764705,0.8333333333333333,1.0,0.0,0.8666666666666667,0.3333333333333333,0.5,1.0,0.12638086253384767,0.8345653031794289,1.0,0.3568958678922095,0.8571428571428571,0.7955010627410846,0.8823529411764705,0.8333333333333333,1.0,0.0,0.9,0.5,0.5,1.0,0.20448853110729381,0.9045084971874737,0.7225209339563144,5.551115123125783e-17,0.8571428571428571,0.7974494213965206,0.8823529411764705,0.8333333333333333,1.0,0.0,0.9333333333333333,0.6666666666666666,0.5,1.0,0.2955114688927057,0.9567727288213003,0.27747906604368566,0.0,0.8571428571428571,0.7993780996614972,0.8823529411764705,0.8333333333333333,1.0,0.0,0.9666666666666667,0.8333333333333333,0.5,1.0,0.39547153673234625,0.9890738003669028,0.0,0.3568958678922094,0.8571428571428571,0.8013067779264742,0.8823529411764705,0.8333333333333333,1.0,0.0,0.9999999999999999,1.0,0.5,1.0,0.4999999999999999,1.0,0.0990311320975808,0.8019377358048383,0.8571428571428571,0.8032157758009917,0.8823529411764705,0.8333333333333333,1.0,0.09090909090909091,0.0,0.0,0.75,0.9282032302755092,0.5,1.0,0.5,1.0,0.8571428571428571,0.8051247736755096,0.8823529411764705,0.8333333333333333,1.0,0.09090909090909091,0.03333333333333333,0.16666666666666666,0.75,0.9282032302755092,0.6045284632676534,0.9890738003669028,0.9009688679024191,0.8019377358048384,0.8571428571428571,0.8068369676454381,0.8823529411764705,0.8333333333333333,1.0,0.09090909090909091,0.06666666666666668,0.3333333333333333,0.75,0.9282032302755092,0.7044885311072939,0.9567727288213004,1.0,0.3568958678922095,0.8571428571428571,0.8086672439581202,0.8823529411764705,0.8333333333333333,1.0,0.09090909090909091,0.1,0.5,0.75,0.9282032302755092,0.7955114688927061,0.9045084971874737,0.7225209339563144,5.551115123125783e-17,0.8571428571428571,0.8104975202708022,0.8823529411764705,0.8333333333333333,1.0,0.09090909090909091,0.13333333333333333,0.6666666666666666,0.75,0.9282032302755092,0.8736191374661522,0.8345653031794291,0.27747906604368566,0.0,0.8571428571428571,0.8123868377548611,0.8823529411764705,0.8333333333333333,1.0,0.09090909090909091,0.16666666666666669,0.8333333333333333,0.75,0.9282032302755092,0.9353978569087953,0.75,0.0,0.3568958678922094,0.8857142857142858,0.814295835629379,0.8823529411764705,0.8888888888888888,1.0,0.09090909090909091,0.2,1.0,0.75,0.9282032302755092,0.9781476007338057,0.6545084971874737,0.0990311320975808,0.8019377358048383,0.8571428571428571,0.8162245138943556,0.8823529411764705,0.8333333333333333,1.0,0.09090909090909091,0.23333333333333334,0.0,0.75,0.9282032302755092,1.0,0.5522642316338269,0.5,1.0,0.8571428571428571,0.8181925529402503,0.8823529411764705,0.8333333333333333,1.0,0.09090909090909091,0.26666666666666666,0.16666666666666666,0.75,0.9282032302755092,1.0,0.44773576836617335,0.9009688679024191,0.8019377358048384,0.8571428571428571,0.8201212312052273,0.8823529411764705,0.8333333333333333,1.0,0.09090909090909091,0.3,0.3333333333333333,0.75,0.9282032302755092,0.9781476007338057,0.34549150281252633,1.0,0.3568958678922095,0.8571428571428571,0.8221089506415806,0.8823529411764705,0.8333333333333333,1.0,0.09090909090909091,0.3333333333333333,0.5,0.75,0.9282032302755092,0.9353978569087953,0.2500000000000001,0.7225209339563144,5.551115123125783e-17,0.8571428571428571,0.8240573092970163,0.8823529411764705,0.8333333333333333,1.0,0.09090909090909091,0.3666666666666667,0.6666666666666666,0.75,0.9282032302755092,0.8736191374661523,0.16543469682057105,0.27747906604368566,0.0,0.8571428571428571,0.826025348342911,0.8823529411764705,0.8333333333333333,1.0,0.09090909090909091,0.4,0.8333333333333333,0.75,0.9282032302755092,0.7955114688927061,0.09549150281252633,0.0,0.3568958678922094,0.8571428571428571,0.8279933873888057,0.8823529411764705,0.8333333333333333,1.0,0.09090909090909091,0.43333333333333335,1.0,0.75,0.9282032302755092,0.704488531107294,0.04322727117869962,0.0990311320975808,0.8019377358048383,0.8571428571428571,0.8299614264347004,0.8823529411764705,0.8333333333333333,1.0,0.09090909090909091,0.4666666666666667,0.0,0.75,0.9282032302755092,0.6045284632676536,0.010926199633097211,0.5,1.0,0.8571428571428571,0.8319294654805951,0.8823529411764705,0.8333333333333333,1.0,0.09090909090909091,0.5,0.16666666666666666,0.75,0.9282032302755092,0.5000000000000001,0.0,0.9009688679024191,0.8019377358048384,0.8571428571428571,0.8339368653074075,0.8823529411764705,0.8333333333333333,1.0,0.09090909090909091,0.5333333333333333,0.3333333333333333,0.75,0.9282032302755092,0.3954715367323467,0.010926199633097156,1.0,0.3568958678922095,0.8571428571428571,0.8358852239628436,0.8823529411764705,0.8333333333333333,1.0,0.09090909090909091,0.5666666666666667,0.5,0.75,0.9282032302755092,0.29551146889270624,0.043227271178699456,0.7225209339563144,5.551115123125783e-17,0.7999999999999999,0.837892623789656,0.8235294117647057,0.7777777777777777,1.0,0.09090909090909091,0.6,0.6666666666666666,0.75,0.9282032302755092,0.20448853110729398,0.09549150281252627,0.27747906604368566,0.0,0.8571428571428571,0.8398213020546326,0.8823529411764705,0.8333333333333333,1.0,0.09090909090909091,0.6333333333333333,0.8333333333333333,0.75,0.9282032302755092,0.12638086253384795,0.16543469682057077,0.0,0.3568958678922094,0.8857142857142858,0.8417106195386914,0.8823529411764705,0.8888888888888888,1.0,0.09090909090909091,0.6666666666666666,1.0,0.75,0.9282032302755092,0.06460214309120482,0.24999999999999978,0.0990311320975808,0.8019377358048383,0.8571428571428571,0.8436196174132093,0.8823529411764705,0.8333333333333333,1.0,0.09090909090909091,0.7,0.0,0.75,0.9282032302755092,0.021852399266194367,0.3454915028125262,0.5,1.0,0.8571428571428571,0.8455286152877273,0.8823529411764705,0.8333333333333333,1.0,0.09090909090909091,0.7333333333333333,0.16666666666666666,0.75,0.9282032302755092,0.0,0.4477357683661729,0.9009688679024191,0.8019377358048384,0.8571428571428571,0.8473785719908684,0.8823529411764705,0.8333333333333333,1.0,0.09090909090909091,0.7666666666666667,0.3333333333333333,0.75,0.9282032302755092,0.0,0.5522642316338265,1.0,0.3568958678922095,0.8571428571428571,0.849326930646304,0.8823529411764705,0.8333333333333333,1.0,0.09090909090909091,0.8,0.5,0.75,0.9282032302755092,0.02185239926619431,0.6545084971874736,0.7225209339563144,5.551115123125783e-17,0.8571428571428571,0.8513343304731165,0.8823529411764705,0.8333333333333333,1.0,0.09090909090909091,0.8333333333333334,0.6666666666666666,0.75,0.9282032302755092,0.06460214309120454,0.7499999999999997,0.27747906604368566,0.0,0.8571428571428571,0.8532630087380935,0.8823529411764705,0.8333333333333333,1.0,0.09090909090909091,0.8666666666666667,0.8333333333333333,0.75,0.9282032302755092,0.12638086253384767,0.8345653031794289,0.0,0.3568958678922094,0.8571428571428571,0.8552310477839882,0.8823529411764705,0.8333333333333333,1.0,0.09090909090909091,0.9,1.0,0.75,0.9282032302755092,0.20448853110729381,0.9045084971874737,0.0990311320975808,0.8019377358048383,0.8571428571428571,0.8571990868298829,0.8823529411764705,0.8333333333333333,1.0,0.1818181818181818,0.0,0.0,0.9330127018922193,0.7320508075688774,0.5,1.0,0.5,1.0,0.8571428571428571,0.859245847437613,0.8823529411764705,0.8333333333333333,1.0,0.1818181818181818,0.03333333333333333,0.16666666666666666,0.9330127018922193,0.7320508075688774,0.6045284632676534,0.9890738003669028,0.9009688679024191,0.8019377358048384,0.8571428571428571,0.8612926080453436,0.8823529411764705,0.8333333333333333,1.0,0.1818181818181818,0.06666666666666668,0.3333333333333333,0.9330127018922193,0.7320508075688774,0.7044885311072939,0.9567727288213004,1.0,0.3568958678922095,0.8571428571428571,0.863300007872156,0.8823529411764705,0.8333333333333333,1.0,0.1818181818181818,0.13333333333333333,0.6666666666666666,0.9330127018922193,0.7320508075688774,0.8736191374661522,0.8345653031794291,0.27747906604368566,0.0,0.8571428571428571,0.8653467684798866,0.8823529411764705,0.8333333333333333,1.0,0.1818181818181818,0.16666666666666669,0.8333333333333333,0.9330127018922193,0.7320508075688774,0.9353978569087953,0.75,0.0,0.3568958678922094,0.8571428571428571,0.8673935290876171,0.8823529411764705,0.8333333333333333,1.0,0.1818181818181818,0.2,1.0,0.9330127018922193,0.7320508075688774,0.9781476007338057,0.6545084971874737,0.0990311320975808,0.8019377358048383,1.0,0.8694599700858063,0.9999999999999999,1.0,1.0,0.1818181818181818,0.23333333333333334,0.0,0.9330127018922193,0.7320508075688774,1.0,0.5522642316338269,0.5,1.0,1.0,0.871546091474455,0.9999999999999999,1.0,1.0,0.1818181818181818,0.26666666666666666,0.16666666666666666,0.9330127018922193,0.7320508075688774,1.0,0.44773576836617335,0.9009688679024191,0.8019377358048384,0.8571428571428571,0.8736125324726443,0.8823529411764705,0.8333333333333333,1.0,0.1818181818181818,0.3,0.3333333333333333,0.9330127018922193,0.7320508075688774,0.9781476007338057,0.34549150281252633,1.0,0.3568958678922095,1.0,0.8756986538612925,0.9999999999999999,1.0,1.0,0.1818181818181818,0.3333333333333333,0.5,0.9330127018922193,0.7320508075688774,0.9353978569087953,0.2500000000000001,0.7225209339563144,5.551115123125783e-17,0.7999999999999999,0.8777847752499408,0.8235294117647057,0.7777777777777777,1.0,0.1818181818181818,0.3666666666666667,0.6666666666666666,0.9330127018922193,0.7320508075688774,0.8736191374661523,0.16543469682057105,0.27747906604368566,0.0,0.7999999999999999,0.8798512162481305,0.8235294117647057,0.7777777777777777,1.0,0.1818181818181818,0.4,0.8333333333333333,0.9330127018922193,0.7320508075688774,0.7955114688927061,0.09549150281252633,0.0,0.3568958678922094,0.7999999999999999,0.8819963788081555,0.8235294117647057,0.7777777777777777,1.0,0.1818181818181818,0.43333333333333335,1.0,0.9330127018922193,0.7320508075688774,0.704488531107294,0.04322727117869962,0.0990311320975808,0.8019377358048383,0.7999999999999999,0.8841218609777219,0.8235294117647057,0.7777777777777777,1.0,0.1818181818181818,0.4666666666666667,0.0,0.9330127018922193,0.7320508075688774,0.6045284632676536,0.010926199633097211,0.5,1.0,0.7999999999999999,0.8862867039282061,0.8235294117647057,0.7777777777777777,1.0,0.1818181818181818,0.5,0.16666666666666666,0.9330127018922193,0.7320508075688774,0.5000000000000001,0.0,0.9009688679024191,0.8019377358048384,0.7999999999999999,0.8884121860977721,0.8235294117647057,0.7777777777777777,1.0,0.1818181818181818,0.5333333333333333,0.3333333333333333,0.9330127018922193,0.7320508075688774,0.3954715367323467,0.010926199633097156,1.0,0.3568958678922095,0.7999999999999999,0.8905179878768794,0.8235294117647057,0.7777777777777777,1.0,0.1818181818181818,0.5666666666666667,0.5,0.9330127018922193,0.7320508075688774,0.29551146889270624,0.043227271178699456,0.7225209339563144,5.551115123125783e-17,0.7999999999999999,0.8926041092655277,0.8235294117647057,0.7777777777777777,1.0,0.1818181818181818,0.6,0.6666666666666666,0.9330127018922193,0.7320508075688774,0.20448853110729398,0.09549150281252627,0.27747906604368566,0.0,0.7999999999999999,0.894690230654176,0.8235294117647057,0.7777777777777777,1.0,0.1818181818181818,0.6333333333333333,0.8333333333333333,0.9330127018922193,0.7320508075688774,0.12638086253384795,0.16543469682057077,0.0,0.3568958678922094,0.7999999999999999,0.8968353932142015,0.8235294117647057,0.7777777777777777,1.0,0.1818181818181818,0.6666666666666666,1.0,0.9330127018922193,0.7320508075688774,0.06460214309120482,0.24999999999999978,0.0990311320975808,0.8019377358048383,0.7999999999999999,0.8989411949933088,0.8235294117647057,0.7777777777777777,1.0,0.1818181818181818,0.7,0.0,0.9330127018922193,0.7320508075688774,0.021852399266194367,0.3454915028125262,0.5,1.0,0.7999999999999999,0.9010469967724157,0.8235294117647057,0.7777777777777777,1.0,0.1818181818181818,0.7333333333333333,0.16666666666666666,0.9330127018922193,0.7320508075688774,0.0,0.4477357683661729,0.9009688679024191,0.8019377358048384,0.7999999999999999,0.9031331181610645,0.8235294117647057,0.7777777777777777,1.0,0.1818181818181818,0.7666666666666667,0.3333333333333333,0.9330127018922193,0.7320508075688774,0.0,0.5522642316338265,1.0,0.3568958678922095,0.7999999999999999,0.9052192395497127,0.8235294117647057,0.7777777777777777,1.0,0.1818181818181818,0.8,0.5,0.9330127018922193,0.7320508075688774,0.02185239926619431,0.6545084971874736,0.7225209339563144,5.551115123125783e-17,0.7999999999999999,0.9073250413288201,0.8235294117647057,0.7777777777777777,1.0,0.1818181818181818,0.8333333333333334,0.6666666666666666,0.9330127018922193,0.7320508075688774,0.06460214309120454,0.7499999999999997,0.27747906604368566,0.0,0.7999999999999999,0.9093914823270093,0.8235294117647057,0.7777777777777777,1.0,0.1818181818181818,0.8666666666666667,0.8333333333333333,0.9330127018922193,0.7320508075688774,0.12638086253384767,0.8345653031794289,0.0,0.3568958678922094,0.7999999999999999,0.9114776037156576,0.8235294117647057,0.7777777777777777,1.0,0.1818181818181818,0.9,1.0,0.9330127018922193,0.7320508075688774,0.20448853110729381,0.9045084971874737,0.0990311320975808,0.8019377358048383
0.8571428571428571,0.7955010627410846,0.8823529411764705,0.8333333333333333,1.0,0.0,0.9,0.5,0.5,1.0,0.20448853110729381,0.9045084971874737,0.7225209339563144,5.551115123125783e-17,0.8571428571428571,0.7974494213965206,0.8823529411764705,0.8333333333333333,1.0,0.0,0.9333333333333333,0.6666666666666666,0.5,1.0,0.2955114688927057,0.9567727288213003,0.27747906604368566,0.0,0.8571428571428571,0.7993780996614972,0.8823529411764705,0.8333333333333333,1.0,0.0,0.9666666666666667,0.8333333333333333,0.5,1.0,0.39547153673234625,0.9890738003669028,0.0,0.3568958678922094,0.8571428571428571,0.8013067779264742,0.8823529411764705,0.8333333333333333,1.0,0.0,0.9999999999999999,1.0,0.5,1.0,0.4999999999999999,1.0,0.0990311320975808,0.8019377358048383,0.8571428571428571,0.8032157758009917,0.8823529411764705,0.8333333333333333,1.0,0.09090909090909091,0.0,0.0,0.75,0.9282032302755092,0.5,1.0,0.5,1.0,0.8571428571428571,0.8051247736755096,0.8823529411764705,0.8333333333333333,1.0,0.09090909090909091,0.03333333333333333,0.16666666666666666,0.75,0.9282032302755092,0.6045284632676534,0.9890738003669028,0.9009688679024191,0.8019377358048384,0.8571428571428571,0.8068369676454381,0.8823529411764705,0.8333333333333333,1.0,0.09090909090909091,0.06666666666666668,0.3333333333333333,0.75,0.9282032302755092,0.7044885311072939,0.9567727288213004,1.0,0.3568958678922095,0.8571428571428571,0.8086672439581202,0.8823529411764705,0.8333333333333333,1.0,0.09090909090909091,0.1,0.5,0.75,0.9282032302755092,0.7955114688927061,0.9045084971874737,0.7225209339563144,5.551115123125783e-17,0.8571428571428571,0.8104975202708022,0.8823529411764705,0.8333333333333333,1.0,0.09090909090909091,0.13333333333333333,0.6666666666666666,0.75,0.9282032302755092,0.8736191374661522,0.8345653031794291,0.27747906604368566,0.0,0.8571428571428571,0.8123868377548611,0.8823529411764705,0.8333333333333333,1.0,0.09090909090909091,0.16666666666666669,0.8333333333333333,0.75,0.9282032302755092,0.9353978569087953,0.75,0.0,0.3568958678922094,0.8857142857142858,0.814295835629379,0.8823529411764705,0.8888888888888888,1.0,0.09090909090909091,0.2,1.0,0.75,0.9282032302755092,0.9781476007338057,0.6545084971874737,0.0990311320975808,0.8019377358048383,0.8571428571428571,0.8162245138943556,0.8823529411764705,0.8333333333333333,1.0,0.09090909090909091,0.23333333333333334,0.0,0.75,0.9282032302755092,1.0,0.5522642316338269,0.5,1.0,0.8571428571428571,0.8181925529402503,0.8823529411764705,0.8333333333333333,1.0,0.09090909090909091,0.26666666666666666,0.16666666666666666,0.75,0.9282032302755092,1.0,0.44773576836617335,0.9009688679024191,0.8019377358048384,0.8571428571428571,0.8201212312052273,0.8823529411764705,0.8333333333333333,1.0,0.09090909090909091,0.3,0.3333333333333333,0.75,0.9282032302755092,0.9781476007338057,0.34549150281252633,1.0,0.3568958678922095,0.8571428571428571,0.8221089506415806,0.8823529411764705,0.8333333333333333,1.0,0.09090909090909091,0.3333333333333333,0.5,0.75,0.9282032302755092,0.9353978569087953,0.2500000000000001,0.7225209339563144,5.551115123125783e-17,0.8571428571428571,0.8240573092970163,0.8823529411764705,0.8333333333333333,1.0,0.09090909090909091,0.3666666666666667,0.6666666666666666,0.75,0.9282032302755092,0.8736191374661523,0.16543469682057105,0.27747906604368566,0.0,0.8571428571428571,0.826025348342911,0.8823529411764705,0.8333333333333333,1.0,0.09090909090909091,0.4,0.8333333333333333,0.75,0.9282032302755092,0.7955114688927061,0.09549150281252633,0.0,0.3568958678922094,0.8571428571428571,0.8279933873888057,0.8823529411764705,0.8333333333333333,1.0,0.09090909090909091,0.43333333333333335,1.0,0.75,0.9282032302755092,0.704488531107294,0.04322727117869962,0.0990311320975808,0.8019377358048383,0.8571428571428571,0.8299614264347004,0.8823529411764705,0.8333333333333333,1.0,0.09090909090909091,0.4666666666666667,0.0,0.75,0.9282032302755092,0.6045284632676536,0.010926199633097211,0.5,1.0,0.8571428571428571,0.8319294654805951,0.8823529411764705,0.8333333333333333,1.0,0.09090909090909091,0.5,0.16666666666666666,0.75,0.9282032302755092,0.5000000000000001,0.0,0.9009688679024191,0.8019377358048384,0.8571428571428571,0.8339368653074075,0.8823529411764705,0.8333333333333333,1.0,0.09090909090909091,0.5333333333333333,0.3333333333333333,0.75,0.9282032302755092,0.3954715367323467,0.010926199633097156,1.0,0.3568958678922095,0.8571428571428571,0.8358852239628436,0.8823529411764705,0.8333333333333333,1.0,0.09090909090909091,0.5666666666666667,0.5,0.75,0.9282032302755092,0.29551146889270624,0.043227271178699456,0.7225209339563144,5.551115123125783e-17,0.7999999999999999,0.837892623789656,0.8235294117647057,0.7777777777777777,1.0,0.09090909090909091,0.6,0.6666666666666666,0.75,0.9282032302755092,0.20448853110729398,0.09549150281252627,0.27747906604368566,0.0,0.8571428571428571,0.8398213020546326,0.8823529411764705,0.8333333333333333,1.0,0.09090909090909091,0.6333333333333333,0.8333333333333333,0.75,0.9282032302755092,0.12638086253384795,0.16543469682057077,0.0,0.3568958678922094,0.8857142857142858,0.8417106195386914,0.8823529411764705,0.8888888888888888,1.0,0.09090909090909091,0.6666666666666666,1.0,0.75,0.9282032302755092,0.06460214309120482,0.24999999999999978,0.0990311320975808,0.8019377358048383,0.8571428571428571,0.8436196174132093,0.8823529411764705,0.8333333333333333,1.0,0.09090909090909091,0.7,0.0,0.75,0.9282032302755092,0.021852399266194367,0.3454915028125262,0.5,1.0,0.8571428571428571,0.8455286152877273,0.8823529411764705,0.8333333333333333,1.0,0.09090909090909091,0.7333333333333333,0.16666666666666666,0.75,0.9282032302755092,0.0,0.4477357683661729,0.9009688679024191,0.8019377358048384,0.8571428571428571,0.8473785719908684,0.8823529411764705,0.8333333333333333,1.0,0.09090909090909091,0.7666666666666667,0.3333333333333333,0.75,0.9282032302755092,0.0,0.5522642316338265,1.0,0.3568958678922095,0.8571428571428571,0.849326930646304,0.8823529411764705,0.8333333333333333,1.0,0.09090909090909091,0.8,0.5,0.75,0.9282032302755092,0.02185239926619431,0.6545084971874736,0.7225209339563144,5.551115123125783e-17,0.8571428571428571,0.8513343304731165,0.8823529411764705,0.8333333333333333,1.0,0.09090909090909091,0.8333333333333334,0.6666666666666666,0.75,0.9282032302755092,0.06460214309120454,0.7499999999999997,0.27747906604368566,0.0,0.8571428571428571,0.8532630087380935,0.8823529411764705,0.8333333333333333,1.0,0.09090909090909091,0.8666666666666667,0.8333333333333333,0.75,0.9282032302755092,0.12638086253384767,0.8345653031794289,0.0,0.3568958678922094,0.8571428571428571,0.8552310477839882,0.8823529411764705,0.8333333333333333,1.0,0.09090909090909091,0.9,1.0,0.75,0.9282032302755092,0.20448853110729381,0.9045084971874737,0.0990311320975808,0.8019377358048383,0.8571428571428571,0.8571990868298829,0.8823529411764705,0.8333333333333333,1.0,0.1818181818181818,0.0,0.0,0.9330127018922193,0.7320508075688774,0.5,1.0,0.5,1.0,0.8571428571428571,0.859245847437613,0.8823529411764705,0.8333333333333333,1.0,0.1818181818181818,0.03333333333333333,0.16666666666666666,0.9330127018922193,0.7320508075688774,0.6045284632676534,0.9890738003669028,0.9009688679024191,0.8019377358048384,0.8571428571428571,0.8612926080453436,0.8823529411764705,0.8333333333333333,1.0,0.1818181818181818,0.06666666666666668,0.3333333333333333,0.9330127018922193,0.7320508075688774,0.7044885311072939,0.9567727288213004,1.0,0.3568958678922095,0.8571428571428571,0.863300007872156,0.8823529411764705,0.8333333333333333,1.0,0.1818181818181818,0.13333333333333333,0.6666666666666666,0.9330127018922193,0.7320508075688774,0.8736191374661522,0.8345653031794291,0.27747906604368566,0.0,0.8571428571428571,0.8653467684798866,0.8823529411764705,0.8333333333333333,1.0,0.1818181818181818,0.16666666666666669,0.8333333333333333,0.9330127018922193,0.7320508075688774,0.9353978569087953,0.75,0.0,0.3568958678922094,0.8571428571428571,0.8673935290876171,0.8823529411764705,0.8333333333333333,1.0,0.1818181818181818,0.2,1.0,0.9330127018922193,0.7320508075688774,0.9781476007338057,0.6545084971874737,0.0990311320975808,0.8019377358048383,1.0,0.8694599700858063,0.9999999999999999,1.0,1.0,0.1818181818181818,0.23333333333333334,0.0,0.9330127018922193,0.7320508075688774,1.0,0.5522642316338269,0.5,1.0,1.0,0.871546091474455,0.9999999999999999,1.0,1.0,0.1818181818181818,0.26666666666666666,0.16666666666666666,0.9330127018922193,0.7320508075688774,1.0,0.44773576836617335,0.9009688679024191,0.8019377358048384,0.8571428571428571,0.8736125324726443,0.8823529411764705,0.8333333333333333,1.0,0.1818181818181818,0.3,0.3333333333333333,0.9330127018922193,0.7320508075688774,0.9781476007338057,0.34549150281252633,1.0,0.3568958678922095,1.0,0.8756986538612925,0.9999999999999999,1.0,1.0,0.1818181818181818,0.3333333333333333,0.5,0.9330127018922193,0.7320508075688774,0.9353978569087953,0.2500000000000001,0.7225209339563144,5.551115123125783e-17,0.7999999999999999,0.8777847752499408,0.8235294117647057,0.7777777777777777,1.0,0.1818181818181818,0.3666666666666667,0.6666666666666666,0.9330127018922193,0.7320508075688774,0.8736191374661523,0.16543469682057105,0.27747906604368566,0.0,0.7999999999999999,0.8798512162481305,0.8235294117647057,0.7777777777777777,1.0,0.1818181818181818,0.4,0.8333333333333333,0.9330127018922193,0.7320508075688774,0.7955114688927061,0.09549150281252633,0.0,0.3568958678922094,0.7999999999999999,0.8819963788081555,0.8235294117647057,0.7777777777777777,1.0,0.1818181818181818,0.43333333333333335,1.0,0.9330127018922193,0.7320508075688774,0.704488531107294,0.04322727117869962,0.0990311320975808,0.8019377358048383,0.7999999999999999,0.8841218609777219,0.8235294117647057,0.7777777777777777,1.0,0.1818181818181818,0.4666666666666667,0.0,0.9330127018922193,0.7320508075688774,0.6045284632676536,0.010926199633097211,0.5,1.0,0.7999999999999999,0.8862867039282061,0.8235294117647057,0.7777777777777777,1.0,0.1818181818181818,0.5,0.16666666666666666,0.9330127018922193,0.7320508075688774,0.5000000000000001,0.0,0.9009688679024191,0.8019377358048384,0.7999999999999999,0.8884121860977721,0.8235294117647057,0.7777777777777777,1.0,0.1818181818181818,0.5333333333333333,0.3333333333333333,0.9330127018922193,0.7320508075688774,0.3954715367323467,0.010926199633097156,1.0,0.3568958678922095,0.7999999999999999,0.8905179878768794,0.8235294117647057,0.7777777777777777,1.0,0.1818181818181818,0.5666666666666667,0.5,0.9330127018922193,0.7320508075688774,0.29551146889270624,0.043227271178699456,0.7225209339563144,5.551115123125783e-17,0.7999999999999999,0.8926041092655277,0.8235294117647057,0.7777777777777777,1.0,0.1818181818181818,0.6,0.6666666666666666,0.9330127018922193,0.7320508075688774,0.20448853110729398,0.09549150281252627,0.27747906604368566,0.0,0.7999999999999999,0.894690230654176,0.8235294117647057,0.7777777777777777,1.0,0.1818181818181818,0.6333333333333333,0.8333333333333333,0.9330127018922193,0.7320508075688774,0.12638086253384795,0.16543469682057077,0.0,0.3568958678922094,0.7999999999999999,0.8968353932142015,0.8235294117647057,0.7777777777777777,1.0,0.1818181818181818,0.6666666666666666,1.0,0.9330127018922193,0.7320508075688774,0.06460214309120482,0.24999999999999978,0.0990311320975808,0.8019377358048383,0.7999999999999999,0.8989411949933088,0.8235294117647057,0.7777777777777777,1.0,0.1818181818181818,0.7,0.0,0.9330127018922193,0.7320508075688774,0.021852399266194367,0.3454915028125262,0.5,1.0,0.7999999999999999,0.9010469967724157,0.8235294117647057,0.7777777777777777,1.0,0.1818181818181818,0.7333333333333333,0.16666666666666666,0.9330127018922193,0.7320508075688774,0.0,0.4477357683661729,0.9009688679024191,0.8019377358048384,0.7999999999999999,0.9031331181610645,0.8235294117647057,0.7777777777777777,1.0,0.1818181818181818,0.7666666666666667,0.3333333333333333,0.9330127018922193,0.7320508075688774,0.0,0.5522642316338265,1.0,0.3568958678922095,0.7999999999999999,0.9052192395497127,0.8235294117647057,0.7777777777777777,1.0,0.1818181818181818,0.8,0.5,0.9330127018922193,0.7320508075688774,0.02185239926619431,0.6545084971874736,0.7225209339563144,5.551115123125783e-17,0.7999999999999999,0.9073250413288201,0.8235294117647057,0.7777777777777777,1.0,0.1818181818181818,0.8333333333333334,0.6666666666666666,0.9330127018922193,0.7320508075688774,0.06460214309120454,0.7499999999999997,0.27747906604368566,0.0,0.7999999999999999,0.9093914823270093,0.8235294117647057,0.7777777777777777,1.0,0.1818181818181818,0.8666666666666667,0.8333333333333333,0.9330127018922193,0.7320508075688774,0.12638086253384767,0.8345653031794289,0.0,0.3568958678922094,0.7999999999999999,0.9114776037156576,0.8235294117647057,0.7777777777777777,1.0,0.1818181818181818,0.9,1.0,0.9330127018922193,0.7320508075688774,0.20448853110729381,0.9045084971874737,0.0990311320975808,0.8019377358048383,0.7999999999999999,0.9135243643233881,0.8235294117647057,0.7777777777777777,1.0,0.1818181818181818,0.9333333333333333,0.0,0.9330127018922193,0.7320508075688774,0.2955114688927057,0.9567727288213003,0.5,1.0
0.8571428571428571,0.7974494213965206,0.8823529411764705,0.8333333333333333,1.0,0.0,0.9333333333333333,0.6666666666666666,0.5,1.0,0.2955114688927057,0.9567727288213003,0.27747906604368566,0.0,0.8571428571428571,0.7993780996614972,0.8823529411764705,0.8333333333333333,1.0,0.0,0.9666666666666667,0.8333333333333333,0.5,1.0,0.39547153673234625,0.9890738003669028,0.0,0.3568958678922094,0.8571428571428571,0.8013067779264742,0.8823529411764705,0.8333333333333333,1.0,0.0,0.9999999999999999,1.0,0.5,1.0,0.4999999999999999,1.0,0.0990311320975808,0.8019377358048383,0.8571428571428571,0.8032157758009917,0.8823529411764705,0.8333333333333333,1.0,0.09090909090909091,0.0,0.0,0.75,0.9282032302755092,0.5,1.0,0.5,1.0,0.8571428571428571,0.8051247736755096,0.8823529411764705,0.8333333333333333,1.0,0.09090909090909091,0.03333333333333333,0.16666666666666666,0.75,0.9282032302755092,0.6045284632676534,0.9890738003669028,0.9009688679024191,0.8019377358048384,0.8571428571428571,0.8068369676454381,0.8823529411764705,0.8333333333333333,1.0,0.09090909090909091,0.06666666666666668,0.3333333333333333,0.75,0.9282032302755092,0.7044885311072939,0.9567727288213004,1.0,0.3568958678922095,0.8571428571428571,0.8086672439581202,0.8823529411764705,0.8333333333333333,1.0,0.09090909090909091,0.1,0.5,0.75,0.9282032302755092,0.7955114688927061,0.9045084971874737,0.7225209339563144,5.551115123125783e-17,0.8571428571428571,0.8104975202708022,0.8823529411764705,0.8333333333333333,1.0,0.09090909090909091,0.13333333333333333,0.6666666666666666,0.75,0.9282032302755092,0.8736191374661522,0.8345653031794291,0.27747906604368566,0.0,0.8571428571428571,0.8123868377548611,0.8823529411764705,0.8333333333333333,1.0,0.09090909090909091,0.16666666666666669,0.8333333333333333,0.75,0.9282032302755092,0.9353978569087953,0.75,0.0,0.3568958678922094,0.8857142857142858,0.814295835629379,0.8823529411764705,0.8888888888888888,1.0,0.09090909090909091,0.2,1.0,0.75,0.9282032302755092,0.9781476007338057,0.6545084971874737,0.0990311320975808,0.8019377358048383,0.8571428571428571,0.8162245138943556,0.8823529411764705,0.8333333333333333,1.0,0.09090909090909091,0.23333333333333334,0.0,0.75,0.9282032302755092,1.0,0.5522642316338269,0.5,1.0,0.8571428571428571,0.8181925529402503,0.8823529411764705,0.8333333333333333,1.0,0.09090909090909091,0.26666666666666666,0.16666666666666666,0.75,0.9282032302755092,1.0,0.44773576836617335,0.9009688679024191,0.8019377358048384,0.8571428571428571,0.8201212312052273,0.8823529411764705,0.8333333333333333,1.0,0.09090909090909091,0.3,0.3333333333333333,0.75,0.9282032302755092,0.9781476007338057,0.34549150281252633,1.0,0.3568958678922095,0.8571428571428571,0.8221089506415806,0.8823529411764705,0.8333333333333333,1.0,0.09090909090909091,0.3333333333333333,0.5,0.75,0.9282032302755092,0.9353978569087953,0.2500000000000001,0.7225209339563144,5.551115123125783e-17,0.8571428571428571,0.8240573092970163,0.8823529411764705,0.8333333333333333,1.0,0.09090909090909091,0.3666666666666667,0.6666666666666666,0.75,0.9282032302755092,0.8736191374661523,0.16543469682057105,0.27747906604368566,0.0,0.8571428571428571,0.826025348342911,0.8823529411764705,0.8333333333333333,1.0,0.09090909090909091,0.4,0.8333333333333333,0.75,0.9282032302755092,0.7955114688927061,0.09549150281252633,0.0,0.3568958678922094,0.8571428571428571,0.8279933873888057,0.8823529411764705,0.8333333333333333,1.0,0.09090909090909091,0.43333333333333335,1.0,0.75,0.9282032302755092,0.704488531107294,0.04322727117869962,0.0990311320975808,0.8019377358048383,0.8571428571428571,0.8299614264347004,0.8823529411764705,0.8333333333333333,1.0,0.09090909090909091,0.4666666666666667,0.0,0.75,0.9282032302755092,0.6045284632676536,0.010926199633097211,0.5,1.0,0.8571428571428571,0.8319294654805951,0.8823529411764705,0.8333333333333333,1.0,0.09090909090909091,0.5,0.16666666666666666,0.75,0.9282032302755092,0.5000000000000001,0.0,0.9009688679024191,0.8019377358048384,0.8571428571428571,0.8339368653074075,0.8823529411764705,0.8333333333333333,1.0,0.09090909090909091,0.5333333333333333,0.3333333333333333,0.75,0.9282032302755092,0.3954715367323467,0.010926199633097156,1.0,0.3568958678922095,0.8571428571428571,0.8358852239628436,0.8823529411764705,0.8333333333333333,1.0,0.09090909090909091,0.5666666666666667,0.5,0.75,0.9282032302755092,0.29551146889270624,0.043227271178699456,0.7225209339563144,5.551115123125783e-17,0.7999999999999999,0.837892623789656,0.8235294117647057,0.7777777777777777,1.0,0.09090909090909091,0.6,0.6666666666666666,0.75,0.9282032302755092,0.20448853110729398,0.09549150281252627,0.27747906604368566,0.0,0.8571428571428571,0.8398213020546326,0.8823529411764705,0.8333333333333333,1.0,0.09090909090909091,0.6333333333333333,0.8333333333333333,0.75,0.9282032302755092,0.12638086253384795,0.16543469682057077,0.0,0.3568958678922094,0.8857142857142858,0.8417106195386914,0.8823529411764705,0.8888888888888888,1.0,0.09090909090909091,0.6666666666666666,1.0,0.75,0.9282032302755092,0.06460214309120482,0.24999999999999978,0.0990311320975808,0.8019377358048383,0.8571428571428571,0.8436196174132093,0.8823529411764705,0.8333333333333333,1.0,0.09090909090909091,0.7,0.0,0.75,0.9282032302755092,0.021852399266194367,0.3454915028125262,0.5,1.0,0.8571428571428571,0.8455286152877273,0.8823529411764705,0.8333333333333333,1.0,0.09090909090909091,0.7333333333333333,0.16666666666666666,0.75,0.9282032302755092,0.0,0.4477357683661729,0.9009688679024191,0.8019377358048384,0.8571428571428571,0.8473785719908684,0.8823529411764705,0.8333333333333333,1.0,0.09090909090909091,0.7666666666666667,0.3333333333333333,0.75,0.9282032302755092,0.0,0.5522642316338265,1.0,0.3568958678922095,0.8571428571428571,0.849326930646304,0.8823529411764705,0.8333333333333333,1.0,0.09090909090909091,0.8,0.5,0.75,0.9282032302755092,0.02185239926619431,0.6545084971874736,0.7225209339563144,5.551115123125783e-17,0.8571428571428571,0.8513343304731165,0.8823529411764705,0.8333333333333333,1.0,0.09090909090909091,0.8333333333333334,0.6666666666666666,0.75,0.9282032302755092,0.06460214309120454,0.7499999999999997,0.27747906604368566,0.0,0.8571428571428571,0.8532630087380935,0.8823529411764705,0.8333333333333333,1.0,0.09090909090909091,0.8666666666666667,0.8333333333333333,0.75,0.9282032302755092,0.12638086253384767,0.8345653031794289,0.0,0.3568958678922094,0.8571428571428571,0.8552310477839882,0.8823529411764705,0.8333333333333333,1.0,0.09090909090909091,0.9,1.0,0.75,0.9282032302755092,0.20448853110729381,0.9045084971874737,0.0990311320975808,0.8019377358048383,0.8571428571428571,0.8571990868298829,0.8823529411764705,0.8333333333333333,1.0,0.1818181818181818,0.0,0.0,0.9330127018922193,0.7320508075688774,0.5,1.0,0.5,1.0,0.8571428571428571,0.859245847437613,0.8823529411764705,0.8333333333333333,1.0,0.1818181818181818,0.03333333333333333,0.16666666666666666,0.9330127018922193,0.7320508075688774,0.6045284632676534,0.9890738003669028,0.9009688679024191,0.8019377358048384,0.8571428571428571,0.8612926080453436,0.8823529411764705,0.8333333333333333,1.0,0.1818181818181818,0.06666666666666668,0.3333333333333333,0.9330127018922193,0.7320508075688774,0.7044885311072939,0.9567727288213004,1.0,0.3568958678922095,0.8571428571428571,0.863300007872156,0.8823529411764705,0.8333333333333333,1.0,0.1818181818181818,0.13333333333333333,0.6666666666666666,0.9330127018922193,0.7320508075688774,0.8736191374661522,0.8345653031794291,0.27747906604368566,0.0,0.8571428571428571,0.8653467684798866,0.8823529411764705,0.8333333333333333,1.0,0.1818181818181818,0.16666666666666669,0.8333333333333333,0.9330127018922193,0.7320508075688774,0.9353978569087953,0.75,0.0,0.3568958678922094,0.8571428571428571,0.8673935290876171,0.8823529411764705,0.8333333333333333,1.0,0.1818181818181818,0.2,1.0,0.9330127018922193,0.7320508075688774,0.9781476007338057,0.6545084971874737,0.0990311320975808,0.8019377358048383,1.0,0.8694599700858063,0.9999999999999999,1.0,1.0,0.1818181818181818,0.23333333333333334,0.0,0.9330127018922193,0.7320508075688774,1.0,0.5522642316338269,0.5,1.0,1.0,0.871546091474455,0.9999999999999999,1.0,1.0,0.1818181818181818,0.26666666666666666,0.16666666666666666,0.9330127018922193,0.7320508075688774,1.0,0.44773576836617335,0.9009688679024191,0.8019377358048384,0.8571428571428571,0.8736125324726443,0.8823529411764705,0.8333333333333333,1.0,0.1818181818181818,0.3,0.3333333333333333,0.9330127018922193,0.7320508075688774,0.9781476007338057,0.34549150281252633,1.0,0.3568958678922095,1.0,0.8756986538612925,0.9999999999999999,1.0,1.0,0.1818181818181818,0.3333333333333333,0.5,0.9330127018922193,0.7320508075688774,0.9353978569087953,0.2500000000000001,0.7225209339563144,5.551115123125783e-17,0.7999999999999999,0.8777847752499408,0.8235294117647057,0.7777777777777777,1.0,0.1818181818181818,0.3666666666666667,0.6666666666666666,0.9330127018922193,0.7320508075688774,0.8736191374661523,0.16543469682057105,0.27747906604368566,0.0,0.7999999999999999,0.8798512162481305,0.8235294117647057,0.7777777777777777,1.0,0.1818181818181818,0.4,0.8333333333333333,0.9330127018922193,0.7320508075688774,0.7955114688927061,0.09549150281252633,0.0,0.3568958678922094,0.7999999999999999,0.8819963788081555,0.8235294117647057,0.7777777777777777,1.0,0.1818181818181818,0.43333333333333335,1.0,0.9330127018922193,0.7320508075688774,0.704488531107294,0.04322727117869962,0.0990311320975808,0.8019377358048383,0.7999999999999999,0.8841218609777219,0.8235294117647057,0.7777777777777777,1.0,0.1818181818181818,0.4666666666666667,0.0,0.9330127018922193,0.7320508075688774,0.6045284632676536,0.010926199633097211,0.5,1.0,0.7999999999999999,0.8862867039282061,0.8235294117647057,0.7777777777777777,1.0,0.1818181818181818,0.5,0.16666666666666666,0.9330127018922193,0.7320508075688774,0.5000000000000001,0.0,0.9009688679024191,0.8019377358048384,0.7999999999999999,0.8884121860977721,0.8235294117647057,0.7777777777777777,1.0,0.1818181818181818,0.5333333333333333,0.3333333333333333,0.9330127018922193,0.7320508075688774,0.3954715367323467,0.010926199633097156,1.0,0.3568958678922095,0.7999999999999999,0.8905179878768794,0.8235294117647057,0.7777777777777777,1.0,0.1818181818181818,0.5666666666666667,0.5,0.9330127018922193,0.7320508075688774,0.29551146889270624,0.043227271178699456,0.7225209339563144,5.551115123125783e-17,0.7999999999999999,0.8926041092655277,0.8235294117647057,0.7777777777777777,1.0,0.1818181818181818,0.6,0.6666666666666666,0.9330127018922193,0.7320508075688774,0.20448853110729398,0.09549150281252627,0.27747906604368566,0.0,0.7999999999999999,0.894690230654176,0.8235294117647057,0.7777777777777777,1.0,0.1818181818181818,0.6333333333333333,0.8333333333333333,0.9330127018922193,0.7320508075688774,0.12638086253384795,0.16543469682057077,0.0,0.3568958678922094,0.7999999999999999,0.8968353932142015,0.8235294117647057,0.7777777777777777,1.0,0.1818181818181818,0.6666666666666666,1.0,0.9330127018922193,0.7320508075688774,0.06460214309120482,0.24999999999999978,0.0990311320975808,0.8019377358048383,0.7999999999999999,0.8989411949933088,0.8235294117647057,0.7777777777777777,1.0,0.1818181818181818,0.7,0.0,0.9330127018922193,0.7320508075688774,0.021852399266194367,0.3454915028125262,0.5,1.0,0.7999999999999999,0.9010469967724157,0.8235294117647057,0.7777777777777777,1.0,0.1818181818181818,0.7333333333333333,0.16666666666666666,0.9330127018922193,0.7320508075688774,0.0,0.4477357683661729,0.9009688679024191,0.8019377358048384,0.7999999999999999,0.9031331181610645,0.8235294117647057,0.7777777777777777,1.0,0.1818181818181818,0.7666666666666667,0.3333333333333333,0.9330127018922193,0.7320508075688774,0.0,0.5522642316338265,1.0,0.3568958678922095,0.7999999999999999,0.9052192395497127,0.8235294117647057,0.7777777777777777,1.0,0.1818181818181818,0.8,0.5,0.9330127018922193,0.7320508075688774,0.02185239926619431,0.6545084971874736,0.7225209339563144,5.551115123125783e-17,0.7999999999999999,0.9073250413288201,0.8235294117647057,0.7777777777777777,1.0,0.1818181818181818,0.8333333333333334,0.6666666666666666,0.9330127018922193,0.7320508075688774,0.06460214309120454,0.7499999999999997,0.27747906604368566,0.0,0.7999999999999999,0.9093914823270093,0.8235294117647057,0.7777777777777777,1.0,0.1818181818181818,0.8666666666666667,0.8333333333333333,0.9330127018922193,0.7320508075688774,0.12638086253384767,0.8345653031794289,0.0,0.3568958678922094,0.7999999999999999,0.9114776037156576,0.8235294117647057,0.7777777777777777,1.0,0.1818181818181818,0.9,1.0,0.9330127018922193,0.7320508075688774,0.20448853110729381,0.9045084971874737,0.0990311320975808,0.8019377358048383,0.7999999999999999,0.9135243643233881,0.8235294117647057,0.7777777777777777,1.0,0.1818181818181818,0.9333333333333333,0.0,0.9330127018922193,0.7320508075688774,0.2955114688927057,0.9567727288213003,0.5,1.0,0.7999999999999999,0.9155711249311187,0.8235294117647057,0.7777777777777777,1.0,0.1818181818181818,0.9666666666666667,0.16666666666666666,0.9330127018922193,0.7320508075688774,0.39547153673234625,0.9890738003669028,0.9009688679024191,0.8019377358048384
0.8571428571428571,0.7993780996614972,0.8823529411764705,0.8333333333333333,1.0,0.0,0.9666666666666667,0.8333333333333333,0.5,1.0,0.39547153673234625,0.9890738003669028,0.0,0.3568958678922094,0.8571428571428571,0.8013067779264742,0.8823529411764705,0.8333333333333333,1.0,0.0,0.9999999999999999,1.0,0.5,1.0,0.4999999999999999,1.0,0.0990311320975808,0.8019377358048383,0.8571428571428571,0.8032157758009917,0.8823529411764705,0.8333333333333333,1.0,0.09090909090909091,0.0,0.0,0.75,0.9282032302755092,0.5,1.0,0.5,1.0,0.8571428571428571,0.8051247736755096,0.8823529411764705,0.8333333333333333,1.0,0.09090909090909091,0.03333333333333333,0.16666666666666666,0.75,0.9282032302755092,0.6045284632676534,0.9890738003669028,0.9009688679024191,0.8019377358048384,0.8571428571428571,0.8068369676454381,0.8823529411764705,0.8333333333333333,1.0,0.09090909090909091,0.06666666666666668,0.3333333333333333,0.75,0.9282032302755092,0.7044885311072939,0.9567727288213004,1.0,0.3568958678922095,0.8571428571428571,0.8086672439581202,0.8823529411764705,0.8333333333333333,1.0,0.09090909090909091,0.1,0.5,0.75,0.9282032302755092,0.7955114688927061,0.9045084971874737,0.7225209339563144,5.551115123125783e-17,0.8571428571428571,0.8104975202708022,0.8823529411764705,0.8333333333333333,1.0,0.09090909090909091,0.13333333333333333,0.6666666666666666,0.75,0.9282032302755092,0.8736191374661522,0.8345653031794291,0.27747906604368566,0.0,0.8571428571428571,0.8123868377548611,0.8823529411764705,0.8333333333333333,1.0,0.09090909090909091,0.16666666666666669,0.8333333333333333,0.75,0.9282032302755092,0.9353978569087953,0.75,0.0,0.3568958678922094,0.8857142857142858,0.814295835629379,0.8823529411764705,0.8888888888888888,1.0,0.09090909090909091,0.2,1.0,0.75,0.9282032302755092,0.9781476007338057,0.6545084971874737,0.0990311320975808,0.8019377358048383,0.8571428571428571,0.8162245138943556,0.8823529411764705,0.8333333333333333,1.0,0.09090909090909091,0.23333333333333334,0.0,0.75,0.9282032302755092,1.0,0.5522642316338269,0.5,1.0,0.8571428571428571,0.8181925529402503,0.8823529411764705,0.8333333333333333,1.0,0.09090909090909091,0.26666666666666666,0.16666666666666666,0.75,0.9282032302755092,1.0,0.44773576836617335,0.9009688679024191,0.8019377358048384,0.8571428571428571,0.8201212312052273,0.8823529411764705,0.8333333333333333,1.0,0.09090909090909091,0.3,0.3333333333333333,0.75,0.9282032302755092,0.9781476007338057,0.34549150281252633,1.0,0.3568958678922095,0.8571428571428571,0.8221089506415806,0.8823529411764705,0.8333333333333333,1.0,0.09090909090909091,0.3333333333333333,0.5,0.75,0.9282032302755092,0.9353978569087953,0.2500000000000001,0.7225209339563144,5.551115123125783e-17,0.8571428571428571,0.8240573092970163,0.8823529411764705,0.8333333333333333,1.0,0.09090909090909091,0.3666666666666667,0.6666666666666666,0.75,0.9282032302755092,0.8736191374661523,0.16543469682057105,0.27747906604368566,0.0,0.8571428571428571,0.826025348342911,0.8823529411764705,0.8333333333333333,1.0,0.09090909090909091,0.4,0.8333333333333333,0.75,0.9282032302755092,0.7955114688927061,0.09549150281252633,0.0,0.3568958678922094,0.8571428571428571,0.8279933873888057,0.8823529411764705,0.8333333333333333,1.0,0.09090909090909091,0.43333333333333335,1.0,0.75,0.9282032302755092,0.704488531107294,0.04322727117869962,0.0990311320975808,0.8019377358048383,0.8571428571428571,0.8299614264347004,0.8823529411764705,0.8333333333333333,1.0,0.09090909090909091,0.4666666666666667,0.0,0.75,0.9282032302755092,0.6045284632676536,0.010926199633097211,0.5,1.0,0.8571428571428571,0.8319294654805951,0.8823529411764705,0.8333333333333333,1.0,0.09090909090909091,0.5,0.16666666666666666,0.75,0.9282032302755092,0.5000000000000001,0.0,0.9009688679024191,0.8019377358048384,0.8571428571428571,0.8339368653074075,0.8823529411764705,0.8333333333333333,1.0,0.09090909090909091,0.5333333333333333,0.3333333333333333,0.75,0.9282032302755092,0.3954715367323467,0.010926199633097156,1.0,0.3568958678922095,0.8571428571428571,0.8358852239628436,0.8823529411764705,0.8333333333333333,1.0,0.09090909090909091,0.5666666666666667,0.5,0.75,0.9282032302755092,0.29551146889270624,0.043227271178699456,0.7225209339563144,5.551115123125783e-17,0.7999999999999999,0.837892623789656,0.8235294117647057,0.7777777777777777,1.0,0.09090909090909091,0.6,0.6666666666666666,0.75,0.9282032302755092,0.20448853110729398,0.09549150281252627,0.27747906604368566,0.0,0.8571428571428571,0.8398213020546326,0.8823529411764705,0.8333333333333333,1.0,0.09090909090909091,0.6333333333333333,0.8333333333333333,0.75,0.9282032302755092,0.12638086253384795,0.16543469682057077,0.0,0.3568958678922094,0.8857142857142858,0.8417106195386914,0.8823529411764705,0.8888888888888888,1.0,0.09090909090909091,0.6666666666666666,1.0,0.75,0.9282032302755092,0.06460214309120482,0.24999999999999978,0.0990311320975808,0.8019377358048383,0.8571428571428571,0.8436196174132093,0.8823529411764705,0.8333333333333333,1.0,0.09090909090909091,0.7,0.0,0.75,0.9282032302755092,0.021852399266194367,0.3454915028125262,0.5,1.0,0.8571428571428571,0.8455286152877273,0.8823529411764705,0.8333333333333333,1.0,0.09090909090909091,0.7333333333333333,0.16666666666666666,0.75,0.9282032302755092,0.0,0.4477357683661729,0.9009688679024191,0.8019377358048384,0.8571428571428571,0.8473785719908684,0.8823529411764705,0.8333333333333333,1.0,0.09090909090909091,0.7666666666666667,0.3333333333333333,0.75,0.9282032302755092,0.0,0.5522642316338265,1.0,0.3568958678922095,0.8571428571428571,0.849326930646304,0.8823529411764705,0.8333333333333333,1.0,0.09090909090909091,0.8,0.5,0.75,0.9282032302755092,0.02185239926619431,0.6545084971874736,0.7225209339563144,5.551115123125783e-17,0.8571428571428571,0.8513343304731165,0.8823529411764705,0.8333333333333333,1.0,0.09090909090909091,0.8333333333333334,0.6666666666666666,0.75,0.9282032302755092,0.06460214309120454,0.7499999999999997,0.27747906604368566,0.0,0.8571428571428571,0.8532630087380935,0.8823529411764705,0.8333333333333333,1.0,0.09090909090909091,0.8666666666666667,0.8333333333333333,0.75,0.9282032302755092,0.12638086253384767,0.8345653031794289,0.0,0.3568958678922094,0.8571428571428571,0.8552310477839882,0.8823529411764705,0.8333333333333333,1.0,0.09090909090909091,0.9,1.0,0.75,0.9282032302755092,0.20448853110729381,0.9045084971874737,0.0990311320975808,0.8019377358048383,0.8571428571428571,0.8571990868298829,0.8823529411764705,0.8333333333333333,1.0,0.1818181818181818,0.0,0.0,0.9330127018922193,0.7320508075688774,0.5,1.0,0.5,1.0,0.8571428571428571,0.859245847437613,0.8823529411764705,0.8333333333333333,1.0,0.1818181818181818,0.03333333333333333,0.16666666666666666,0.9330127018922193,0.7320508075688774,0.6045284632676534,0.9890738003669028,0.9009688679024191,0.8019377358048384,0.8571428571428571,0.8612926080453436,0.8823529411764705,0.8333333333333333,1.0,0.1818181818181818,0.06666666666666668,0.3333333333333333,0.9330127018922193,0.7320508075688774,0.7044885311072939,0.9567727288213004,1.0,0.3568958678922095,0.8571428571428571,0.863300007872156,0.8823529411764705,0.8333333333333333,1.0,0.1818181818181818,0.13333333333333333,0.6666666666666666,0.9330127018922193,0.7320508075688774,0.8736191374661522,0.8345653031794291,0.27747906604368566,0.0,0.8571428571428571,0.8653467684798866,0.8823529411764705,0.8333333333333333,1.0,0.1818181818181818,0.16666666666666669,0.8333333333333333,0.9330127018922193,0.7320508075688774,0.9353978569087953,0.75,0.0,0.3568958678922094,0.8571428571428571,0.8673935290876171,0.8823529411764705,0.8333333333333333,1.0,0.1818181818181818,0.2,1.0,0.9330127018922193,0.7320508075688774,0.9781476007338057,0.6545084971874737,0.0990311320975808,0.8019377358048383,1.0,0.8694599700858063,0.9999999999999999,1.0,1.0,0.1818181818181818,0.23333333333333334,0.0,0.9330127018922193,0.7320508075688774,1.0,0.5522642316338269,0.5,1.0,1.0,0.871546091474455,0.9999999999999999,1.0,1.0,0.1818181818181818,0.26666666666666666,0.16666666666666666,0.9330127018922193,0.7320508075688774,1.0,0.44773576836617335,0.9009688679024191,0.8019377358048384,0.8571428571428571,0.8736125324726443,0.8823529411764705,0.8333333333333333,1.0,0.1818181818181818,0.3,0.3333333333333333,0.9330127018922193,0.7320508075688774,0.9781476007338057,0.34549150281252633,1.0,0.3568958678922095,1.0,0.8756986538612925,0.9999999999999999,1.0,1.0,0.1818181818181818,0.3333333333333333,0.5,0.9330127018922193,0.7320508075688774,0.9353978569087953,0.2500000000000001,0.7225209339563144,5.551115123125783e-17,0.7999999999999999,0.8777847752499408,0.8235294117647057,0.7777777777777777,1.0,0.1818181818181818,0.3666666666666667,0.6666666666666666,0.9330127018922193,0.7320508075688774,0.8736191374661523,0.16543469682057105,0.27747906604368566,0.0,0.7999999999999999,0.8798512162481305,0.8235294117647057,0.7777777777777777,1.0,0.1818181818181818,0.4,0.8333333333333333,0.9330127018922193,0.7320508075688774,0.7955114688927061,0.09549150281252633,0.0,0.3568958678922094,0.7999999999999999,0.8819963788081555,0.8235294117647057,0.7777777777777777,1.0,0.1818181818181818,0.43333333333333335,1.0,0.9330127018922193,0.7320508075688774,0.704488531107294,0.04322727117869962,0.0990311320975808,0.8019377358048383,0.7999999999999999,0.8841218609777219,0.8235294117647057,0.7777777777777777,1.0,0.1818181818181818,0.4666666666666667,0.0,0.9330127018922193,0.7320508075688774,0.6045284632676536,0.010926199633097211,0.5,1.0,0.7999999999999999,0.8862867039282061,0.8235294117647057,0.7777777777777777,1.0,0.1818181818181818,0.5,0.16666666666666666,0.9330127018922193,0.7320508075688774,0.5000000000000001,0.0,0.9009688679024191,0.8019377358048384,0.7999999999999999,0.8884121860977721,0.8235294117647057,0.7777777777777777,1.0,0.1818181818181818,0.5333333333333333,0.3333333333333333,0.9330127018922193,0.7320508075688774,0.3954715367323467,0.010926199633097156,1.0,0.3568958678922095,0.7999999999999999,0.8905179878768794,0.8235294117647057,0.7777777777777777,1.0,0.1818181818181818,0.5666666666666667,0.5,0.9330127018922193,0.7320508075688774,0.29551146889270624,0.043227271178699456,0.7225209339563144,5.551115123125783e-17,0.7999999999999999,0.8926041092655277,0.8235294117647057,0.7777777777777777,1.0,0.1818181818181818,0.6,0.6666666666666666,0.9330127018922193,0.7320508075688774,0.20448853110729398,0.09549150281252627,0.27747906604368566,0.0,0.7999999999999999,0.894690230654176,0.8235294117647057,0.7777777777777777,1.0,0.1818181818181818,0.6333333333333333,0.8333333333333333,0.9330127018922193,0.7320508075688774,0.12638086253384795,0.16543469682057077,0.0,0.3568958678922094,0.7999999999999999,0.8968353932142015,0.8235294117647057,0.7777777777777777,1.0,0.1818181818181818,0.6666666666666666,1.0,0.9330127018922193,0.7320508075688774,0.06460214309120482,0.24999999999999978,0.0990311320975808,0.8019377358048383,0.7999999999999999,0.8989411949933088,0.8235294117647057,0.7777777777777777,1.0,0.1818181818181818,0.7,0.0,0.9330127018922193,0.7320508075688774,0.021852399266194367,0.3454915028125262,0.5,1.0,0.7999999999999999,0.9010469967724157,0.8235294117647057,0.7777777777777777,1.0,0.1818181818181818,0.7333333333333333,0.16666666666666666,0.9330127018922193,0.7320508075688774,0.0,0.4477357683661729,0.9009688679024191,0.8019377358048384,0.7999999999999999,0.9031331181610645,0.8235294117647057,0.7777777777777777,1.0,0.1818181818181818,0.7666666666666667,0.3333333333333333,0.9330127018922193,0.7320508075688774,0.0,0.5522642316338265,1.0,0.3568958678922095,0.7999999999999999,0.9052192395497127,0.8235294117647057,0.7777777777777777,1.0,0.1818181818181818,0.8,0.5,0.9330127018922193,0.7320508075688774,0.02185239926619431,0.6545084971874736,0.7225209339563144,5.551115123125783e-17,0.7999999999999999,0.9073250413288201,0.8235294117647057,0.7777777777777777,1.0,0.1818181818181818,0.8333333333333334,0.6666666666666666,0.9330127018922193,0.7320508075688774,0.06460214309120454,0.7499999999999997,0.27747906604368566,0.0,0.7999999999999999,0.9093914823270093,0.8235294117647057,0.7777777777777777,1.0,0.1818181818181818,0.8666666666666667,0.8333333333333333,0.9330127018922193,0.7320508075688774,0.12638086253384767,0.8345653031794289,0.0,0.3568958678922094,0.7999999999999999,0.9114776037156576,0.8235294117647057,0.7777777777777777,1.0,0.1818181818181818,0.9,1.0,0.9330127018922193,0.7320508075688774,0.20448853110729381,0.9045084971874737,0.0990311320975808,0.8019377358048383,0.7999999999999999,0.9135243643233881,0.8235294117647057,0.7777777777777777,1.0,0.1818181818181818,0.9333333333333333,0.0,0.9330127018922193,0.7320508075688774,0.2955114688927057,0.9567727288213003,0.5,1.0,0.7999999999999999,0.9155711249311187,0.8235294117647057,0.7777777777777777,1.0,0.1818181818181818,0.9666666666666667,0.16666666666666666,0.9330127018922193,0.7320508075688774,0.39547153673234625,0.9890738003669028,0.9009688679024191,0.8019377358048384,0.8571428571428571,0.917558844367472,0.8823529411764705,0.8333333333333333,1.0,0.1818181818181818,0.9999999999999999,0.3333333333333333,0.9330127018922193,0.7320508075688774,0.4999999999999999,1.0,1.0,0.3568958678922095
0.8571428571428571,0.8013067779264742,0.8823529411764705,0.8333333333333333,1.0,0.0,0.9999999999999999,1.0,0.5,1.0,0.4999999999999999,1.0,0.0990311320975808,0.8019377358048383,0.8571428571428571,0.8032157758009917,0.8823529411764705,0.8333333333333333,1.0,0.09090909090909091,0.0,0.0,0.75,0.9282032302755092,0.5,1.0,0.5,1.0,0.8571428571428571,0.8051247736755096,0.8823529411764705,0.8333333333333333,1.0,0.09090909090909091,0.03333333333333333,0.16666666666666666,0.75,0.9282032302755092,0.6045284632676534,0.9890738003669028,0.9009688679024191,0.8019377358048384,0.8571428571428571,0.8068369676454381,0.8823529411764705,0.8333333333333333,1.0,0.09090909090909091,0.06666666666666668,0.3333333333333333,0.75,0.9282032302755092,0.7044885311072939,0.9567727288213004,1.0,0.3568958678922095,0.8571428571428571,0.8086672439581202,0.8823529411764705,0.8333333333333333,1.0,0.09090909090909091,0.1,0.5,0.75,0.9282032302755092,0.7955114688927061,0.9045084971874737,0.7225209339563144,5.551115123125783e-17,0.8571428571428571,0.8104975202708022,0.8823529411764705,0.8333333333333333,1.0,0.09090909090909091,0.13333333333333333,0.6666666666666666,0.75,0.9282032302755092,0.8736191374661522,0.8345653031794291,0.27747906604368566,0.0,0.8571428571428571,0.8123868377548611,0.8823529411764705,0.8333333333333333,1.0,0.09090909090909091,0.16666666666666669,0.8333333333333333,0.75,0.9282032302755092,0.9353978569087953,0.75,0.0,0.3568958678922094,0.8857142857142858,0.814295835629379,0.8823529411764705,0.8888888888888888,1.0,0.09090909090909091,0.2,1.0,0.75,0.9282032302755092,0.9781476007338057,0.6545084971874737,0.0990311320975808,0.8019377358048383,0.8571428571428571,0.8162245138943556,0.8823529411764705,0.8333333333333333,1.0,0.09090909090909091,0.23333333333333334,0.0,0.75,0.9282032302755092,1.0,0.5522642316338269,0.5,1.0,0.8571428571428571,0.8181925529402503,0.8823529411764705,0.8333333333333333,1.0,0.09090909090909091,0.26666666666666666,0.16666666666666666,0.75,0.9282032302755092,1.0,0.44773576836617335,0.9009688679024191,0.8019377358048384,0.8571428571428571,0.8201212312052273,0.8823529411764705,0.8333333333333333,1.0,0.09090909090909091,0.3,0.3333333333333333,0.75,0.9282032302755092,0.9781476007338057,0.34549150281252633,1.0,0.3568958678922095,0.8571428571428571,0.8221089506415806,0.8823529411764705,0.8333333333333333,1.0,0.09090909090909091,0.3333333333333333,0.5,0.75,0.9282032302755092,0.9353978569087953,0.2500000000000001,0.7225209339563144,5.551115123125783e-17,0.8571428571428571,0.8240573092970163,0.8823529411764705,0.8333333333333333,1.0,0.09090909090909091,0.3666666666666667,0.6666666666666666,0.75,0.9282032302755092,0.8736191374661523,0.16543469682057105,0.27747906604368566,0.0,0.8571428571428571,0.826025348342911,0.8823529411764705,0.8333333333333333,1.0,0.09090909090909091,0.4,0.8333333333333333,0.75,0.9282032302755092,0.7955114688927061,0.09549150281252633,0.0,0.3568958678922094,0.8571428571428571,0.8279933873888057,0.8823529411764705,0.8333333333333333,1.0,0.09090909090909091,0.43333333333333335,1.0,0.75,0.9282032302755092,0.704488531107294,0.04322727117869962,0.0990311320975808,0.8019377358048383,0.8571428571428571,0.8299614264347004,0.8823529411764705,0.8333333333333333,1.0,0.09090909090909091,0.4666666666666667,0.0,0.75,0.9282032302755092,0.6045284632676536,0.010926199633097211,0.5,1.0,0.8571428571428571,0.8319294654805951,0.8823529411764705,0.8333333333333333,1.0,0.09090909090909091,0.5,0.16666666666666666,0.75,0.9282032302755092,0.5000000000000001,0.0,0.9009688679024191,0.8019377358048384,0.8571428571428571,0.8339368653074075,0.8823529411764705,0.8333333333333333,1.0,0.09090909090909091,0.5333333333333333,0.3333333333333333,0.75,0.9282032302755092,0.3954715367323467,0.010926199633097156,1.0,0.3568958678922095,0.8571428571428571,0.8358852239628436,0.8823529411764705,0.8333333333333333,1.0,0.09090909090909091,0.5666666666666667,0.5,0.75,0.9282032302755092,0.29551146889270624,0.043227271178699456,0.7225209339563144,5.551115123125783e-17,0.7999999999999999,0.837892623789656,0.8235294117647057,0.7777777777777777,1.0,0.09090909090909091,0.6,0.6666666666666666,0.75,0.9282032302755092,0.20448853110729398,0.09549150281252627,0.27747906604368566,0.0,0.8571428571428571,0.8398213020546326,0.8823529411764705,0.8333333333333333,1.0,0.09090909090909091,0.6333333333333333,0.8333333333333333,0.75,0.9282032302755092,0.12638086253384795,0.16543469682057077,0.0,0.3568958678922094,0.8857142857142858,0.8417106195386914,0.8823529411764705,0.8888888888888888,1.0,0.09090909090909091,0.6666666666666666,1.0,0.75,0.9282032302755092,0.06460214309120482,0.24999999999999978,0.0990311320975808,0.8019377358048383,0.8571428571428571,0.8436196174132093,0.8823529411764705,0.8333333333333333,1.0,0.09090909090909091,0.7,0.0,0.75,0.9282032302755092,0.021852399266194367,0.3454915028125262,0.5,1.0,0.8571428571428571,0.8455286152877273,0.8823529411764705,0.8333333333333333,1.0,0.09090909090909091,0.7333333333333333,0.16666666666666666,0.75,0.9282032302755092,0.0,0.4477357683661729,0.9009688679024191,0.8019377358048384,0.8571428571428571,0.8473785719908684,0.8823529411764705,0.8333333333333333,1.0,0.09090909090909091,0.7666666666666667,0.3333333333333333,0.75,0.9282032302755092,0.0,0.5522642316338265,1.0,0.3568958678922095,0.8571428571428571,0.849326930646304,0.8823529411764705,0.8333333333333333,1.0,0.09090909090909091,0.8,0.5,0.75,0.9282032302755092,0.02185239926619431,0.6545084971874736,0.7225209339563144,5.551115123125783e-17,0.8571428571428571,0.8513343304731165,0.8823529411764705,0.8333333333333333,1.0,0.09090909090909091,0.8333333333333334,0.6666666666666666,0.75,0.9282032302755092,0.06460214309120454,0.7499999999999997,0.27747906604368566,0.0,0.8571428571428571,0.8532630087380935,0.8823529411764705,0.8333333333333333,1.0,0.09090909090909091,0.8666666666666667,0.8333333333333333,0.75,0.9282032302755092,0.12638086253384767,0.8345653031794289,0.0,0.3568958678922094,0.8571428571428571,0.8552310477839882,0.8823529411764705,0.8333333333333333,1.0,0.09090909090909091,0.9,1.0,0.75,0.9282032302755092,0.20448853110729381,0.9045084971874737,0.0990311320975808,0.8019377358048383,0.8571428571428571,0.8571990868298829,0.8823529411764705,0.8333333333333333,1.0,0.1818181818181818,0.0,0.0,0.9330127018922193,0.7320508075688774,0.5,1.0,0.5,1.0,0.8571428571428571,0.859245847437613,0.8823529411764705,0.8333333333333333,1.0,0.1818181818181818,0.03333333333333333,0.16666666666666666,0.9330127018922193,0.7320508075688774,0.6045284632676534,0.9890738003669028,0.9009688679024191,0.8019377358048384,0.8571428571428571,0.8612926080453436,0.8823529411764705,0.8333333333333333,1.0,0.1818181818181818,0.06666666666666668,0.3333333333333333,0.9330127018922193,0.7320508075688774,0.7044885311072939,0.9567727288213004,1.0,0.3568958678922095,0.8571428571428571,0.863300007872156,0.8823529411764705,0.8333333333333333,1.0,0.1818181818181818,0.13333333333333333,0.6666666666666666,0.9330127018922193,0.7320508075688774,0.8736191374661522,0.8345653031794291,0.27747906604368566,0.0,0.8571428571428571,0.8653467684798866,0.8823529411764705,0.8333333333333333,1.0,0.1818181818181818,0.16666666666666669,0.8333333333333333,0.9330127018922193,0.7320508075688774,0.9353978569087953,0.75,0.0,0.3568958678922094,0.8571428571428571,0.8673935290876171,0.8823529411764705,0.8333333333333333,1.0,0.1818181818181818,0.2,1.0,0.9330127018922193,0.7320508075688774,0.9781476007338057,0.6545084971874737,0.0990311320975808,0.8019377358048383,1.0,0.8694599700858063,0.9999999999999999,1.0,1.0,0.1818181818181818,0.23333333333333334,0.0,0.9330127018922193,0.7320508075688774,1.0,0.5522642316338269,0.5,1.0,1.0,0.871546091474455,0.9999999999999999,1.0,1.0,0.1818181818181818,0.26666666666666666,0.16666666666666666,0.9330127018922193,0.7320508075688774,1.0,0.44773576836617335,0.9009688679024191,0.8019377358048384,0.8571428571428571,0.8736125324726443,0.8823529411764705,0.8333333333333333,1.0,0.1818181818181818,0.3,0.3333333333333333,0.9330127018922193,0.7320508075688774,0.9781476007338057,0.34549150281252633,1.0,0.3568958678922095,1.0,0.8756986538612925,0.9999999999999999,1.0,1.0,0.1818181818181818,0.3333333333333333,0.5,0.9330127018922193,0.7320508075688774,0.9353978569087953,0.2500000000000001,0.7225209339563144,5.551115123125783e-17,0.7999999999999999,0.8777847752499408,0.8235294117647057,0.7777777777777777,1.0,0.1818181818181818,0.3666666666666667,0.6666666666666666,0.9330127018922193,0.7320508075688774,0.8736191374661523,0.16543469682057105,0.27747906604368566,0.0,0.7999999999999999,0.8798512162481305,0.8235294117647057,0.7777777777777777,1.0,0.1818181818181818,0.4,0.8333333333333333,0.9330127018922193,0.7320508075688774,0.7955114688927061,0.09549150281252633,0.0,0.3568958678922094,0.7999999999999999,0.8819963788081555,0.8235294117647057,0.7777777777777777,1.0,0.1818181818181818,0.43333333333333335,1.0,0.9330127018922193,0.7320508075688774,0.704488531107294,0.04322727117869962,0.0990311320975808,0.8019377358048383,0.7999999999999999,0.8841218609777219,0.8235294117647057,0.7777777777777777,1.0,0.1818181818181818,0.4666666666666667,0.0,0.9330127018922193,0.7320508075688774,0.6045284632676536,0.010926199633097211,0.5,1.0,0.7999999999999999,0.8862867039282061,0.8235294117647057,0.7777777777777777,1.0,0.1818181818181818,0.5,0.16666666666666666,0.9330127018922193,0.7320508075688774,0.5000000000000001,0.0,0.9009688679024191,0.8019377358048384,0.7999999999999999,0.8884121860977721,0.8235294117647057,0.7777777777777777,1.0,0.1818181818181818,0.5333333333333333,0.3333333333333333,0.9330127018922193,0.7320508075688774,0.3954715367323467,0.010926199633097156,1.0,0.3568958678922095,0.7999999999999999,0.8905179878768794,0.8235294117647057,0.7777777777777777,1.0,0.1818181818181818,0.5666666666666667,0.5,0.9330127018922193,0.7320508075688774,0.29551146889270624,0.043227271178699456,0.7225209339563144,5.551115123125783e-17,0.7999999999999999,0.8926041092655277,0.8235294117647057,0.7777777777777777,1.0,0.1818181818181818,0.6,0.6666666666666666,0.9330127018922193,0.7320508075688774,0.20448853110729398,0.09549150281252627,0.27747906604368566,0.0,0.7999999999999999,0.894690230654176,0.8235294117647057,0.7777777777777777,1.0,0.1818181818181818,0.6333333333333333,0.8333333333333333,0.9330127018922193,0.7320508075688774,0.12638086253384795,0.16543469682057077,0.0,0.3568958678922094,0.7999999999999999,0.8968353932142015,0.8235294117647057,0.7777777777777777,1.0,0.1818181818181818,0.6666666666666666,1.0,0.9330127018922193,0.7320508075688774,0.06460214309120482,0.24999999999999978,0.0990311320975808,0.8019377358048383,0.7999999999999999,0.8989411949933088,0.8235294117647057,0.7777777777777777,1.0,0.1818181818181818,0.7,0.0,0.9330127018922193,0.7320508075688774,0.021852399266194367,0.3454915028125262,0.5,1.0,0.7999999999999999,0.9010469967724157,0.8235294117647057,0.7777777777777777,1.0,0.1818181818181818,0.7333333333333333,0.16666666666666666,0.9330127018922193,0.7320508075688774,0.0,0.4477357683661729,0.9009688679024191,0.8019377358048384,0.7999999999999999,0.9031331181610645,0.8235294117647057,0.7777777777777777,1.0,0.1818181818181818,0.7666666666666667,0.3333333333333333,0.9330127018922193,0.7320508075688774,0.0,0.5522642316338265,1.0,0.3568958678922095,0.7999999999999999,0.9052192395497127,0.8235294117647057,0.7777777777777777,1.0,0.1818181818181818,0.8,0.5,0.9330127018922193,0.7320508075688774,0.02185239926619431,0.6545084971874736,0.7225209339563144,5.551115123125783e-17,0.7999999999999999,0.9073250413288201,0.8235294117647057,0.7777777777777777,1.0,0.1818181818181818,0.8333333333333334,0.6666666666666666,0.9330127018922193,0.7320508075688774,0.06460214309120454,0.7499999999999997,0.27747906604368566,0.0,0.7999999999999999,0.9093914823270093,0.8235294117647057,0.7777777777777777,1.0,0.1818181818181818,0.8666666666666667,0.8333333333333333,0.9330127018922193,0.7320508075688774,0.12638086253384767,0.8345653031794289,0.0,0.3568958678922094,0.7999999999999999,0.9114776037156576,0.8235294117647057,0.7777777777777777,1.0,0.1818181818181818,0.9,1.0,0.9330127018922193,0.7320508075688774,0.20448853110729381,0.9045084971874737,0.0990311320975808,0.8019377358048383,0.7999999999999999,0.9135243643233881,0.8235294117647057,0.7777777777777777,1.0,0.1818181818181818,0.9333333333333333,0.0,0.9330127018922193,0.7320508075688774,0.2955114688927057,0.9567727288213003,0.5,1.0,0.7999999999999999,0.9155711249311187,0.8235294117647057,0.7777777777777777,1.0,0.1818181818181818,0.9666666666666667,0.16666666666666666,0.9330127018922193,0.7320508075688774,0.39547153673234625,0.9890738003669028,0.9009688679024191,0.8019377358048384,0.8571428571428571,0.917558844367472,0.8823529411764705,0.8333333333333333,1.0,0.1818181818181818,0.9999999999999999,0.3333333333333333,0.9330127018922193,0.7320508075688774,0.4999999999999999,1.0,1.0,0.3568958678922095,0.8571428571428571,0.9195662441942849,0.8823529411764705,0.8333333333333333,1.0,0.2727272727272727,0.0,0.5,1.0,0.4641016151377547,0.5,1.0,0.7225209339563144,5.551115123125783e-17
0.8571428571428571,0.8032157758009917,0.8823529411764705,0.8333333333333333,1.0,0.09090909090909091,0.0,0.0,0.75,0.9282032302755092,0.5,1.0,0.5,1.0,0.8571428571428571,0.8051247736755096,0.8823529411764705,0.8333333333333333,1.0,0.09090909090909091,0.03333333333333333,0.16666666666666666,0.75,0.9282032302755092,0.6045284632676534,0.9890738003669028,0.9009688679024191,0.8019377358048384,0.8571428571428571,0.8068369676454381,0.8823529411764705,0.8333333333333333,1.0,0.09090909090909091,0.06666666666666668,0.3333333333333333,0.75,0.9282032302755092,0.7044885311072939,0.9567727288213004,1.0,0.3568958678922095,0.8571428571428571,0.8086672439581202,0.8823529411764705,0.8333333333333333,1.0,0.09090909090909091,0.1,0.5,0.75,0.9282032302755092,0.7955114688927061,0.9045084971874737,0.7225209339563144,5.551115123125783e-17,0.8571428571428571,0.8104975202708022,0.8823529411764705,0.8333333333333333,1.0,0.09090909090909091,0.13333333333333333,0.6666666666666666,0.75,0.9282032302755092,0.8736191374661522,0.8345653031794291,0.27747906604368566,0.0,0.8571428571428571,0.8123868377548611,0.8823529411764705,0.8333333333333333,1.0,0.09090909090909091,0.16666666666666669,0.8333333333333333,0.75,0.9282032302755092,0.9353978569087953,0.75,0.0,0.3568958678922094,0.8857142857142858,0.814295835629379,0.8823529411764705,0.8888888888888888,1.0,0.09090909090909091,0.2,1.0,0.75,0.9282032302755092,0.9781476007338057,0.6545084971874737,0.0990311320975808,0.8019377358048383,0.8571428571428571,0.8162245138943556,0.8823529411764705,0.8333333333333333,1.0,0.09090909090909091,0.23333333333333334,0.0,0.75,0.9282032302755092,1.0,0.5522642316338269,0.5,1.0,0.8571428571428571,0.8181925529402503,0.8823529411764705,0.8333333333333333,1.0,0.09090909090909091,0.26666666666666666,0.16666666666666666,0.75,0.9282032302755092,1.0,0.44773576836617335,0.9009688679024191,0.8019377358048384,0.8571428571428571,0.8201212312052273,0.8823529411764705,0.8333333333333333,1.0,0.09090909090909091,0.3,0.3333333333333333,0.75,0.9282032302755092,0.9781476007338057,0.34549150281252633,1.0,0.3568958678922095,0.8571428571428571,0.8221089506415806,0.8823529411764705,0.8333333333333333,1.0,0.09090909090909091,0.3333333333333333,0.5,0.75,0.9282032302755092,0.9353978569087953,0.2500000000000001,0.7225209339563144,5.551115123125783e-17,0.8571428571428571,0.8240573092970163,0.8823529411764705,0.8333333333333333,1.0,0.09090909090909091,0.3666666666666667,0.6666666666666666,0.75,0.9282032302755092,0.8736191374661523,0.16543469682057105,0.27747906604368566,0.0,0.8571428571428571,0.826025348342911,0.8823529411764705,0.8333333333333333,1.0,0.09090909090909091,0.4,0.8333333333333333,0.75,0.9282032302755092,0.7955114688927061,0.09549150281252633,0.0,0.3568958678922094,0.8571428571428571,0.8279933873888057,0.8823529411764705,0.8333333333333333,1.0,0.09090909090909091,0.43333333333333335,1.0,0.75,0.9282032302755092,0.704488531107294,0.04322727117869962,0.0990311320975808,0.8019377358048383,0.8571428571428571,0.8299614264347004,0.8823529411764705,0.8333333333333333,1.0,0.09090909090909091,0.4666666666666667,0.0,0.75,0.9282032302755092,0.6045284632676536,0.010926199633097211,0.5,1.0,0.8571428571428571,0.8319294654805951,0.8823529411764705,0.8333333333333333,1.0,0.09090909090909091,0.5,0.16666666666666666,0.75,0.9282032302755092,0.5000000000000001,0.0,0.9009688679024191,0.8019377358048384,0.8571428571428571,0.8339368653074075,0.8823529411764705,0.8333333333333333,1.0,0.09090909090909091,0.5333333333333333,0.3333333333333333,0.75,0.9282032302755092,0.3954715367323467,0.010926199633097156,1.0,0.3568958678922095,0.8571428571428571,0.8358852239628436,0.8823529411764705,0.8333333333333333,1.0,0.09090909090909091,0.5666666666666667,0.5,0.75,0.9282032302755092,0.29551146889270624,0.043227271178699456,0.7225209339563144,5.551115123125783e-17,0.7999999999999999,0.837892623789656,0.8235294117647057,0.7777777777777777,1.0,0.09090909090909091,0.6,0.6666666666666666,0.75,0.9282032302755092,0.20448853110729398,0.09549150281252627,0.27747906604368566,0.0,0.8571428571428571,0.8398213020546326,0.8823529411764705,0.8333333333333333,1.0,0.09090909090909091,0.6333333333333333,0.8333333333333333,0.75,0.9282032302755092,0.12638086253384795,0.16543469682057077,0.0,0.3568958678922094,0.8857142857142858,0.8417106195386914,0.8823529411764705,0.8888888888888888,1.0,0.09090909090909091,0.6666666666666666,1.0,0.75,0.9282032302755092,0.06460214309120482,0.24999999999999978,0.0990311320975808,0.8019377358048383,0.8571428571428571,0.8436196174132093,0.8823529411764705,0.8333333333333333,1.0,0.09090909090909091,0.7,0.0,0.75,0.9282032302755092,0.021852399266194367,0.3454915028125262,0.5,1.0,0.8571428571428571,0.8455286152877273,0.8823529411764705,0.8333333333333333,1.0,0.09090909090909091,0.7333333333333333,0.16666666666666666,0.75,0.9282032302755092,0.0,0.4477357683661729,0.9009688679024191,0.8019377358048384,0.8571428571428571,0.8473785719908684,0.8823529411764705,0.8333333333333333,1.0,0.09090909090909091,0.7666666666666667,0.3333333333333333,0.75,0.9282032302755092,0.0,0.5522642316338265,1.0,0.3568958678922095,0.8571428571428571,0.849326930646304,0.8823529411764705,0.8333333333333333,1.0,0.09090909090909091,0.8,0.5,0.75,0.9282032302755092,0.02185239926619431,0.6545084971874736,0.7225209339563144,5.551115123125783e-17,0.8571428571428571,0.8513343304731165,0.8823529411764705,0.8333333333333333,1.0,0.09090909090909091,0.8333333333333334,0.6666666666666666,0.75,0.9282032302755092,0.06460214309120454,0.7499999999999997,0.27747906604368566,0.0,0.8571428571428571,0.8532630087380935,0.8823529411764705,0.8333333333333333,1.0,0.09090909090909091,0.8666666666666667,0.8333333333333333,0.75,0.9282032302755092,0.12638086253384767,0.8345653031794289,0.0,0.3568958678922094,0.8571428571428571,0.8552310477839882,0.8823529411764705,0.8333333333333333,1.0,0.09090909090909091,0.9,1.0,0.75,0.9282032302755092,0.20448853110729381,0.9045084971874737,0.0990311320975808,0.8019377358048383,0.8571428571428571,0.8571990868298829,0.8823529411764705,0.8333333333333333,1.0,0.1818181818181818,0.0,0.0,0.9330127018922193,0.7320508075688774,0.5,1.0,0.5,1.0,0.8571428571428571,0.859245847437613,0.8823529411764705,0.8333333333333333,1.0,0.1818181818181818,0.03333333333333333,0.16666666666666666,0.9330127018922193,0.7320508075688774,0.6045284632676534,0.9890738003669028,0.9009688679024191,0.8019377358048384,0.8571428571428571,0.8612926080453436,0.8823529411764705,0.8333333333333333,1.0,0.1818181818181818,0.06666666666666668,0.3333333333333333,0.9330127018922193,0.7320508075688774,0.7044885311072939,0.9567727288213004,1.0,0.3568958678922095,0.8571428571428571,0.863300007872156,0.8823529411764705,0.8333333333333333,1.0,0.1818181818181818,0.13333333333333333,0.6666666666666666,0.9330127018922193,0.7320508075688774,0.8736191374661522,0.8345653031794291,0.27747906604368566,0.0,0.8571428571428571,0.8653467684798866,0.8823529411764705,0.8333333333333333,1.0,0.1818181818181818,0.16666666666666669,0.8333333333333333,0.9330127018922193,0.7320508075688774,0.9353978569087953,0.75,0.0,0.3568958678922094,0.8571428571428571,0.8673935290876171,0.8823529411764705,0.8333333333333333,1.0,0.1818181818181818,0.2,1.0,0.9330127018922193,0.7320508075688774,0.9781476007338057,0.6545084971874737,0.0990311320975808,0.8019377358048383,1.0,0.8694599700858063,0.9999999999999999,1.0,1.0,0.1818181818181818,0.23333333333333334,0.0,0.9330127018922193,0.7320508075688774,1.0,0.5522642316338269,0.5,1.0,1.0,0.871546091474455,0.9999999999999999,1.0,1.0,0.1818181818181818,0.26666666666666666,0.16666666666666666,0.9330127018922193,0.7320508075688774,1.0,0.44773576836617335,0.9009688679024191,0.8019377358048384,0.8571428571428571,0.8736125324726443,0.8823529411764705,0.8333333333333333,1.0,0.1818181818181818,0.3,0.3333333333333333,0.9330127018922193,0.7320508075688774,0.9781476007338057,0.34549150281252633,1.0,0.3568958678922095,1.0,0.8756986538612925,0.9999999999999999,1.0,1.0,0.1818181818181818,0.3333333333333333,0.5,0.9330127018922193,0.7320508075688774,0.9353978569087953,0.2500000000000001,0.7225209339563144,5.551115123125783e-17,0.7999999999999999,0.8777847752499408,0.8235294117647057,0.7777777777777777,1.0,0.1818181818181818,0.3666666666666667,0.6666666666666666,0.9330127018922193,0.7320508075688774,0.8736191374661523,0.16543469682057105,0.27747906604368566,0.0,0.7999999999999999,0.8798512162481305,0.8235294117647057,0.7777777777777777,1.0,0.1818181818181818,0.4,0.8333333333333333,0.9330127018922193,0.7320508075688774,0.7955114688927061,0.09549150281252633,0.0,0.3568958678922094,0.7999999999999999,0.8819963788081555,0.8235294117647057,0.7777777777777777,1.0,0.1818181818181818,0.43333333333333335,1.0,0.9330127018922193,0.7320508075688774,0.704488531107294,0.04322727117869962,0.0990311320975808,0.8019377358048383,0.7999999999999999,0.8841218609777219,0.8235294117647057,0.7777777777777777,1.0,0.1818181818181818,0.4666666666666667,0.0,0.9330127018922193,0.7320508075688774,0.6045284632676536,0.010926199633097211,0.5,1.0,0.7999999999999999,0.8862867039282061,0.8235294117647057,0.7777777777777777,1.0,0.1818181818181818,0.5,0.16666666666666666,0.9330127018922193,0.7320508075688774,0.5000000000000001,0.0,0.9009688679024191,0.8019377358048384,0.7999999999999999,0.8884121860977721,0.8235294117647057,0.7777777777777777,1.0,0.1818181818181818,0.5333333333333333,0.3333333333333333,0.9330127018922193,0.7320508075688774,0.3954715367323467,0.010926199633097156,1.0,0.3568958678922095,0.7999999999999999,0.8905179878768794,0.8235294117647057,0.7777777777777777,1.0,0.1818181818181818,0.5666666666666667,0.5,0.9330127018922193,0.7320508075688774,0.29551146889270624,0.043227271178699456,0.7225209339563144,5.551115123125783e-17,0.7999999999999999,0.8926041092655277,0.8235294117647057,0.7777777777777777,1.0,0.1818181818181818,0.6,0.6666666666666666,0.9330127018922193,0.7320508075688774,0.20448853110729398,0.09549150281252627,0.27747906604368566,0.0,0.7999999999999999,0.894690230654176,0.8235294117647057,0.7777777777777777,1.0,0.1818181818181818,0.6333333333333333,0.8333333333333333,0.9330127018922193,0.7320508075688774,0.12638086253384795,0.16543469682057077,0.0,0.3568958678922094,0.7999999999999999,0.8968353932142015,0.8235294117647057,0.7777777777777777,1.0,0.1818181818181818,0.6666666666666666,1.0,0.9330127018922193,0.7320508075688774,0.06460214309120482,0.24999999999999978,0.0990311320975808,0.8019377358048383,0.7999999999999999,0.8989411949933088,0.8235294117647057,0.7777777777777777,1.0,0.1818181818181818,0.7,0.0,0.9330127018922193,0.7320508075688774,0.021852399266194367,0.3454915028125262,0.5,1.0,0.7999999999999999,0.9010469967724157,0.8235294117647057,0.7777777777777777,1.0,0.1818181818181818,0.7333333333333333,0.16666666666666666,0.9330127018922193,0.7320508075688774,0.0,0.4477357683661729,0.9009688679024191,0.8019377358048384,0.7999999999999999,0.9031331181610645,0.8235294117647057,0.7777777777777777,1.0,0.1818181818181818,0.7666666666666667,0.3333333333333333,0.9330127018922193,0.7320508075688774,0.0,0.5522642316338265,1.0,0.3568958678922095,0.7999999999999999,0.9052192395497127,0.8235294117647057,0.7777777777777777,1.0,0.1818181818181818,0.8,0.5,0.9330127018922193,0.7320508075688774,0.02185239926619431,0.6545084971874736,0.7225209339563144,5.551115123125783e-17,0.7999999999999999,0.9073250413288201,0.8235294117647057,0.7777777777777777,1.0,0.1818181818181818,0.8333333333333334,0.6666666666666666,0.9330127018922193,0.7320508075688774,0.06460214309120454,0.7499999999999997,0.27747906604368566,0.0,0.7999999999999999,0.9093914823270093,0.8235294117647057,0.7777777777777777,1.0,0.1818181818181818,0.8666666666666667,0.8333333333333333,0.9330127018922193,0.7320508075688774,0.12638086253384767,0.8345653031794289,0.0,0.3568958678922094,0.7999999999999999,0.9114776037156576,0.8235294117647057,0.7777777777777777,1.0,0.1818181818181818,0.9,1.0,0.9330127018922193,0.7320508075688774,0.20448853110729381,0.9045084971874737,0.0990311320975808,0.8019377358048383,0.7999999999999999,0.9135243643233881,0.8235294117647057,0.7777777777777777,1.0,0.1818181818181818,0.9333333333333333,0.0,0.9330127018922193,0.7320508075688774,0.2955114688927057,0.9567727288213003,0.5,1.0,0.7999999999999999,0.9155711249311187,0.8235294117647057,0.7777777777777777,1.0,0.1818181818181818,0.9666666666666667,0.16666666666666666,0.9330127018922193,0.7320508075688774,0.39547153673234625,0.9890738003669028,0.9009688679024191,0.8019377358048384,0.8571428571428571,0.917558844367472,0.8823529411764705,0.8333333333333333,1.0,0.1818181818181818,0.9999999999999999,0.3333333333333333,0.9330127018922193,0.7320508075688774,0.4999999999999999,1.0,1.0,0.3568958678922095,0.8571428571428571,0.9195662441942849,0.8823529411764705,0.8333333333333333,1.0,0.2727272727272727,0.0,0.5,1.0,0.4641016151377547,0.5,1.0,0.7225209339563144,5.551115123125783e-17,0.8571428571428571,0.9215146028497205,0.8823529411764705,0.8333333333333333,1.0,0.2727272727272727,0.03333333333333333,0.6666666666666666,1.0,0.4641016151377547,0.6045284632676534,0.9890738003669028,0.27747906604368566,0.0
0.8571428571428571,0.8051247736755096,0.8823529411764705,0.8333333333333333,1.0,0.09090909090909091,0.03333333333333333,0.16666666666666666,0.75,0.9282032302755092,0.6045284632676534,0.9890738003669028,0.9009688679024191,0.8019377358048384,0.8571428571428571,0.8068369676454381,0.8823529411764705,0.8333333333333333,1.0,0.09090909090909091,0.06666666666666668,0.3333333333333333,0.75,0.9282032302755092,0.7044885311072939,0.9567727288213004,1.0,0.3568958678922095,0.8571428571428571,0.8086672439581202,0.8823529411764705,0.8333333333333333,1.0,0.09090909090909091,0.1,0.5,0.75,0.9282032302755092,0.7955114688927061,0.9045084971874737,0.7225209339563144,5.551115123125783e-17,0.8571428571428571,0.8104975202708022,0.8823529411764705,0.8333333333333333,1.0,0.09090909090909091,0.13333333333333333,0.6666666666666666,0.75,0.9282032302755092,0.8736191374661522,0.8345653031794291,0.27747906604368566,0.0,0.8571428571428571,0.8123868377548611,0.8823529411764705,0.8333333333333333,1.0,0.09090909090909091,0.16666666666666669,0.8333333333333333,0.75,0.9282032302755092,0.9353978569087953,0.75,0.0,0.3568958678922094,0.8857142857142858,0.814295835629379,0.8823529411764705,0.8888888888888888,1.0,0.09090909090909091,0.2,1.0,0.75,0.9282032302755092,0.9781476007338057,0.6545084971874737,0.0990311320975808,0.8019377358048383,0.8571428571428571,0.8162245138943556,0.8823529411764705,0.8333333333333333,1.0,0.09090909090909091,0.23333333333333334,0.0,0.75,0.9282032302755092,1.0,0.5522642316338269,0.5,1.0,0.8571428571428571,0.8181925529402503,0.8823529411764705,0.8333333333333333,1.0,0.09090909090909091,0.26666666666666666,0.16666666666666666,0.75,0.9282032302755092,1.0,0.44773576836617335,0.9009688679024191,0.8019377358048384,0.8571428571428571,0.8201212312052273,0.8823529411764705,0.8333333333333333,1.0,0.09090909090909091,0.3,0.3333333333333333,0.75,0.9282032302755092,0.9781476007338057,0.34549150281252633,1.0,0.3568958678922095,0.8571428571428571,0.8221089506415806,0.8823529411764705,0.8333333333333333,1.0,0.09090909090909091,0.3333333333333333,0.5,0.75,0.9282032302755092,0.9353978569087953,0.2500000000000001,0.7225209339563144,5.551115123125783e-17,0.8571428571428571,0.8240573092970163,0.8823529411764705,0.8333333333333333,1.0,0.09090909090909091,0.3666666666666667,0.6666666666666666,0.75,0.9282032302755092,0.8736191374661523,0.16543469682057105,0.27747906604368566,0.0,0.8571428571428571,0.826025348342911,0.8823529411764705,0.8333333333333333,1.0,0.09090909090909091,0.4,0.8333333333333333,0.75,0.9282032302755092,0.7955114688927061,0.09549150281252633,0.0,0.3568958678922094,0.8571428571428571,0.8279933873888057,0.8823529411764705,0.8333333333333333,1.0,0.09090909090909091,0.43333333333333335,1.0,0.75,0.9282032302755092,0.704488531107294,0.04322727117869962,0.0990311320975808,0.8019377358048383,0.8571428571428571,0.8299614264347004,0.8823529411764705,0.8333333333333333,1.0,0.09090909090909091,0.4666666666666667,0.0,0.75,0.9282032302755092,0.6045284632676536,0.010926199633097211,0.5,1.0,0.8571428571428571,0.8319294654805951,0.8823529411764705,0.8333333333333333,1.0,0.09090909090909091,0.5,0.16666666666666666,0.75,0.9282032302755092,0.5000000000000001,0.0,0.9009688679024191,0.8019377358048384,0.8571428571428571,0.8339368653074075,0.8823529411764705,0.8333333333333333,1.0,0.09090909090909091,0.5333333333333333,0.3333333333333333,0.75,0.9282032302755092,0.3954715367323467,0.010926199633097156,1.0,0.3568958678922095,0.8571428571428571,0.8358852239628436,0.8823529411764705,0.8333333333333333,1.0,0.09090909090909091,0.5666666666666667,0.5,0.75,0.9282032302755092,0.29551146889270624,0.043227271178699456,0.7225209339563144,5.551115123125783e-17,0.7999999999999999,0.837892623789656,0.8235294117647057,0.7777777777777777,1.0,0.09090909090909091,0.6,0.6666666666666666,0.75,0.9282032302755092,0.20448853110729398,0.09549150281252627,0.27747906604368566,0.0,0.8571428571428571,0.8398213020546326,0.8823529411764705,0.8333333333333333,1.0,0.09090909090909091,0.6333333333333333,0.8333333333333333,0.75,0.9282032302755092,0.12638086253384795,0.16543469682057077,0.0,0.3568958678922094,0.8857142857142858,0.8417106195386914,0.8823529411764705,0.8888888888888888,1.0,0.09090909090909091,0.6666666666666666,1.0,0.75,0.9282032302755092,0.06460214309120482,0.24999999999999978,0.0990311320975808,0.8019377358048383,0.8571428571428571,0.8436196174132093,0.8823529411764705,0.8333333333333333,1.0,0.09090909090909091,0.7,0.0,0.75,0.9282032302755092,0.021852399266194367,0.3454915028125262,0.5,1.0,0.8571428571428571,0.8455286152877273,0.8823529411764705,0.8333333333333333,1.0,0.09090909090909091,0.7333333333333333,0.16666666666666666,0.75,0.9282032302755092,0.0,0.4477357683661729,0.9009688679024191,0.8019377358048384,0.8571428571428571,0.8473785719908684,0.8823529411764705,0.8333333333333333,1.0,0.09090909090909091,0.7666666666666667,0.3333333333333333,0.75,0.9282032302755092,0.0,0.5522642316338265,1.0,0.3568958678922095,0.8571428571428571,0.849326930646304,0.8823529411764705,0.8333333333333333,1.0,0.09090909090909091,0.8,0.5,0.75,0.9282032302755092,0.02185239926619431,0.6545084971874736,0.7225209339563144,5.551115123125783e-17,0.8571428571428571,0.8513343304731165,0.8823529411764705,0.8333333333333333,1.0,0.09090909090909091,0.8333333333333334,0.6666666666666666,0.75,0.9282032302755092,0.06460214309120454,0.7499999999999997,0.27747906604368566,0.0,0.8571428571428571,0.8532630087380935,0.8823529411764705,0.8333333333333333,1.0,0.09090909090909091,0.8666666666666667,0.8333333333333333,0.75,0.9282032302755092,0.12638086253384767,0.8345653031794289,0.0,0.3568958678922094,0.8571428571428571,0.8552310477839882,0.8823529411764705,0.8333333333333333,1.0,0.09090909090909091,0.9,1.0,0.75,0.9282032302755092,0.20448853110729381,0.9045084971874737,0.0990311320975808,0.8019377358048383,0.8571428571428571,0.8571990868298829,0.8823529411764705,0.8333333333333333,1.0,0.1818181818181818,0.0,0.0,0.9330127018922193,0.7320508075688774,0.5,1.0,0.5,1.0,0.8571428571428571,0.859245847437613,0.8823529411764705,0.8333333333333333,1.0,0.1818181818181818,0.03333333333333333,0.16666666666666666,0.9330127018922193,0.7320508075688774,0.6045284632676534,0.9890738003669028,0.9009688679024191,0.8019377358048384,0.8571428571428571,0.8612926080453436,0.8823529411764705,0.8333333333333333,1.0,0.1818181818181818,0.06666666666666668,0.3333333333333333,0.9330127018922193,0.7320508075688774,0.7044885311072939,0.9567727288213004,1.0,0.3568958678922095,0.8571428571428571,0.863300007872156,0.8823529411764705,0.8333333333333333,1.0,0.1818181818181818,0.13333333333333333,0.6666666666666666,0.9330127018922193,0.7320508075688774,0.8736191374661522,0.8345653031794291,0.27747906604368566,0.0,0.8571428571428571,0.8653467684798866,0.8823529411764705,0.8333333333333333,1.0,0.1818181818181818,0.16666666666666669,0.8333333333333333,0.9330127018922193,0.7320508075688774,0.9353978569087953,0.75,0.0,0.3568958678922094,0.8571428571428571,0.8673935290876171,0.8823529411764705,0.8333333333333333,1.0,0.1818181818181818,0.2,1.0,0.9330127018922193,0.7320508075688774,0.9781476007338057,0.6545084971874737,0.0990311320975808,0.8019377358048383,1.0,0.8694599700858063,0.9999999999999999,1.0,1.0,0.1818181818181818,0.23333333333333334,0.0,0.9330127018922193,0.7320508075688774,1.0,0.5522642316338269,0.5,1.0,1.0,0.871546091474455,0.9999999999999999,1.0,1.0,0.1818181818181818,0.26666666666666666,0.16666666666666666,0.9330127018922193,0.7320508075688774,1.0,0.44773576836617335,0.9009688679024191,0.8019377358048384,0.8571428571428571,0.8736125324726443,0.8823529411764705,0.8333333333333333,1.0,0.1818181818181818,0.3,0.3333333333333333,0.9330127018922193,0.7320508075688774,0.9781476007338057,0.34549150281252633,1.0,0.3568958678922095,1.0,0.8756986538612925,0.9999999999999999,1.0,1.0,0.1818181818181818,0.3333333333333333,0.5,0.9330127018922193,0.7320508075688774,0.9353978569087953,0.2500000000000001,0.7225209339563144,5.551115123125783e-17,0.7999999999999999,0.8777847752499408,0.8235294117647057,0.7777777777777777,1.0,0.1818181818181818,0.3666666666666667,0.6666666666666666,0.9330127018922193,0.7320508075688774,0.8736191374661523,0.16543469682057105,0.27747906604368566,0.0,0.7999999999999999,0.8798512162481305,0.8235294117647057,0.7777777777777777,1.0,0.1818181818181818,0.4,0.8333333333333333,0.9330127018922193,0.7320508075688774,0.7955114688927061,0.09549150281252633,0.0,0.3568958678922094,0.7999999999999999,0.8819963788081555,0.8235294117647057,0.7777777777777777,1.0,0.1818181818181818,0.43333333333333335,1.0,0.9330127018922193,0.7320508075688774,0.704488531107294,0.04322727117869962,0.0990311320975808,0.8019377358048383,0.7999999999999999,0.8841218609777219,0.8235294117647057,0.7777777777777777,1.0,0.1818181818181818,0.4666666666666667,0.0,0.9330127018922193,0.7320508075688774,0.6045284632676536,0.010926199633097211,0.5,1.0,0.7999999999999999,0.8862867039282061,0.8235294117647057,0.7777777777777777,1.0,0.1818181818181818,0.5,0.16666666666666666,0.9330127018922193,0.7320508075688774,0.5000000000000001,0.0,0.9009688679024191,0.8019377358048384,0.7999999999999999,0.8884121860977721,0.8235294117647057,0.7777777777777777,1.0,0.1818181818181818,0.5333333333333333,0.3333333333333333,0.9330127018922193,0.7320508075688774,0.3954715367323467,0.010926199633097156,1.0,0.3568958678922095,0.7999999999999999,0.8905179878768794,0.8235294117647057,0.7777777777777777,1.0,0.1818181818181818,0.5666666666666667,0.5,0.9330127018922193,0.7320508075688774,0.29551146889270624,0.043227271178699456,0.7225209339563144,5.551115123125783e-17,0.7999999999999999,0.8926041092655277,0.8235294117647057,0.7777777777777777,1.0,0.1818181818181818,0.6,0.6666666666666666,0.9330127018922193,0.7320508075688774,0.20448853110729398,0.09549150281252627,0.27747906604368566,0.0,0.7999999999999999,0.894690230654176,0.8235294117647057,0.7777777777777777,1.0,0.1818181818181818,0.6333333333333333,0.8333333333333333,0.9330127018922193,0.7320508075688774,0.12638086253384795,0.16543469682057077,0.0,0.3568958678922094,0.7999999999999999,0.8968353932142015,0.8235294117647057,0.7777777777777777,1.0,0.1818181818181818,0.6666666666666666,1.0,0.9330127018922193,0.7320508075688774,0.06460214309120482,0.24999999999999978,0.0990311320975808,0.8019377358048383,0.7999999999999999,0.8989411949933088,0.8235294117647057,0.7777777777777777,1.0,0.1818181818181818,0.7,0.0,0.9330127018922193,0.7320508075688774,0.021852399266194367,0.3454915028125262,0.5,1.0,0.7999999999999999,0.9010469967724157,0.8235294117647057,0.7777777777777777,1.0,0.1818181818181818,0.7333333333333333,0.16666666666666666,0.9330127018922193,0.7320508075688774,0.0,0.4477357683661729,0.9009688679024191,0.8019377358048384,0.7999999999999999,0.9031331181610645,0.8235294117647057,0.7777777777777777,1.0,0.1818181818181818,0.7666666666666667,0.3333333333333333,0.9330127018922193,0.7320508075688774,0.0,0.5522642316338265,1.0,0.3568958678922095,0.7999999999999999,0.9052192395497127,0.8235294117647057,0.7777777777777777,1.0,0.1818181818181818,0.8,0.5,0.9330127018922193,0.7320508075688774,0.02185239926619431,0.6545084971874736,0.7225209339563144,5.551115123125783e-17,0.7999999999999999,0.9073250413288201,0.8235294117647057,0.7777777777777777,1.0,0.1818181818181818,0.8333333333333334,0.6666666666666666,0.9330127018922193,0.7320508075688774,0.06460214309120454,0.7499999999999997,0.27747906604368566,0.0,0.7999999999999999,0.9093914823270093,0.8235294117647057,0.7777777777777777,1.0,0.1818181818181818,0.8666666666666667,0.8333333333333333,0.9330127018922193,0.7320508075688774,0.12638086253384767,0.8345653031794289,0.0,0.3568958678922094,0.7999999999999999,0.9114776037156576,0.8235294117647057,0.7777777777777777,1.0,0.1818181818181818,0.9,1.0,0.9330127018922193,0.7320508075688774,0.20448853110729381,0.9045084971874737,0.0990311320975808,0.8019377358048383,0.7999999999999999,0.9135243643233881,0.8235294117647057,0.7777777777777777,1.0,0.1818181818181818,0.9333333333333333,0.0,0.9330127018922193,0.7320508075688774,0.2955114688927057,0.9567727288213003,0.5,1.0,0.7999999999999999,0.9155711249311187,0.8235294117647057,0.7777777777777777,1.0,0.1818181818181818,0.9666666666666667,0.16666666666666666,0.9330127018922193,0.7320508075688774,0.39547153673234625,0.9890738003669028,0.9009688679024191,0.8019377358048384,0.8571428571428571,0.917558844367472,0.8823529411764705,0.8333333333333333,1.0,0.1818181818181818,0.9999999999999999,0.3333333333333333,0.9330127018922193,0.7320508075688774,0.4999999999999999,1.0,1.0,0.3568958678922095,0.8571428571428571,0.9195662441942849,0.8823529411764705,0.8333333333333333,1.0,0.2727272727272727,0.0,0.5,1.0,0.4641016151377547,0.5,1.0,0.7225209339563144,5.551115123125783e-17,0.8571428571428571,0.9215146028497205,0.8823529411764705,0.8333333333333333,1.0,0.2727272727272727,0.03333333333333333,0.6666666666666666,1.0,0.4641016151377547,0.6045284632676534,0.9890738003669028,0.27747906604368566,0.0,0.8571428571428571,0.9235810438479097,0.8823529411764705,0.8333333333333333,1.0,0.2727272727272727,0.06666666666666668,0.8333333333333333,1.0,0.4641016151377547,0.7044885311072939,0.9567727288213004,0.0,0.3568958678922094
0.8571428571428571,0.8068369676454381,0.8823529411764705,0.8333333333333333,1.0,0.09090909090909091,0.06666666666666668,0.3333333333333333,0.75,0.9282032302755092,0.7044885311072939,0.9567727288213004,1.0,0.3568958678922095,0.8571428571428571,0.8086672439581202,0.8823529411764705,0.8333333333333333,1.0,0.09090909090909091,0.1,0.5,0.75,0.9282032302755092,0.7955114688927061,0.9045084971874737,0.7225209339563144,5.551115123125783e-17,0.8571428571428571,0.8104975202708022,0.8823529411764705,0.8333333333333333,1.0,0.09090909090909091,0.13333333333333333,0.6666666666666666,0.75,0.9282032302755092,0.8736191374661522,0.8345653031794291,0.27747906604368566,0.0,0.8571428571428571,0.8123868377548611,0.8823529411764705,0.8333333333333333,1.0,0.09090909090909091,0.16666666666666669,0.8333333333333333,0.75,0.9282032302755092,0.9353978569087953,0.75,0.0,0.3568958678922094,0.8857142857142858,0.814295835629379,0.8823529411764705,0.8888888888888888,1.0,0.09090909090909091,0.2,1.0,0.75,0.9282032302755092,0.9781476007338057,0.6545084971874737,0.0990311320975808,0.8019377358048383,0.8571428571428571,0.8162245138943556,0.8823529411764705,0.8333333333333333,1.0,0.09090909090909091,0.23333333333333334,0.0,0.75,0.9282032302755092,1.0,0.5522642316338269,0.5,1.0,0.8571428571428571,0.8181925529402503,0.8823529411764705,0.8333333333333333,1.0,0.09090909090909091,0.26666666666666666,0.16666666666666666,0.75,0.9282032302755092,1.0,0.44773576836617335,0.9009688679024191,0.8019377358048384,0.8571428571428571,0.8201212312052273,0.8823529411764705,0.8333333333333333,1.0,0.09090909090909091,0.3,0.3333333333333333,0.75,0.9282032302755092,0.9781476007338057,0.34549150281252633,1.0,0.3568958678922095,0.8571428571428571,0.8221089506415806,0.8823529411764705,0.8333333333333333,1.0,0.09090909090909091,0.3333333333333333,0.5,0.75,0.9282032302755092,0.9353978569087953,0.2500000000000001,0.7225209339563144,5.551115123125783e-17,0.8571428571428571,0.8240573092970163,0.8823529411764705,0.8333333333333333,1.0,0.09090909090909091,0.3666666666666667,0.6666666666666666,0.75,0.9282032302755092,0.8736191374661523,0.16543469682057105,0.27747906604368566,0.0,0.8571428571428571,0.826025348342911,0.8823529411764705,0.8333333333333333,1.0,0.09090909090909091,0.4,0.8333333333333333,0.75,0.9282032302755092,0.7955114688927061,0.09549150281252633,0.0,0.3568958678922094,0.8571428571428571,0.8279933873888057,0.8823529411764705,0.8333333333333333,1.0,0.09090909090909091,0.43333333333333335,1.0,0.75,0.9282032302755092,0.704488531107294,0.04322727117869962,0.0990311320975808,0.8019377358048383,0.8571428571428571,0.8299614264347004,0.8823529411764705,0.8333333333333333,1.0,0.09090909090909091,0.4666666666666667,0.0,0.75,0.9282032302755092,0.6045284632676536,0.010926199633097211,0.5,1.0,0.8571428571428571,0.8319294654805951,0.8823529411764705,0.8333333333333333,1.0,0.09090909090909091,0.5,0.16666666666666666,0.75,0.9282032302755092,0.5000000000000001,0.0,0.9009688679024191,0.8019377358048384,0.8571428571428571,0.8339368653074075,0.8823529411764705,0.8333333333333333,1.0,0.09090909090909091,0.5333333333333333,0.3333333333333333,0.75,0.9282032302755092,0.3954715367323467,0.010926199633097156,1.0,0.3568958678922095,0.8571428571428571,0.8358852239628436,0.8823529411764705,0.8333333333333333,1.0,0.09090909090909091,0.5666666666666667,0.5,0.75,0.9282032302755092,0.29551146889270624,0.043227271178699456,0.7225209339563144,5.551115123125783e-17,0.7999999999999999,0.837892623789656,0.8235294117647057,0.7777777777777777,1.0,0.09090909090909091,0.6,0.6666666666666666,0.75,0.9282032302755092,0.20448853110729398,0.09549150281252627,0.27747906604368566,0.0,0.8571428571428571,0.8398213020546326,0.8823529411764705,0.8333333333333333,1.0,0.09090909090909091,0.6333333333333333,0.8333333333333333,0.75,0.9282032302755092,0.12638086253384795,0.16543469682057077,0.0,0.3568958678922094,0.8857142857142858,0.8417106195386914,0.8823529411764705,0.8888888888888888,1.0,0.09090909090909091,0.6666666666666666,1.0,0.75,0.9282032302755092,0.06460214309120482,0.24999999999999978,0.0990311320975808,0.8019377358048383,0.8571428571428571,0.8436196174132093,0.8823529411764705,0.8333333333333333,1.0,0.09090909090909091,0.7,0.0,0.75,0.9282032302755092,0.021852399266194367,0.3454915028125262,0.5,1.0,0.8571428571428571,0.8455286152877273,0.8823529411764705,0.8333333333333333,1.0,0.09090909090909091,0.7333333333333333,0.16666666666666666,0.75,0.9282032302755092,0.0,0.4477357683661729,0.9009688679024191,0.8019377358048384,0.8571428571428571,0.8473785719908684,0.8823529411764705,0.8333333333333333,1.0,0.09090909090909091,0.7666666666666667,0.3333333333333333,0.75,0.9282032302755092,0.0,0.5522642316338265,1.0,0.3568958678922095,0.8571428571428571,0.849326930646304,0.8823529411764705,0.8333333333333333,1.0,0.09090909090909091,0.8,0.5,0.75,0.9282032302755092,0.02185239926619431,0.6545084971874736,0.7225209339563144,5.551115123125783e-17,0.8571428571428571,0.8513343304731165,0.8823529411764705,0.8333333333333333,1.0,0.09090909090909091,0.8333333333333334,0.6666666666666666,0.75,0.9282032302755092,0.06460214309120454,0.7499999999999997,0.27747906604368566,0.0,0.8571428571428571,0.8532630087380935,0.8823529411764705,0.8333333333333333,1.0,0.09090909090909091,0.8666666666666667,0.8333333333333333,0.75,0.9282032302755092,0.12638086253384767,0.8345653031794289,0.0,0.3568958678922094,0.8571428571428571,0.8552310477839882,0.8823529411764705,0.8333333333333333,1.0,0.09090909090909091,0.9,1.0,0.75,0.9282032302755092,0.20448853110729381,0.9045084971874737,0.0990311320975808,0.8019377358048383,0.8571428571428571,0.8571990868298829,0.8823529411764705,0.8333333333333333,1.0,0.1818181818181818,0.0,0.0,0.9330127018922193,0.7320508075688774,0.5,1.0,0.5,1.0,0.8571428571428571,0.859245847437613,0.8823529411764705,0.8333333333333333,1.0,0.1818181818181818,0.03333333333333333,0.16666666666666666,0.9330127018922193,0.7320508075688774,0.6045284632676534,0.9890738003669028,0.9009688679024191,0.8019377358048384,0.8571428571428571,0.8612926080453436,0.8823529411764705,0.8333333333333333,1.0,0.1818181818181818,0.06666666666666668,0.3333333333333333,0.9330127018922193,0.7320508075688774,0.7044885311072939,0.9567727288213004,1.0,0.3568958678922095,0.8571428571428571,0.863300007872156,0.8823529411764705,0.8333333333333333,1.0,0.1818181818181818,0.13333333333333333,0.6666666666666666,0.9330127018922193,0.7320508075688774,0.8736191374661522,0.8345653031794291,0.27747906604368566,0.0,0.8571428571428571,0.8653467684798866,0.8823529411764705,0.8333333333333333,1.0,0.1818181818181818,0.16666666666666669,0.8333333333333333,0.9330127018922193,0.7320508075688774,0.9353978569087953,0.75,0.0,0.3568958678922094,0.8571428571428571,0.8673935290876171,0.8823529411764705,0.8333333333333333,1.0,0.1818181818181818,0.2,1.0,0.9330127018922193,0.7320508075688774,0.9781476007338057,0.6545084971874737,0.0990311320975808,0.8019377358048383,1.0,0.8694599700858063,0.9999999999999999,1.0,1.0,0.1818181818181818,0.23333333333333334,0.0,0.9330127018922193,0.7320508075688774,1.0,0.5522642316338269,0.5,1.0,1.0,0.871546091474455,0.9999999999999999,1.0,1.0,0.1818181818181818,0.26666666666666666,0.16666666666666666,0.9330127018922193,0.7320508075688774,1.0,0.44773576836617335,0.9009688679024191,0.8019377358048384,0.8571428571428571,0.8736125324726443,0.8823529411764705,0.8333333333333333,1.0,0.1818181818181818,0.3,0.3333333333333333,0.9330127018922193,0.7320508075688774,0.9781476007338057,0.34549150281252633,1.0,0.3568958678922095,1.0,0.8756986538612925,0.9999999999999999,1.0,1.0,0.1818181818181818,0.3333333333333333,0.5,0.9330127018922193,0.7320508075688774,0.9353978569087953,0.2500000000000001,0.7225209339563144,5.551115123125783e-17,0.7999999999999999,0.8777847752499408,0.8235294117647057,0.7777777777777777,1.0,0.1818181818181818,0.3666666666666667,0.6666666666666666,0.9330127018922193,0.7320508075688774,0.8736191374661523,0.16543469682057105,0.27747906604368566,0.0,0.7999999999999999,0.8798512162481305,0.8235294117647057,0.7777777777777777,1.0,0.1818181818181818,0.4,0.8333333333333333,0.9330127018922193,0.7320508075688774,0.7955114688927061,0.09549150281252633,0.0,0.3568958678922094,0.7999999999999999,0.8819963788081555,0.8235294117647057,0.7777777777777777,1.0,0.1818181818181818,0.43333333333333335,1.0,0.9330127018922193,0.7320508075688774,0.704488531107294,0.04322727117869962,0.0990311320975808,0.8019377358048383,0.7999999999999999,0.8841218609777219,0.8235294117647057,0.7777777777777777,1.0,0.1818181818181818,0.4666666666666667,0.0,0.9330127018922193,0.7320508075688774,0.6045284632676536,0.010926199633097211,0.5,1.0,0.7999999999999999,0.8862867039282061,0.8235294117647057,0.7777777777777777,1.0,0.1818181818181818,0.5,0.16666666666666666,0.9330127018922193,0.7320508075688774,0.5000000000000001,0.0,0.9009688679024191,0.8019377358048384,0.7999999999999999,0.8884121860977721,0.8235294117647057,0.7777777777777777,1.0,0.1818181818181818,0.5333333333333333,0.3333333333333333,0.9330127018922193,0.7320508075688774,0.3954715367323467,0.010926199633097156,1.0,0.3568958678922095,0.7999999999999999,0.8905179878768794,0.8235294117647057,0.7777777777777777,1.0,0.1818181818181818,0.5666666666666667,0.5,0.9330127018922193,0.7320508075688774,0.29551146889270624,0.043227271178699456,0.7225209339563144,5.551115123125783e-17,0.7999999999999999,0.8926041092655277,0.8235294117647057,0.7777777777777777,1.0,0.1818181818181818,0.6,0.6666666666666666,0.9330127018922193,0.7320508075688774,0.20448853110729398,0.09549150281252627,0.27747906604368566,0.0,0.7999999999999999,0.894690230654176,0.8235294117647057,0.7777777777777777,1.0,0.1818181818181818,0.6333333333333333,0.8333333333333333,0.9330127018922193,0.7320508075688774,0.12638086253384795,0.16543469682057077,0.0,0.3568958678922094,0.7999999999999999,0.8968353932142015,0.8235294117647057,0.7777777777777777,1.0,0.1818181818181818,0.6666666666666666,1.0,0.9330127018922193,0.7320508075688774,0.06460214309120482,0.24999999999999978,0.0990311320975808,0.8019377358048383,0.7999999999999999,0.8989411949933088,0.8235294117647057,0.7777777777777777,1.0,0.1818181818181818,0.7,0.0,0.9330127018922193,0.7320508075688774,0.021852399266194367,0.3454915028125262,0.5,1.0,0.7999999999999999,0.9010469967724157,0.8235294117647057,0.7777777777777777,1.0,0.1818181818181818,0.7333333333333333,0.16666666666666666,0.9330127018922193,0.7320508075688774,0.0,0.4477357683661729,0.9009688679024191,0.8019377358048384,0.7999999999999999,0.9031331181610645,0.8235294117647057,0.7777777777777777,1.0,0.1818181818181818,0.7666666666666667,0.3333333333333333,0.9330127018922193,0.7320508075688774,0.0,0.5522642316338265,1.0,0.3568958678922095,0.7999999999999999,0.9052192395497127,0.8235294117647057,0.7777777777777777,1.0,0.1818181818181818,0.8,0.5,0.9330127018922193,0.7320508075688774,0.02185239926619431,0.6545084971874736,0.7225209339563144,5.551115123125783e-17,0.7999999999999999,0.9073250413288201,0.8235294117647057,0.7777777777777777,1.0,0.1818181818181818,0.8333333333333334,0.6666666666666666,0.9330127018922193,0.7320508075688774,0.06460214309120454,0.7499999999999997,0.27747906604368566,0.0,0.7999999999999999,0.9093914823270093,0.8235294117647057,0.7777777777777777,1.0,0.1818181818181818,0.8666666666666667,0.8333333333333333,0.9330127018922193,0.7320508075688774,0.12638086253384767,0.8345653031794289,0.0,0.3568958678922094,0.7999999999999999,0.9114776037156576,0.8235294117647057,0.7777777777777777,1.0,0.1818181818181818,0.9,1.0,0.9330127018922193,0.7320508075688774,0.20448853110729381,0.9045084971874737,0.0990311320975808,0.8019377358048383,0.7999999999999999,0.9135243643233881,0.8235294117647057,0.7777777777777777,1.0,0.1818181818181818,0.9333333333333333,0.0,0.9330127018922193,0.7320508075688774,0.2955114688927057,0.9567727288213003,0.5,1.0,0.7999999999999999,0.9155711249311187,0.8235294117647057,0.7777777777777777,1.0,0.1818181818181818,0.9666666666666667,0.16666666666666666,0.9330127018922193,0.7320508075688774,0.39547153673234625,0.9890738003669028,0.9009688679024191,0.8019377358048384,0.8571428571428571,0.917558844367472,0.8823529411764705,0.8333333333333333,1.0,0.1818181818181818,0.9999999999999999,0.3333333333333333,0.9330127018922193,0.7320508075688774,0.4999999999999999,1.0,1.0,0.3568958678922095,0.8571428571428571,0.9195662441942849,0.8823529411764705,0.8333333333333333,1.0,0.2727272727272727,0.0,0.5,1.0,0.4641016151377547,0.5,1.0,0.7225209339563144,5.551115123125783e-17,0.8571428571428571,0.9215146028497205,0.8823529411764705,0.8333333333333333,1.0,0.2727272727272727,0.03333333333333333,0.6666666666666666,1.0,0.4641016151377547,0.6045284632676534,0.9890738003669028,0.27747906604368566,0.0,0.8571428571428571,0.9235810438479097,0.8823529411764705,0.8333333333333333,1.0,0.2727272727272727,0.06666666666666668,0.8333333333333333,1.0,0.4641016151377547,0.7044885311072939,0.9567727288213004,0.0,0.3568958678922094,0.8571428571428571,0.9256474848460994,0.8823529411764705,0.8333333333333333,1.0,0.2727272727272727,0.1,1.0,1.0,0.4641016151377547,0.7955114688927061,0.9045084971874737,0.0990311320975808,0.8019377358048383
0.8571428571428571,0.8086672439581202,0.8823529411764705,0.8333333333333333,1.0,0.09090909090909091,0.1,0.5,0.75,0.9282032302755092,0.7955114688927061,0.9045084971874737,0.7225209339563144,5.551115123125783e-17,0.8571428571428571,0.8104975202708022,0.8823529411764705,0.8333333333333333,1.0,0.09090909090909091,0.13333333333333333,0.6666666666666666,0.75,0.9282032302755092,0.8736191374661522,0.8345653031794291,0.27747906604368566,0.0,0.8571428571428571,0.8123868377548611,0.8823529411764705,0.8333333333333333,1.0,0.09090909090909091,0.16666666666666669,0.8333333333333333,0.75,0.9282032302755092,0.9353978569087953,0.75,0.0,0.3568958678922094,0.8857142857142858,0.814295835629379,0.8823529411764705,0.8888888888888888,1.0,0.09090909090909091,0.2,1.0,0.75,0.9282032302755092,0.9781476007338057,0.6545084971874737,0.0990311320975808,0.8019377358048383,0.8571428571428571,0.8162245138943556,0.8823529411764705,0.8333333333333333,1.0,0.09090909090909091,0.23333333333333334,0.0,0.75,0.9282032302755092,1.0,0.5522642316338269,0.5,1.0,0.8571428571428571,0.8181925529402503,0.8823529411764705,0.8333333333333333,1.0,0.09090909090909091,0.26666666666666666,0.16666666666666666,0.75,0.9282032302755092,1.0,0.44773576836617335,0.9009688679024191,0.8019377358048384,0.8571428571428571,0.8201212312052273,0.8823529411764705,0.8333333333333333,1.0,0.09090909090909091,0.3,0.3333333333333333,0.75,0.9282032302755092,0.9781476007338057,0.34549150281252633,1.0,0.3568958678922095,0.8571428571428571,0.8221089506415806,0.8823529411764705,0.8333333333333333,1.0,0.09090909090909091,0.3333333333333333,0.5,0.75,0.9282032302755092,0.9353978569087953,0.2500000000000001,0.7225209339563144,5.551115123125783e-17,0.8571428571428571,0.8240573092970163,0.8823529411764705,0.8333333333333333,1.0,0.09090909090909091,0.3666666666666667,0.6666666666666666,0.75,0.9282032302755092,0.8736191374661523,0.16543469682057105,0.27747906604368566,0.0,0.8571428571428571,0.826025348342911,0.8823529411764705,0.8333333333333333,1.0,0.09090909090909091,0.4,0.8333333333333333,0.75,0.9282032302755092,0.7955114688927061,0.09549150281252633,0.0,0.3568958678922094,0.8571428571428571,0.8279933873888057,0.8823529411764705,0.8333333333333333,1.0,0.09090909090909091,0.43333333333333335,1.0,0.75,0.9282032302755092,0.704488531107294,0.04322727117869962,0.0990311320975808,0.8019377358048383,0.8571428571428571,0.8299614264347004,0.8823529411764705,0.8333333333333333,1.0,0.09090909090909091,0.4666666666666667,0.0,0.75,0.9282032302755092,0.6045284632676536,0.010926199633097211,0.5,1.0,0.8571428571428571,0.8319294654805951,0.8823529411764705,0.8333333333333333,1.0,0.09090909090909091,0.5,0.16666666666666666,0.75,0.9282032302755092,0.5000000000000001,0.0,0.9009688679024191,0.8019377358048384,0.8571428571428571,0.8339368653074075,0.8823529411764705,0.8333333333333333,1.0,0.09090909090909091,0.5333333333333333,0.3333333333333333,0.75,0.9282032302755092,0.3954715367323467,0.010926199633097156,1.0,0.3568958678922095,0.8571428571428571,0.8358852239628436,0.8823529411764705,0.8333333333333333,1.0,0.09090909090909091,0.5666666666666667,0.5,0.75,0.9282032302755092,0.29551146889270624,0.043227271178699456,0.7225209339563144,5.551115123125783e-17,0.7999999999999999,0.837892623789656,0.8235294117647057,0.7777777777777777,1.0,0.09090909090909091,0.6,0.6666666666666666,0.75,0.9282032302755092,0.20448853110729398,0.09549150281252627,0.27747906604368566,0.0,0.8571428571428571,0.8398213020546326,0.8823529411764705,0.8333333333333333,1.0,0.09090909090909091,0.6333333333333333,0.8333333333333333,0.75,0.9282032302755092,0.12638086253384795,0.16543469682057077,0.0,0.3568958678922094,0.8857142857142858,0.8417106195386914,0.8823529411764705,0.8888888888888888,1.0,0.09090909090909091,0.6666666666666666,1.0,0.75,0.9282032302755092,0.06460214309120482,0.24999999999999978,0.0990311320975808,0.8019377358048383,0.8571428571428571,0.8436196174132093,0.8823529411764705,0.8333333333333333,1.0,0.09090909090909091,0.7,0.0,0.75,0.9282032302755092,0.021852399266194367,0.3454915028125262,0.5,1.0,0.8571428571428571,0.8455286152877273,0.8823529411764705,0.8333333333333333,1.0,0.09090909090909091,0.7333333333333333,0.16666666666666666,0.75,0.9282032302755092,0.0,0.4477357683661729,0.9009688679024191,0.8019377358048384,0.8571428571428571,0.8473785719908684,0.8823529411764705,0.8333333333333333,1.0,0.09090909090909091,0.7666666666666667,0.3333333333333333,0.75,0.9282032302755092,0.0,0.5522642316338265,1.0,0.3568958678922095,0.8571428571428571,0.849326930646304,0.8823529411764705,0.8333333333333333,1.0,0.09090909090909091,0.8,0.5,0.75,0.9282032302755092,0.02185239926619431,0.6545084971874736,0.7225209339563144,5.551115123125783e-17,0.8571428571428571,0.8513343304731165,0.8823529411764705,0.8333333333333333,1.0,0.09090909090909091,0.8333333333333334,0.6666666666666666,0.75,0.9282032302755092,0.06460214309120454,0.7499999999999997,0.27747906604368566,0.0,0.8571428571428571,0.8532630087380935,0.8823529411764705,0.8333333333333333,1.0,0.09090909090909091,0.8666666666666667,0.8333333333333333,0.75,0.9282032302755092,0.12638086253384767,0.8345653031794289,0.0,0.3568958678922094,0.8571428571428571,0.8552310477839882,0.8823529411764705,0.8333333333333333,1.0,0.09090909090909091,0.9,1.0,0.75,0.9282032302755092,0.20448853110729381,0.9045084971874737,0.0990311320975808,0.8019377358048383,0.8571428571428571,0.8571990868298829,0.8823529411764705,0.8333333333333333,1.0,0.1818181818181818,0.0,0.0,0.9330127018922193,0.7320508075688774,0.5,1.0,0.5,1.0,0.8571428571428571,0.859245847437613,0.8823529411764705,0.8333333333333333,1.0,0.1818181818181818,0.03333333333333333,0.16666666666666666,0.9330127018922193,0.7320508075688774,0.6045284632676534,0.9890738003669028,0.9009688679024191,0.8019377358048384,0.8571428571428571,0.8612926080453436,0.8823529411764705,0.8333333333333333,1.0,0.1818181818181818,0.06666666666666668,0.3333333333333333,0.9330127018922193,0.7320508075688774,0.7044885311072939,0.9567727288213004,1.0,0.3568958678922095,0.8571428571428571,0.863300007872156,0.8823529411764705,0.8333333333333333,1.0,0.1818181818181818,0.13333333333333333,0.6666666666666666,0.9330127018922193,0.7320508075688774,0.8736191374661522,0.8345653031794291,0.27747906604368566,0.0,0.8571428571428571,0.8653467684798866,0.8823529411764705,0.8333333333333333,1.0,0.1818181818181818,0.16666666666666669,0.8333333333333333,0.9330127018922193,0.7320508075688774,0.9353978569087953,0.75,0.0,0.3568958678922094,0.8571428571428571,0.8673935290876171,0.8823529411764705,0.8333333333333333,1.0,0.1818181818181818,0.2,1.0,0.9330127018922193,0.7320508075688774,0.9781476007338057,0.6545084971874737,0.0990311320975808,0.8019377358048383,1.0,0.8694599700858063,0.9999999999999999,1.0,1.0,0.1818181818181818,0.23333333333333334,0.0,0.9330127018922193,0.7320508075688774,1.0,0.5522642316338269,0.5,1.0,1.0,0.871546091474455,0.9999999999999999,1.0,1.0,0.1818181818181818,0.26666666666666666,0.16666666666666666,0.9330127018922193,0.7320508075688774,1.0,0.44773576836617335,0.9009688679024191,0.8019377358048384,0.8571428571428571,0.8736125324726443,0.8823529411764705,0.8333333333333333,1.0,0.1818181818181818,0.3,0.3333333333333333,0.9330127018922193,0.7320508075688774,0.9781476007338057,0.34549150281252633,1.0,0.3568958678922095,1.0,0.8756986538612925,0.9999999999999999,1.0,1.0,0.1818181818181818,0.3333333333333333,0.5,0.9330127018922193,0.7320508075688774,0.9353978569087953,0.2500000000000001,0.7225209339563144,5.551115123125783e-17,0.7999999999999999,0.8777847752499408,0.8235294117647057,0.7777777777777777,1.0,0.1818181818181818,0.3666666666666667,0.6666666666666666,0.9330127018922193,0.7320508075688774,0.8736191374661523,0.16543469682057105,0.27747906604368566,0.0,0.7999999999999999,0.8798512162481305,0.8235294117647057,0.7777777777777777,1.0,0.1818181818181818,0.4,0.8333333333333333,0.9330127018922193,0.7320508075688774,0.7955114688927061,0.09549150281252633,0.0,0.3568958678922094,0.7999999999999999,0.8819963788081555,0.8235294117647057,0.7777777777777777,1.0,0.1818181818181818,0.43333333333333335,1.0,0.9330127018922193,0.7320508075688774,0.704488531107294,0.04322727117869962,0.0990311320975808,0.8019377358048383,0.7999999999999999,0.8841218609777219,0.8235294117647057,0.7777777777777777,1.0,0.1818181818181818,0.4666666666666667,0.0,0.9330127018922193,0.7320508075688774,0.6045284632676536,0.010926199633097211,0.5,1.0,0.7999999999999999,0.8862867039282061,0.8235294117647057,0.7777777777777777,1.0,0.1818181818181818,0.5,0.16666666666666666,0.9330127018922193,0.7320508075688774,0.5000000000000001,0.0,0.9009688679024191,0.8019377358048384,0.7999999999999999,0.8884121860977721,0.8235294117647057,0.7777777777777777,1.0,0.1818181818181818,0.5333333333333333,0.3333333333333333,0.9330127018922193,0.7320508075688774,0.3954715367323467,0.010926199633097156,1.0,0.3568958678922095,0.7999999999999999,0.8905179878768794,0.8235294117647057,0.7777777777777777,1.0,0.1818181818181818,0.5666666666666667,0.5,0.9330127018922193,0.7320508075688774,0.29551146889270624,0.043227271178699456,0.7225209339563144,5.551115123125783e-17,0.7999999999999999,0.8926041092655277,0.8235294117647057,0.7777777777777777,1.0,0.1818181818181818,0.6,0.6666666666666666,0.9330127018922193,0.7320508075688774,0.20448853110729398,0.09549150281252627,0.27747906604368566,0.0,0.7999999999999999,0.894690230654176,0.8235294117647057,0.7777777777777777,1.0,0.1818181818181818,0.6333333333333333,0.8333333333333333,0.9330127018922193,0.7320508075688774,0.12638086253384795,0.16543469682057077,0.0,0.3568958678922094,0.7999999999999999,0.8968353932142015,0.8235294117647057,0.7777777777777777,1.0,0.1818181818181818,0.6666666666666666,1.0,0.9330127018922193,0.7320508075688774,0.06460214309120482,0.24999999999999978,0.0990311320975808,0.8019377358048383,0.7999999999999999,0.8989411949933088,0.8235294117647057,0.7777777777777777,1.0,0.1818181818181818,0.7,0.0,0.9330127018922193,0.7320508075688774,0.021852399266194367,0.3454915028125262,0.5,1.0,0.7999999999999999,0.9010469967724157,0.8235294117647057,0.7777777777777777,1.0,0.1818181818181818,0.7333333333333333,0.16666666666666666,0.9330127018922193,0.7320508075688774,0.0,0.4477357683661729,0.9009688679024191,0.8019377358048384,0.7999999999999999,0.9031331181610645,0.8235294117647057,0.7777777777777777,1.0,0.1818181818181818,0.7666666666666667,0.3333333333333333,0.9330127018922193,0.7320508075688774,0.0,0.5522642316338265,1.0,0.3568958678922095,0.7999999999999999,0.9052192395497127,0.8235294117647057,0.7777777777777777,1.0,0.1818181818181818,0.8,0.5,0.9330127018922193,0.7320508075688774,0.02185239926619431,0.6545084971874736,0.7225209339563144,5.551115123125783e-17,0.7999999999999999,0.9073250413288201,0.8235294117647057,0.7777777777777777,1.0,0.1818181818181818,0.8333333333333334,0.6666666666666666,0.9330127018922193,0.7320508075688774,0.06460214309120454,0.7499999999999997,0.27747906604368566,0.0,0.7999999999999999,0.9093914823270093,0.8235294117647057,0.7777777777777777,1.0,0.1818181818181818,0.8666666666666667,0.8333333333333333,0.9330127018922193,0.7320508075688774,0.12638086253384767,0.8345653031794289,0.0,0.3568958678922094,0.7999999999999999,0.9114776037156576,0.8235294117647057,0.7777777777777777,1.0,0.1818181818181818,0.9,1.0,0.9330127018922193,0.7320508075688774,0.20448853110729381,0.9045084971874737,0.0990311320975808,0.8019377358048383,0.7999999999999999,0.9135243643233881,0.8235294117647057,0.7777777777777777,1.0,0.1818181818181818,0.9333333333333333,0.0,0.9330127018922193,0.7320508075688774,0.2955114688927057,0.9567727288213003,0.5,1.0,0.7999999999999999,0.9155711249311187,0.8235294117647057,0.7777777777777777,1.0,0.1818181818181818,0.9666666666666667,0.16666666666666666,0.9330127018922193,0.7320508075688774,0.39547153673234625,0.9890738003669028,0.9009688679024191,0.8019377358048384,0.8571428571428571,0.917558844367472,0.8823529411764705,0.8333333333333333,1.0,0.1818181818181818,0.9999999999999999,0.3333333333333333,0.9330127018922193,0.7320508075688774,0.4999999999999999,1.0,1.0,0.3568958678922095,0.8571428571428571,0.9195662441942849,0.8823529411764705,0.8333333333333333,1.0,0.2727272727272727,0.0,0.5,1.0,0.4641016151377547,0.5,1.0,0.7225209339563144,5.551115123125783e-17,0.8571428571428571,0.9215146028497205,0.8823529411764705,0.8333333333333333,1.0,0.2727272727272727,0.03333333333333333,0.6666666666666666,1.0,0.4641016151377547,0.6045284632676534,0.9890738003669028,0.27747906604368566,0.0,0.8571428571428571,0.9235810438479097,0.8823529411764705,0.8333333333333333,1.0,0.2727272727272727,0.06666666666666668,0.8333333333333333,1.0,0.4641016151377547,0.7044885311072939,0.9567727288213004,0.0,0.3568958678922094,0.8571428571428571,0.9256474848460994,0.8823529411764705,0.8333333333333333,1.0,0.2727272727272727,0.1,1.0,1.0,0.4641016151377547,0.7955114688927061,0.9045084971874737,0.0990311320975808,0.8019377358048383,0.8571428571428571,0.9277139258442886,0.8823529411764705,0.8333333333333333,1.0,0.2727272727272727,0.13333333333333333,0.0,1.0,0.4641016151377547,0.8736191374661522,0.8345653031794291,0.5,1.0
0.8571428571428571,0.8104975202708022,0.8823529411764705,0.8333333333333333,1.0,0.09090909090909091,0.13333333333333333,0.6666666666666666,0.75,0.9282032302755092,0.8736191374661522,0.8345653031794291,0.27747906604368566,0.0,0.8571428571428571,0.8123868377548611,0.8823529411764705,0.8333333333333333,1.0,0.09090909090909091,0.16666666666666669,0.8333333333333333,0.75,0.9282032302755092,0.9353978569087953,0.75,0.0,0.3568958678922094,0.8857142857142858,0.814295835629379,0.8823529411764705,0.8888888888888888,1.0,0.09090909090909091,0.2,1.0,0.75,0.9282032302755092,0.9781476007338057,0.6545084971874737,0.0990311320975808,0.8019377358048383,0.8571428571428571,0.8162245138943556,0.8823529411764705,0.8333333333333333,1.0,0.09090909090909091,0.23333333333333334,0.0,0.75,0.9282032302755092,1.0,0.5522642316338269,0.5,1.0,0.8571428571428571,0.8181925529402503,0.8823529411764705,0.8333333333333333,1.0,0.09090909090909091,0.26666666666666666,0.16666666666666666,0.75,0.9282032302755092,1.0,0.44773576836617335,0.9009688679024191,0.8019377358048384,0.8571428571428571,0.8201212312052273,0.8823529411764705,0.8333333333333333,1.0,0.09090909090909091,0.3,0.3333333333333333,0.75,0.9282032302755092,0.9781476007338057,0.34549150281252633,1.0,0.3568958678922095,0.8571428571428571,0.8221089506415806,0.8823529411764705,0.8333333333333333,1.0,0.09090909090909091,0.3333333333333333,0.5,0.75,0.9282032302755092,0.9353978569087953,0.2500000000000001,0.7225209339563144,5.551115123125783e-17,0.8571428571428571,0.8240573092970163,0.8823529411764705,0.8333333333333333,1.0,0.09090909090909091,0.3666666666666667,0.6666666666666666,0.75,0.9282032302755092,0.8736191374661523,0.16543469682057105,0.27747906604368566,0.0,0.8571428571428571,0.826025348342911,0.8823529411764705,0.8333333333333333,1.0,0.09090909090909091,0.4,0.8333333333333333,0.75,0.9282032302755092,0.7955114688927061,0.09549150281252633,0.0,0.3568958678922094,0.8571428571428571,0.8279933873888057,0.8823529411764705,0.8333333333333333,1.0,0.09090909090909091,0.43333333333333335,1.0,0.75,0.9282032302755092,0.704488531107294,0.04322727117869962,0.0990311320975808,0.8019377358048383,0.8571428571428571,0.8299614264347004,0.8823529411764705,0.8333333333333333,1.0,0.09090909090909091,0.4666666666666667,0.0,0.75,0.9282032302755092,0.6045284632676536,0.010926199633097211,0.5,1.0,0.8571428571428571,0.8319294654805951,0.8823529411764705,0.8333333333333333,1.0,0.09090909090909091,0.5,0.16666666666666666,0.75,0.9282032302755092,0.5000000000000001,0.0,0.9009688679024191,0.8019377358048384,0.8571428571428571,0.8339368653074075,0.8823529411764705,0.8333333333333333,1.0,0.09090909090909091,0.5333333333333333,0.3333333333333333,0.75,0.9282032302755092,0.3954715367323467,0.010926199633097156,1.0,0.3568958678922095,0.8571428571428571,0.8358852239628436,0.8823529411764705,0.8333333333333333,1.0,0.09090909090909091,0.5666666666666667,0.5,0.75,0.9282032302755092,0.29551146889270624,0.043227271178699456,0.7225209339563144,5.551115123125783e-17,0.7999999999999999,0.837892623789656,0.8235294117647057,0.7777777777777777,1.0,0.09090909090909091,0.6,0.6666666666666666,0.75,0.9282032302755092,0.20448853110729398,0.09549150281252627,0.27747906604368566,0.0,0.8571428571428571,0.8398213020546326,0.8823529411764705,0.8333333333333333,1.0,0.09090909090909091,0.6333333333333333,0.8333333333333333,0.75,0.9282032302755092,0.12638086253384795,0.16543469682057077,0.0,0.3568958678922094,0.8857142857142858,0.8417106195386914,0.8823529411764705,0.8888888888888888,1.0,0.09090909090909091,0.6666666666666666,1.0,0.75,0.9282032302755092,0.06460214309120482,0.24999999999999978,0.0990311320975808,0.8019377358048383,0.8571428571428571,0.8436196174132093,0.8823529411764705,0.8333333333333333,1.0,0.09090909090909091,0.7,0.0,0.75,0.9282032302755092,0.021852399266194367,0.3454915028125262,0.5,1.0,0.8571428571428571,0.8455286152877273,0.8823529411764705,0.8333333333333333,1.0,0.09090909090909091,0.7333333333333333,0.16666666666666666,0.75,0.9282032302755092,0.0,0.4477357683661729,0.9009688679024191,0.8019377358048384,0.8571428571428571,0.8473785719908684,0.8823529411764705,0.8333333333333333,1.0,0.09090909090909091,0.7666666666666667,0.3333333333333333,0.75,0.9282032302755092,0.0,0.5522642316338265,1.0,0.3568958678922095,0.8571428571428571,0.849326930646304,0.8823529411764705,0.8333333333333333,1.0,0.09090909090909091,0.8,0.5,0.75,0.9282032302755092,0.02185239926619431,0.6545084971874736,0.7225209339563144,5.551115123125783e-17,0.8571428571428571,0.8513343304731165,0.8823529411764705,0.8333333333333333,1.0,0.09090909090909091,0.8333333333333334,0.6666666666666666,0.75,0.9282032302755092,0.06460214309120454,0.7499999999999997,0.27747906604368566,0.0,0.8571428571428571,0.8532630087380935,0.8823529411764705,0.8333333333333333,1.0,0.09090909090909091,0.8666666666666667,0.8333333333333333,0.75,0.9282032302755092,0.12638086253384767,0.8345653031794289,0.0,0.3568958678922094,0.8571428571428571,0.8552310477839882,0.8823529411764705,0.8333333333333333,1.0,0.09090909090909091,0.9,1.0,0.75,0.9282032302755092,0.20448853110729381,0.9045084971874737,0.0990311320975808,0.8019377358048383,0.8571428571428571,0.8571990868298829,0.8823529411764705,0.8333333333333333,1.0,0.1818181818181818,0.0,0.0,0.9330127018922193,0.7320508075688774,0.5,1.0,0.5,1.0,0.8571428571428571,0.859245847437613,0.8823529411764705,0.8333333333333333,1.0,0.1818181818181818,0.03333333333333333,0.16666666666666666,0.9330127018922193,0.7320508075688774,0.6045284632676534,0.9890738003669028,0.9009688679024191,0.8019377358048384,0.8571428571428571,0.8612926080453436,0.8823529411764705,0.8333333333333333,1.0,0.1818181818181818,0.06666666666666668,0.3333333333333333,0.9330127018922193,0.7320508075688774,0.7044885311072939,0.9567727288213004,1.0,0.3568958678922095,0.8571428571428571,0.863300007872156,0.8823529411764705,0.8333333333333333,1.0,0.1818181818181818,0.13333333333333333,0.6666666666666666,0.9330127018922193,0.7320508075688774,0.8736191374661522,0.8345653031794291,0.27747906604368566,0.0,0.8571428571428571,0.8653467684798866,0.8823529411764705,0.8333333333333333,1.0,0.1818181818181818,0.16666666666666669,0.8333333333333333,0.9330127018922193,0.7320508075688774,0.9353978569087953,0.75,0.0,0.3568958678922094,0.8571428571428571,0.8673935290876171,0.8823529411764705,0.8333333333333333,1.0,0.1818181818181818,0.2,1.0,0.9330127018922193,0.7320508075688774,0.9781476007338057,0.6545084971874737,0.0990311320975808,0.8019377358048383,1.0,0.8694599700858063,0.9999999999999999,1.0,1.0,0.1818181818181818,0.23333333333333334,0.0,0.9330127018922193,0.7320508075688774,1.0,0.5522642316338269,0.5,1.0,1.0,0.871546091474455,0.9999999999999999,1.0,1.0,0.1818181818181818,0.26666666666666666,0.16666666666666666,0.9330127018922193,0.7320508075688774,1.0,0.44773576836617335,0.9009688679024191,0.8019377358048384,0.8571428571428571,0.8736125324726443,0.8823529411764705,0.8333333333333333,1.0,0.1818181818181818,0.3,0.3333333333333333,0.9330127018922193,0.7320508075688774,0.9781476007338057,0.34549150281252633,1.0,0.3568958678922095,1.0,0.8756986538612925,0.9999999999999999,1.0,1.0,0.1818181818181818,0.3333333333333333,0.5,0.9330127018922193,0.7320508075688774,0.9353978569087953,0.2500000000000001,0.7225209339563144,5.551115123125783e-17,0.7999999999999999,0.8777847752499408,0.8235294117647057,0.7777777777777777,1.0,0.1818181818181818,0.3666666666666667,0.6666666666666666,0.9330127018922193,0.7320508075688774,0.8736191374661523,0.16543469682057105,0.27747906604368566,0.0,0.7999999999999999,0.8798512162481305,0.8235294117647057,0.7777777777777777,1.0,0.1818181818181818,0.4,0.8333333333333333,0.9330127018922193,0.7320508075688774,0.7955114688927061,0.09549150281252633,0.0,0.3568958678922094,0.7999999999999999,0.8819963788081555,0.8235294117647057,0.7777777777777777,1.0,0.1818181818181818,0.43333333333333335,1.0,0.9330127018922193,0.7320508075688774,0.704488531107294,0.04322727117869962,0.0990311320975808,0.8019377358048383,0.7999999999999999,0.8841218609777219,0.8235294117647057,0.7777777777777777,1.0,0.1818181818181818,0.4666666666666667,0.0,0.9330127018922193,0.7320508075688774,0.6045284632676536,0.010926199633097211,0.5,1.0,0.7999999999999999,0.8862867039282061,0.8235294117647057,0.7777777777777777,1.0,0.1818181818181818,0.5,0.16666666666666666,0.9330127018922193,0.7320508075688774,0.5000000000000001,0.0,0.9009688679024191,0.8019377358048384,0.7999999999999999,0.8884121860977721,0.8235294117647057,0.7777777777777777,1.0,0.1818181818181818,0.5333333333333333,0.3333333333333333,0.9330127018922193,0.7320508075688774,0.3954715367323467,0.010926199633097156,1.0,0.3568958678922095,0.7999999999999999,0.8905179878768794,0.8235294117647057,0.7777777777777777,1.0,0.1818181818181818,0.5666666666666667,0.5,0.9330127018922193,0.7320508075688774,0.29551146889270624,0.043227271178699456,0.7225209339563144,5.551115123125783e-17,0.7999999999999999,0.8926041092655277,0.8235294117647057,0.7777777777777777,1.0,0.1818181818181818,0.6,0.6666666666666666,0.9330127018922193,0.7320508075688774,0.20448853110729398,0.09549150281252627,0.27747906604368566,0.0,0.7999999999999999,0.894690230654176,0.8235294117647057,0.7777777777777777,1.0,0.1818181818181818,0.6333333333333333,0.8333333333333333,0.9330127018922193,0.7320508075688774,0.12638086253384795,0.16543469682057077,0.0,0.3568958678922094,0.7999999999999999,0.8968353932142015,0.8235294117647057,0.7777777777777777,1.0,0.1818181818181818,0.6666666666666666,1.0,0.9330127018922193,0.7320508075688774,0.06460214309120482,0.24999999999999978,0.0990311320975808,0.8019377358048383,0.7999999999999999,0.8989411949933088,0.8235294117647057,0.7777777777777777,1.0,0.1818181818181818,0.7,0.0,0.9330127018922193,0.7320508075688774,0.021852399266194367,0.3454915028125262,0.5,1.0,0.7999999999999999,0.9010469967724157,0.8235294117647057,0.7777777777777777,1.0,0.1818181818181818,0.7333333333333333,0.16666666666666666,0.9330127018922193,0.7320508075688774,0.0,0.4477357683661729,0.9009688679024191,0.8019377358048384,0.7999999999999999,0.9031331181610645,0.8235294117647057,0.7777777777777777,1.0,0.1818181818181818,0.7666666666666667,0.3333333333333333,0.9330127018922193,0.7320508075688774,0.0,0.5522642316338265,1.0,0.3568958678922095,0.7999999999999999,0.9052192395497127,0.8235294117647057,0.7777777777777777,1.0,0.1818181818181818,0.8,0.5,0.9330127018922193,0.7320508075688774,0.02185239926619431,0.6545084971874736,0.7225209339563144,5.551115123125783e-17,0.7999999999999999,0.9073250413288201,0.8235294117647057,0.7777777777777777,1.0,0.1818181818181818,0.8333333333333334,0.6666666666666666,0.9330127018922193,0.7320508075688774,0.06460214309120454,0.7499999999999997,0.27747906604368566,0.0,0.7999999999999999,0.9093914823270093,0.8235294117647057,0.7777777777777777,1.0,0.1818181818181818,0.8666666666666667,0.8333333333333333,0.9330127018922193,0.7320508075688774,0.12638086253384767,0.8345653031794289,0.0,0.3568958678922094,0.7999999999999999,0.9114776037156576,0.8235294117647057,0.7777777777777777,1.0,0.1818181818181818,0.9,1.0,0.9330127018922193,0.7320508075688774,0.20448853110729381,0.9045084971874737,0.0990311320975808,0.8019377358048383,0.7999999999999999,0.9135243643233881,0.8235294117647057,0.7777777777777777,1.0,0.1818181818181818,0.9333333333333333,0.0,0.9330127018922193,0.7320508075688774,0.2955114688927057,0.9567727288213003,0.5,1.0,0.7999999999999999,0.9155711249311187,0.8235294117647057,0.7777777777777777,1.0,0.1818181818181818,0.9666666666666667,0.16666666666666666,0.9330127018922193,0.7320508075688774,0.39547153673234625,0.9890738003669028,0.9009688679024191,0.8019377358048384,0.8571428571428571,0.917558844367472,0.8823529411764705,0.8333333333333333,1.0,0.1818181818181818,0.9999999999999999,0.3333333333333333,0.9330127018922193,0.7320508075688774,0.4999999999999999,1.0,1.0,0.3568958678922095,0.8571428571428571,0.9195662441942849,0.8823529411764705,0.8333333333333333,1.0,0.2727272727272727,0.0,0.5,1.0,0.4641016151377547,0.5,1.0,0.7225209339563144,5.551115123125783e-17,0.8571428571428571,0.9215146028497205,0.8823529411764705,0.8333333333333333,1.0,0.2727272727272727,0.03333333333333333,0.6666666666666666,1.0,0.4641016151377547,0.6045284632676534,0.9890738003669028,0.27747906604368566,0.0,0.8571428571428571,0.9235810438479097,0.8823529411764705,0.8333333333333333,1.0,0.2727272727272727,0.06666666666666668,0.8333333333333333,1.0,0.4641016151377547,0.7044885311072939,0.9567727288213004,0.0,0.3568958678922094,0.8571428571428571,0.9256474848460994,0.8823529411764705,0.8333333333333333,1.0,0.2727272727272727,0.1,1.0,1.0,0.4641016151377547,0.7955114688927061,0.9045084971874737,0.0990311320975808,0.8019377358048383,0.8571428571428571,0.9277139258442886,0.8823529411764705,0.8333333333333333,1.0,0.2727272727272727,0.13333333333333333,0.0,1.0,0.4641016151377547,0.8736191374661522,0.8345653031794291,0.5,1.0,0.8571428571428571,0.9297606864520191,0.8823529411764705,0.8333333333333333,1.0,0.2727272727272727,0.16666666666666669,0.16666666666666666,1.0,0.4641016151377547,0.9353978569087953,0.75,0.9009688679024191,0.8019377358048384
0.8571428571428571,0.8123868377548611,0.8823529411764705,0.8333333333333333,1.0,0.09090909090909091,0.16666666666666669,0.8333333333333333,0.75,0.9282032302755092,0.9353978569087953,0.75,0.0,0.3568958678922094,0.8857142857142858,0.814295835629379,0.8823529411764705,0.8888888888888888,1.0,0.09090909090909091,0.2,1.0,0.75,0.9282032302755092,0.9781476007338057,0.6545084971874737,0.0990311320975808,0.8019377358048383,0.8571428571428571,0.8162245138943556,0.8823529411764705,0.8333333333333333,1.0,0.09090909090909091,0.23333333333333334,0.0,0.75,0.9282032302755092,1.0,0.5522642316338269,0.5,1.0,0.8571428571428571,0.8181925529402503,0.8823529411764705,0.8333333333333333,1.0,0.09090909090909091,0.26666666666666666,0.16666666666666666,0.75,0.9282032302755092,1.0,0.44773576836617335,0.9009688679024191,0.8019377358048384,0.8571428571428571,0.8201212312052273,0.8823529411764705,0.8333333333333333,1.0,0.09090909090909091,0.3,0.3333333333333333,0.75,0.9282032302755092,0.9781476007338057,0.34549150281252633,1.0,0.3568958678922095,0.8571428571428571,0.8221089506415806,0.8823529411764705,0.8333333333333333,1.0,0.09090909090909091,0.3333333333333333,0.5,0.75,0.9282032302755092,0.9353978569087953,0.2500000000000001,0.7225209339563144,5.551115123125783e-17,0.8571428571428571,0.8240573092970163,0.8823529411764705,0.8333333333333333,1.0,0.09090909090909091,0.3666666666666667,0.6666666666666666,0.75,0.9282032302755092,0.8736191374661523,0.16543469682057105,0.27747906604368566,0.0,0.8571428571428571,0.826025348342911,0.8823529411764705,0.8333333333333333,1.0,0.09090909090909091,0.4,0.8333333333333333,0.75,0.9282032302755092,0.7955114688927061,0.09549150281252633,0.0,0.3568958678922094,0.8571428571428571,0.8279933873888057,0.8823529411764705,0.8333333333333333,1.0,0.09090909090909091,0.43333333333333335,1.0,0.75,0.9282032302755092,0.704488531107294,0.04322727117869962,0.0990311320975808,0.8019377358048383,0.8571428571428571,0.8299614264347004,0.8823529411764705,0.8333333333333333,1.0,0.09090909090909091,0.4666666666666667,0.0,0.75,0.9282032302755092,0.6045284632676536,0.010926199633097211,0.5,1.0,0.8571428571428571,0.8319294654805951,0.8823529411764705,0.8333333333333333,1.0,0.09090909090909091,0.5,0.16666666666666666,0.75,0.9282032302755092,0.5000000000000001,0.0,0.9009688679024191,0.8019377358048384,0.8571428571428571,0.8339368653074075,0.8823529411764705,0.8333333333333333,1.0,0.09090909090909091,0.5333333333333333,0.3333333333333333,0.75,0.9282032302755092,0.3954715367323467,0.010926199633097156,1.0,0.3568958678922095,0.8571428571428571,0.8358852239628436,0.8823529411764705,0.8333333333333333,1.0,0.09090909090909091,0.5666666666666667,0.5,0.75,0.9282032302755092,0.29551146889270624,0.043227271178699456,0.7225209339563144,5.551115123125783e-17,0.7999999999999999,0.837892623789656,0.8235294117647057,0.7777777777777777,1.0,0.09090909090909091,0.6,0.6666666666666666,0.75,0.9282032302755092,0.20448853110729398,0.09549150281252627,0.27747906604368566,0.0,0.8571428571428571,0.8398213020546326,0.8823529411764705,0.8333333333333333,1.0,0.09090909090909091,0.6333333333333333,0.8333333333333333,0.75,0.9282032302755092,0.12638086253384795,0.16543469682057077,0.0,0.3568958678922094,0.8857142857142858,0.8417106195386914,0.8823529411764705,0.8888888888888888,1.0,0.09090909090909091,0.6666666666666666,1.0,0.75,0.9282032302755092,0.06460214309120482,0.24999999999999978,0.0990311320975808,0.8019377358048383,0.8571428571428571,0.8436196174132093,0.8823529411764705,0.8333333333333333,1.0,0.09090909090909091,0.7,0.0,0.75,0.9282032302755092,0.021852399266194367,0.3454915028125262,0.5,1.0,0.8571428571428571,0.8455286152877273,0.8823529411764705,0.8333333333333333,1.0,0.09090909090909091,0.7333333333333333,0.16666666666666666,0.75,0.9282032302755092,0.0,0.4477357683661729,0.9009688679024191,0.8019377358048384,0.8571428571428571,0.8473785719908684,0.8823529411764705,0.8333333333333333,1.0,0.09090909090909091,0.7666666666666667,0.3333333333333333,0.75,0.9282032302755092,0.0,0.5522642316338265,1.0,0.3568958678922095,0.8571428571428571,0.849326930646304,0.8823529411764705,0.8333333333333333,1.0,0.09090909090909091,0.8,0.5,0.75,0.9282032302755092,0.02185239926619431,0.6545084971874736,0.7225209339563144,5.551115123125783e-17,0.8571428571428571,0.8513343304731165,0.8823529411764705,0.8333333333333333,1.0,0.09090909090909091,0.8333333333333334,0.6666666666666666,0.75,0.9282032302755092,0.06460214309120454,0.7499999999999997,0.27747906604368566,0.0,0.8571428571428571,0.8532630087380935,0.8823529411764705,0.8333333333333333,1.0,0.09090909090909091,0.8666666666666667,0.8333333333333333,0.75,0.9282032302755092,0.12638086253384767,0.8345653031794289,0.0,0.3568958678922094,0.8571428571428571,0.8552310477839882,0.8823529411764705,0.8333333333333333,1.0,0.09090909090909091,0.9,1.0,0.75,0.9282032302755092,0.20448853110729381,0.9045084971874737,0.0990311320975808,0.8019377358048383,0.8571428571428571,0.8571990868298829,0.8823529411764705,0.8333333333333333,1.0,0.1818181818181818,0.0,0.0,0.9330127018922193,0.7320508075688774,0.5,1.0,0.5,1.0,0.8571428571428571,0.859245847437613,0.8823529411764705,0.8333333333333333,1.0,0.1818181818181818,0.03333333333333333,0.16666666666666666,0.9330127018922193,0.7320508075688774,0.6045284632676534,0.9890738003669028,0.9009688679024191,0.8019377358048384,0.8571428571428571,0.8612926080453436,0.8823529411764705,0.8333333333333333,1.0,0.1818181818181818,0.06666666666666668,0.3333333333333333,0.9330127018922193,0.7320508075688774,0.7044885311072939,0.9567727288213004,1.0,0.3568958678922095,0.8571428571428571,0.863300007872156,0.8823529411764705,0.8333333333333333,1.0,0.1818181818181818,0.13333333333333333,0.6666666666666666,0.9330127018922193,0.7320508075688774,0.8736191374661522,0.8345653031794291,0.27747906604368566,0.0,0.8571428571428571,0.8653467684798866,0.8823529411764705,0.8333333333333333,1.0,0.1818181818181818,0.16666666666666669,0.8333333333333333,0.9330127018922193,0.7320508075688774,0.9353978569087953,0.75,0.0,0.3568958678922094,0.8571428571428571,0.8673935290876171,0.8823529411764705,0.8333333333333333,1.0,0.1818181818181818,0.2,1.0,0.9330127018922193,0.7320508075688774,0.9781476007338057,0.6545084971874737,0.0990311320975808,0.8019377358048383,1.0,0.8694599700858063,0.9999999999999999,1.0,1.0,0.1818181818181818,0.23333333333333334,0.0,0.9330127018922193,0.7320508075688774,1.0,0.5522642316338269,0.5,1.0,1.0,0.871546091474455,0.9999999999999999,1.0,1.0,0.1818181818181818,0.26666666666666666,0.16666666666666666,0.9330127018922193,0.7320508075688774,1.0,0.44773576836617335,0.9009688679024191,0.8019377358048384,0.8571428571428571,0.8736125324726443,0.8823529411764705,0.8333333333333333,1.0,0.1818181818181818,0.3,0.3333333333333333,0.9330127018922193,0.7320508075688774,0.9781476007338057,0.34549150281252633,1.0,0.3568958678922095,1.0,0.8756986538612925,0.9999999999999999,1.0,1.0,0.1818181818181818,0.3333333333333333,0.5,0.9330127018922193,0.7320508075688774,0.9353978569087953,0.2500000000000001,0.7225209339563144,5.551115123125783e-17,0.7999999999999999,0.8777847752499408,0.8235294117647057,0.7777777777777777,1.0,0.1818181818181818,0.3666666666666667,0.6666666666666666,0.9330127018922193,0.7320508075688774,0.8736191374661523,0.16543469682057105,0.27747906604368566,0.0,0.7999999999999999,0.8798512162481305,0.8235294117647057,0.7777777777777777,1.0,0.1818181818181818,0.4,0.8333333333333333,0.9330127018922193,0.7320508075688774,0.7955114688927061,0.09549150281252633,0.0,0.3568958678922094,0.7999999999999999,0.8819963788081555,0.8235294117647057,0.7777777777777777,1.0,0.1818181818181818,0.43333333333333335,1.0,0.9330127018922193,0.7320508075688774,0.704488531107294,0.04322727117869962,0.0990311320975808,0.8019377358048383,0.7999999999999999,0.8841218609777219,0.8235294117647057,0.7777777777777777,1.0,0.1818181818181818,0.4666666666666667,0.0,0.9330127018922193,0.7320508075688774,0.6045284632676536,0.010926199633097211,0.5,1.0,0.7999999999999999,0.8862867039282061,0.8235294117647057,0.7777777777777777,1.0,0.1818181818181818,0.5,0.16666666666666666,0.9330127018922193,0.7320508075688774,0.5000000000000001,0.0,0.9009688679024191,0.8019377358048384,0.7999999999999999,0.8884121860977721,0.8235294117647057,0.7777777777777777,1.0,0.1818181818181818,0.5333333333333333,0.3333333333333333,0.9330127018922193,0.7320508075688774,0.3954715367323467,0.010926199633097156,1.0,0.3568958678922095,0.7999999999999999,0.8905179878768794,0.8235294117647057,0.7777777777777777,1.0,0.1818181818181818,0.5666666666666667,0.5,0.9330127018922193,0.7320508075688774,0.29551146889270624,0.043227271178699456,0.7225209339563144,5.551115123125783e-17,0.7999999999999999,0.8926041092655277,0.8235294117647057,0.7777777777777777,1.0,0.1818181818181818,0.6,0.6666666666666666,0.9330127018922193,0.7320508075688774,0.20448853110729398,0.09549150281252627,0.27747906604368566,0.0,0.7999999999999999,0.894690230654176,0.8235294117647057,0.7777777777777777,1.0,0.1818181818181818,0.6333333333333333,0.8333333333333333,0.9330127018922193,0.7320508075688774,0.12638086253384795,0.16543469682057077,0.0,0.3568958678922094,0.7999999999999999,0.8968353932142015,0.8235294117647057,0.7777777777777777,1.0,0.1818181818181818,0.6666666666666666,1.0,0.9330127018922193,0.7320508075688774,0.06460214309120482,0.24999999999999978,0.0990311320975808,0.8019377358048383,0.7999999999999999,0.8989411949933088,0.8235294117647057,0.7777777777777777,1.0,0.1818181818181818,0.7,0.0,0.9330127018922193,0.7320508075688774,0.021852399266194367,0.3454915028125262,0.5,1.0,0.7999999999999999,0.9010469967724157,0.8235294117647057,0.7777777777777777,1.0,0.1818181818181818,0.7333333333333333,0.16666666666666666,0.9330127018922193,0.7320508075688774,0.0,0.4477357683661729,0.9009688679024191,0.8019377358048384,0.7999999999999999,0.9031331181610645,0.8235294117647057,0.7777777777777777,1.0,0.1818181818181818,0.7666666666666667,0.3333333333333333,0.9330127018922193,0.7320508075688774,0.0,0.5522642316338265,1.0,0.3568958678922095,0.7999999999999999,0.9052192395497127,0.8235294117647057,0.7777777777777777,1.0,0.1818181818181818,0.8,0.5,0.9330127018922193,0.7320508075688774,0.02185239926619431,0.6545084971874736,0.7225209339563144,5.551115123125783e-17,0.7999999999999999,0.9073250413288201,0.8235294117647057,0.7777777777777777,1.0,0.1818181818181818,0.8333333333333334,0.6666666666666666,0.9330127018922193,0.7320508075688774,0.06460214309120454,0.7499999999999997,0.27747906604368566,0.0,0.7999999999999999,0.9093914823270093,0.8235294117647057,0.7777777777777777,1.0,0.1818181818181818,0.8666666666666667,0.8333333333333333,0.9330127018922193,0.7320508075688774,0.12638086253384767,0.8345653031794289,0.0,0.3568958678922094,0.7999999999999999,0.9114776037156576,0.8235294117647057,0.7777777777777777,1.0,0.1818181818181818,0.9,1.0,0.9330127018922193,0.7320508075688774,0.20448853110729381,0.9045084971874737,0.0990311320975808,0.8019377358048383,0.7999999999999999,0.9135243643233881,0.8235294117647057,0.7777777777777777,1.0,0.1818181818181818,0.9333333333333333,0.0,0.9330127018922193,0.7320508075688774,0.2955114688927057,0.9567727288213003,0.5,1.0,0.7999999999999999,0.9155711249311187,0.8235294117647057,0.7777777777777777,1.0,0.1818181818181818,0.9666666666666667,0.16666666666666666,0.9330127018922193,0.7320508075688774,0.39547153673234625,0.9890738003669028,0.9009688679024191,0.8019377358048384,0.8571428571428571,0.917558844367472,0.8823529411764705,0.8333333333333333,1.0,0.1818181818181818,0.9999999999999999,0.3333333333333333,0.9330127018922193,0.7320508075688774,0.4999999999999999,1.0,1.0,0.3568958678922095,0.8571428571428571,0.9195662441942849,0.8823529411764705,0.8333333333333333,1.0,0.2727272727272727,0.0,0.5,1.0,0.4641016151377547,0.5,1.0,0.7225209339563144,5.551115123125783e-17,0.8571428571428571,0.9215146028497205,0.8823529411764705,0.8333333333333333,1.0,0.2727272727272727,0.03333333333333333,0.6666666666666666,1.0,0.4641016151377547,0.6045284632676534,0.9890738003669028,0.27747906604368566,0.0,0.8571428571428571,0.9235810438479097,0.8823529411764705,0.8333333333333333,1.0,0.2727272727272727,0.06666666666666668,0.8333333333333333,1.0,0.4641016151377547,0.7044885311072939,0.9567727288213004,0.0,0.3568958678922094,0.8571428571428571,0.9256474848460994,0.8823529411764705,0.8333333333333333,1.0,0.2727272727272727,0.1,1.0,1.0,0.4641016151377547,0.7955114688927061,0.9045084971874737,0.0990311320975808,0.8019377358048383,0.8571428571428571,0.9277139258442886,0.8823529411764705,0.8333333333333333,1.0,0.2727272727272727,0.13333333333333333,0.0,1.0,0.4641016151377547,0.8736191374661522,0.8345653031794291,0.5,1.0,0.8571428571428571,0.9297606864520191,0.8823529411764705,0.8333333333333333,1.0,0.2727272727272727,0.16666666666666669,0.16666666666666666,1.0,0.4641016151377547,0.9353978569087953,0.75,0.9009688679024191,0.8019377358048384,0.7999999999999999,0.9318468078406674,0.8235294117647057,0.7777777777777777,1.0,0.2727272727272727,0.2,0.3333333333333333,1.0,0.4641016151377547,0.9781476007338057,0.6545084971874737,1.0,0.3568958678922095
0.8857142857142858,0.814295835629379,0.8823529411764705,0.8888888888888888,1.0,0.09090909090909091,0.2,1.0,0.75,0.9282032302755092,0.9781476007338057,0.6545084971874737,0.0990311320975808,0.8019377358048383,0.8571428571428571,0.8162245138943556,0.8823529411764705,0.8333333333333333,1.0,0.09090909090909091,0.23333333333333334,0.0,0.75,0.9282032302755092,1.0,0.5522642316338269,0.5,1.0,0.8571428571428571,0.8181925529402503,0.8823529411764705,0.8333333333333333,1.0,0.09090909090909091,0.26666666666666666,0.16666666666666666,0.75,0.9282032302755092,1.0,0.44773576836617335,0.9009688679024191,0.8019377358048384,0.8571428571428571,0.8201212312052273,0.8823529411764705,0.8333333333333333,1.0,0.09090909090909091,0.3,0.3333333333333333,0.75,0.9282032302755092,0.9781476007338057,0.34549150281252633,1.0,0.3568958678922095,0.8571428571428571,0.8221089506415806,0.8823529411764705,0.8333333333333333,1.0,0.09090909090909091,0.3333333333333333,0.5,0.75,0.9282032302755092,0.9353978569087953,0.2500000000000001,0.7225209339563144,5.551115123125783e-17,0.8571428571428571,0.8240573092970163,0.8823529411764705,0.8333333333333333,1.0,0.09090909090909091,0.3666666666666667,0.6666666666666666,0.75,0.9282032302755092,0.8736191374661523,0.16543469682057105,0.27747906604368566,0.0,0.8571428571428571,0.826025348342911,0.8823529411764705,0.8333333333333333,1.0,0.09090909090909091,0.4,0.8333333333333333,0.75,0.9282032302755092,0.7955114688927061,0.09549150281252633,0.0,0.3568958678922094,0.8571428571428571,0.8279933873888057,0.8823529411764705,0.8333333333333333,1.0,0.09090909090909091,0.43333333333333335,1.0,0.75,0.9282032302755092,0.704488531107294,0.04322727117869962,0.0990311320975808,0.8019377358048383,0.8571428571428571,0.8299614264347004,0.8823529411764705,0.8333333333333333,1.0,0.09090909090909091,0.4666666666666667,0.0,0.75,0.9282032302755092,0.6045284632676536,0.010926199633097211,0.5,1.0,0.8571428571428571,0.8319294654805951,0.8823529411764705,0.8333333333333333,1.0,0.09090909090909091,0.5,0.16666666666666666,0.75,0.9282032302755092,0.5000000000000001,0.0,0.9009688679024191,0.8019377358048384,0.8571428571428571,0.8339368653074075,0.8823529411764705,0.8333333333333333,1.0,0.09090909090909091,0.5333333333333333,0.3333333333333333,0.75,0.9282032302755092,0.3954715367323467,0.010926199633097156,1.0,0.3568958678922095,0.8571428571428571,0.8358852239628436,0.8823529411764705,0.8333333333333333,1.0,0.09090909090909091,0.5666666666666667,0.5,0.75,0.9282032302755092,0.29551146889270624,0.043227271178699456,0.7225209339563144,5.551115123125783e-17,0.7999999999999999,0.837892623789656,0.8235294117647057,0.7777777777777777,1.0,0.09090909090909091,0.6,0.6666666666666666,0.75,0.9282032302755092,0.20448853110729398,0.09549150281252627,0.27747906604368566,0.0,0.8571428571428571,0.8398213020546326,0.8823529411764705,0.8333333333333333,1.0,0.09090909090909091,0.6333333333333333,0.8333333333333333,0.75,0.9282032302755092,0.12638086253384795,0.16543469682057077,0.0,0.3568958678922094,0.8857142857142858,0.8417106195386914,0.8823529411764705,0.8888888888888888,1.0,0.09090909090909091,0.6666666666666666,1.0,0.75,0.9282032302755092,0.06460214309120482,0.24999999999999978,0.0990311320975808,0.8019377358048383,0.8571428571428571,0.8436196174132093,0.8823529411764705,0.8333333333333333,1.0,0.09090909090909091,0.7,0.0,0.75,0.9282032302755092,0.021852399266194367,0.3454915028125262,0.5,1.0,0.8571428571428571,0.8455286152877273,0.8823529411764705,0.8333333333333333,1.0,0.09090909090909091,0.7333333333333333,0.16666666666666666,0.75,0.9282032302755092,0.0,0.4477357683661729,0.9009688679024191,0.8019377358048384,0.8571428571428571,0.8473785719908684,0.8823529411764705,0.8333333333333333,1.0,0.09090909090909091,0.7666666666666667,0.3333333333333333,0.75,0.9282032302755092,0.0,0.5522642316338265,1.0,0.3568958678922095,0.8571428571428571,0.849326930646304,0.8823529411764705,0.8333333333333333,1.0,0.09090909090909091,0.8,0.5,0.75,0.9282032302755092,0.02185239926619431,0.6545084971874736,0.7225209339563144,5.551115123125783e-17,0.8571428571428571,0.8513343304731165,0.8823529411764705,0.8333333333333333,1.0,0.09090909090909091,0.8333333333333334,0.6666666666666666,0.75,0.9282032302755092,0.06460214309120454,0.7499999999999997,0.27747906604368566,0.0,0.8571428571428571,0.8532630087380935,0.8823529411764705,0.8333333333333333,1.0,0.09090909090909091,0.8666666666666667,0.8333333333333333,0.75,0.9282032302755092,0.12638086253384767,0.8345653031794289,0.0,0.3568958678922094,0.8571428571428571,0.8552310477839882,0.8823529411764705,0.8333333333333333,1.0,0.09090909090909091,0.9,1.0,0.75,0.9282032302755092,0.20448853110729381,0.9045084971874737,0.0990311320975808,0.8019377358048383,0.8571428571428571,0.8571990868298829,0.8823529411764705,0.8333333333333333,1.0,0.1818181818181818,0.0,0.0,0.9330127018922193,0.7320508075688774,0.5,1.0,0.5,1.0,0.8571428571428571,0.859245847437613,0.8823529411764705,0.8333333333333333,1.0,0.1818181818181818,0.03333333333333333,0.16666666666666666,0.9330127018922193,0.7320508075688774,0.6045284632676534,0.9890738003669028,0.9009688679024191,0.8019377358048384,0.8571428571428571,0.8612926080453436,0.8823529411764705,0.8333333333333333,1.0,0.1818181818181818,0.06666666666666668,0.3333333333333333,0.9330127018922193,0.7320508075688774,0.7044885311072939,0.9567727288213004,1.0,0.3568958678922095,0.8571428571428571,0.863300007872156,0.8823529411764705,0.8333333333333333,1.0,0.1818181818181818,0.13333333333333333,0.6666666666666666,0.9330127018922193,0.7320508075688774,0.8736191374661522,0.8345653031794291,0.27747906604368566,0.0,0.8571428571428571,0.8653467684798866,0.8823529411764705,0.8333333333333333,1.0,0.1818181818181818,0.16666666666666669,0.8333333333333333,0.9330127018922193,0.7320508075688774,0.9353978569087953,0.75,0.0,0.3568958678922094,0.8571428571428571,0.8673935290876171,0.8823529411764705,0.8333333333333333,1.0,0.1818181818181818,0.2,1.0,0.9330127018922193,0.7320508075688774,0.9781476007338057,0.6545084971874737,0.0990311320975808,0.8019377358048383,1.0,0.8694599700858063,0.9999999999999999,1.0,1.0,0.1818181818181818,0.23333333333333334,0.0,0.9330127018922193,0.7320508075688774,1.0,0.5522642316338269,0.5,1.0,1.0,0.871546091474455,0.9999999999999999,1.0,1.0,0.1818181818181818,0.26666666666666666,0.16666666666666666,0.9330127018922193,0.7320508075688774,1.0,0.44773576836617335,0.9009688679024191,0.8019377358048384,0.8571428571428571,0.8736125324726443,0.8823529411764705,0.8333333333333333,1.0,0.1818181818181818,0.3,0.3333333333333333,0.9330127018922193,0.7320508075688774,0.9781476007338057,0.34549150281252633,1.0,0.3568958678922095,1.0,0.8756986538612925,0.9999999999999999,1.0,1.0,0.1818181818181818,0.3333333333333333,0.5,0.9330127018922193,0.7320508075688774,0.9353978569087953,0.2500000000000001,0.7225209339563144,5.551115123125783e-17,0.7999999999999999,0.8777847752499408,0.8235294117647057,0.7777777777777777,1.0,0.1818181818181818,0.3666666666666667,0.6666666666666666,0.9330127018922193,0.7320508075688774,0.8736191374661523,0.16543469682057105,0.27747906604368566,0.0,0.7999999999999999,0.8798512162481305,0.8235294117647057,0.7777777777777777,1.0,0.1818181818181818,0.4,0.8333333333333333,0.9330127018922193,0.7320508075688774,0.7955114688927061,0.09549150281252633,0.0,0.3568958678922094,0.7999999999999999,0.8819963788081555,0.8235294117647057,0.7777777777777777,1.0,0.1818181818181818,0.43333333333333335,1.0,0.9330127018922193,0.7320508075688774,0.704488531107294,0.04322727117869962,0.0990311320975808,0.8019377358048383,0.7999999999999999,0.8841218609777219,0.8235294117647057,0.7777777777777777,1.0,0.1818181818181818,0.4666666666666667,0.0,0.9330127018922193,0.7320508075688774,0.6045284632676536,0.010926199633097211,0.5,1.0,0.7999999999999999,0.8862867039282061,0.8235294117647057,0.7777777777777777,1.0,0.1818181818181818,0.5,0.16666666666666666,0.9330127018922193,0.7320508075688774,0.5000000000000001,0.0,0.9009688679024191,0.8019377358048384,0.7999999999999999,0.8884121860977721,0.8235294117647057,0.7777777777777777,1.0,0.1818181818181818,0.5333333333333333,0.3333333333333333,0.9330127018922193,0.7320508075688774,0.3954715367323467,0.010926199633097156,1.0,0.3568958678922095,0.7999999999999999,0.8905179878768794,0.8235294117647057,0.7777777777777777,1.0,0.1818181818181818,0.5666666666666667,0.5,0.9330127018922193,0.7320508075688774,0.29551146889270624,0.043227271178699456,0.7225209339563144,5.551115123125783e-17,0.7999999999999999,0.8926041092655277,0.8235294117647057,0.7777777777777777,1.0,0.1818181818181818,0.6,0.6666666666666666,0.9330127018922193,0.7320508075688774,0.20448853110729398,0.09549150281252627,0.27747906604368566,0.0,0.7999999999999999,0.894690230654176,0.8235294117647057,0.7777777777777777,1.0,0.1818181818181818,0.6333333333333333,0.8333333333333333,0.9330127018922193,0.7320508075688774,0.12638086253384795,0.16543469682057077,0.0,0.3568958678922094,0.7999999999999999,0.8968353932142015,0.8235294117647057,0.7777777777777777,1.0,0.1818181818181818,0.6666666666666666,1.0,0.9330127018922193,0.7320508075688774,0.06460214309120482,0.24999999999999978,0.0990311320975808,0.8019377358048383,0.7999999999999999,0.8989411949933088,0.8235294117647057,0.7777777777777777,1.0,0.1818181818181818,0.7,0.0,0.9330127018922193,0.7320508075688774,0.021852399266194367,0.3454915028125262,0.5,1.0,0.7999999999999999,0.9010469967724157,0.8235294117647057,0.7777777777777777,1.0,0.1818181818181818,0.7333333333333333,0.16666666666666666,0.9330127018922193,0.7320508075688774,0.0,0.4477357683661729,0.9009688679024191,0.8019377358048384,0.7999999999999999,0.9031331181610645,0.8235294117647057,0.7777777777777777,1.0,0.1818181818181818,0.7666666666666667,0.3333333333333333,0.9330127018922193,0.7320508075688774,0.0,0.5522642316338265,1.0,0.3568958678922095,0.7999999999999999,0.9052192395497127,0.8235294117647057,0.7777777777777777,1.0,0.1818181818181818,0.8,0.5,0.9330127018922193,0.7320508075688774,0.02185239926619431,0.6545084971874736,0.7225209339563144,5.551115123125783e-17,0.7999999999999999,0.9073250413288201,0.8235294117647057,0.7777777777777777,1.0,0.1818181818181818,0.8333333333333334,0.6666666666666666,0.9330127018922193,0.7320508075688774,0.06460214309120454,0.7499999999999997,0.27747906604368566,0.0,0.7999999999999999,0.9093914823270093,0.8235294117647057,0.7777777777777777,1.0,0.1818181818181818,0.8666666666666667,0.8333333333333333,0.9330127018922193,0.7320508075688774,0.12638086253384767,0.8345653031794289,0.0,0.3568958678922094,0.7999999999999999,0.9114776037156576,0.8235294117647057,0.7777777777777777,1.0,0.1818181818181818,0.9,1.0,0.9330127018922193,0.7320508075688774,0.20448853110729381,0.9045084971874737,0.0990311320975808,0.8019377358048383,0.7999999999999999,0.9135243643233881,0.8235294117647057,0.7777777777777777,1.0,0.1818181818181818,0.9333333333333333,0.0,0.9330127018922193,0.7320508075688774,0.2955114688927057,0.9567727288213003,0.5,1.0,0.7999999999999999,0.9155711249311187,0.8235294117647057,0.7777777777777777,1.0,0.1818181818181818,0.9666666666666667,0.16666666666666666,0.9330127018922193,0.7320508075688774,0.39547153673234625,0.9890738003669028,0.9009688679024191,0.8019377358048384,0.8571428571428571,0.917558844367472,0.8823529411764705,0.8333333333333333,1.0,0.1818181818181818,0.9999999999999999,0.3333333333333333,0.9330127018922193,0.7320508075688774,0.4999999999999999,1.0,1.0,0.3568958678922095,0.8571428571428571,0.9195662441942849,0.8823529411764705,0.8333333333333333,1.0,0.2727272727272727,0.0,0.5,1.0,0.4641016151377547,0.5,1.0,0.7225209339563144,5.551115123125783e-17,0.8571428571428571,0.9215146028497205,0.8823529411764705,0.8333333333333333,1.0,0.2727272727272727,0.03333333333333333,0.6666666666666666,1.0,0.4641016151377547,0.6045284632676534,0.9890738003669028,0.27747906604368566,0.0,0.8571428571428571,0.9235810438479097,0.8823529411764705,0.8333333333333333,1.0,0.2727272727272727,0.06666666666666668,0.8333333333333333,1.0,0.4641016151377547,0.7044885311072939,0.9567727288213004,0.0,0.3568958678922094,0.8571428571428571,0.9256474848460994,0.8823529411764705,0.8333333333333333,1.0,0.2727272727272727,0.1,1.0,1.0,0.4641016151377547,0.7955114688927061,0.9045084971874737,0.0990311320975808,0.8019377358048383,0.8571428571428571,0.9277139258442886,0.8823529411764705,0.8333333333333333,1.0,0.2727272727272727,0.13333333333333333,0.0,1.0,0.4641016151377547,0.8736191374661522,0.8345653031794291,0.5,1.0,0.8571428571428571,0.9297606864520191,0.8823529411764705,0.8333333333333333,1.0,0.2727272727272727,0.16666666666666669,0.16666666666666666,1.0,0.4641016151377547,0.9353978569087953,0.75,0.9009688679024191,0.8019377358048384,0.7999999999999999,0.9318468078406674,0.8235294117647057,0.7777777777777777,1.0,0.2727272727272727,0.2,0.3333333333333333,1.0,0.4641016151377547,0.9781476007338057,0.6545084971874737,1.0,0.3568958678922095,0.7999999999999999,0.9338542076674803,0.8235294117647057,0.7777777777777777,1.0,0.2727272727272727,0.23333333333333334,0.5,1.0,0.4641016151377547,1.0,0.5522642316338269,0.7225209339563144,5.551115123125783e-17
0.8571428571428571,0.8162245138943556,0.8823529411764705,0.8333333333333333,1.0,0.09090909090909091,0.23333333333333334,0.0,0.75,0.9282032302755092,1.0,0.5522642316338269,0.5,1.0,0.8571428571428571,0.8181925529402503,0.8823529411764705,0.8333333333333333,1.0,0.09090909090909091,0.26666666666666666,0.16666666666666666,0.75,0.9282032302755092,1.0,0.44773576836617335,0.9009688679024191,0.8019377358048384,0.8571428571428571,0.8201212312052273,0.8823529411764705,0.8333333333333333,1.0,0.09090909090909091,0.3,0.3333333333333333,0.75,0.9282032302755092,0.9781476007338057,0.34549150281252633,1.0,0.3568958678922095,0.8571428571428571,0.8221089506415806,0.8823529411764705,0.8333333333333333,1.0,0.09090909090909091,0.3333333333333333,0.5,0.75,0.9282032302755092,0.9353978569087953,0.2500000000000001,0.7225209339563144,5.551115123125783e-17,0.8571428571428571,0.8240573092970163,0.8823529411764705,0.8333333333333333,1.0,0.09090909090909091,0.3666666666666667,0.6666666666666666,0.75,0.9282032302755092,0.8736191374661523,0.16543469682057105,0.27747906604368566,0.0,0.8571428571428571,0.826025348342911,0.8823529411764705,0.8333333333333333,1.0,0.09090909090909091,0.4,0.8333333333333333,0.75,0.9282032302755092,0.7955114688927061,0.09549150281252633,0.0,0.3568958678922094,0.8571428571428571,0.8279933873888057,0.8823529411764705,0.8333333333333333,1.0,0.09090909090909091,0.43333333333333335,1.0,0.75,0.9282032302755092,0.704488531107294,0.04322727117869962,0.0990311320975808,0.8019377358048383,0.8571428571428571,0.8299614264347004,0.8823529411764705,0.8333333333333333,1.0,0.09090909090909091,0.4666666666666667,0.0,0.75,0.9282032302755092,0.6045284632676536,0.010926199633097211,0.5,1.0,0.8571428571428571,0.8319294654805951,0.8823529411764705,0.8333333333333333,1.0,0.09090909090909091,0.5,0.16666666666666666,0.75,0.9282032302755092,0.5000000000000001,0.0,0.9009688679024191,0.8019377358048384,0.8571428571428571,0.8339368653074075,0.8823529411764705,0.8333333333333333,1.0,0.09090909090909091,0.5333333333333333,0.3333333333333333,0.75,0.9282032302755092,0.3954715367323467,0.010926199633097156,1.0,0.3568958678922095,0.8571428571428571,0.8358852239628436,0.8823529411764705,0.8333333333333333,1.0,0.09090909090909091,0.5666666666666667,0.5,0.75,0.9282032302755092,0.29551146889270624,0.043227271178699456,0.7225209339563144,5.551115123125783e-17,0.7999999999999999,0.837892623789656,0.8235294117647057,0.7777777777777777,1.0,0.09090909090909091,0.6,0.6666666666666666,0.75,0.9282032302755092,0.20448853110729398,0.09549150281252627,0.27747906604368566,0.0,0.8571428571428571,0.8398213020546326,0.8823529411764705,0.8333333333333333,1.0,0.09090909090909091,0.6333333333333333,0.8333333333333333,0.75,0.9282032302755092,0.12638086253384795,0.16543469682057077,0.0,0.3568958678922094,0.8857142857142858,0.8417106195386914,0.8823529411764705,0.8888888888888888,1.0,0.09090909090909091,0.6666666666666666,1.0,0.75,0.9282032302755092,0.06460214309120482,0.24999999999999978,0.0990311320975808,0.8019377358048383,0.8571428571428571,0.8436196174132093,0.8823529411764705,0.8333333333333333,1.0,0.09090909090909091,0.7,0.0,0.75,0.9282032302755092,0.021852399266194367,0.3454915028125262,0.5,1.0,0.8571428571428571,0.8455286152877273,0.8823529411764705,0.8333333333333333,1.0,0.09090909090909091,0.7333333333333333,0.16666666666666666,0.75,0.9282032302755092,0.0,0.4477357683661729,0.9009688679024191,0.8019377358048384,0.8571428571428571,0.8473785719908684,0.8823529411764705,0.8333333333333333,1.0,0.09090909090909091,0.7666666666666667,0.3333333333333333,0.75,0.9282032302755092,0.0,0.5522642316338265,1.0,0.3568958678922095,0.8571428571428571,0.849326930646304,0.8823529411764705,0.8333333333333333,1.0,0.09090909090909091,0.8,0.5,0.75,0.9282032302755092,0.02185239926619431,0.6545084971874736,0.7225209339563144,5.551115123125783e-17,0.8571428571428571,0.8513343304731165,0.8823529411764705,0.8333333333333333,1.0,0.09090909090909091,0.8333333333333334,0.6666666666666666,0.75,0.9282032302755092,0.06460214309120454,0.7499999999999997,0.27747906604368566,0.0,0.8571428571428571,0.8532630087380935,0.8823529411764705,0.8333333333333333,1.0,0.09090909090909091,0.8666666666666667,0.8333333333333333,0.75,0.9282032302755092,0.12638086253384767,0.8345653031794289,0.0,0.3568958678922094,0.8571428571428571,0.8552310477839882,0.8823529411764705,0.8333333333333333,1.0,0.09090909090909091,0.9,1.0,0.75,0.9282032302755092,0.20448853110729381,0.9045084971874737,0.0990311320975808,0.8019377358048383,0.8571428571428571,0.8571990868298829,0.8823529411764705,0.8333333333333333,1.0,0.1818181818181818,0.0,0.0,0.9330127018922193,0.7320508075688774,0.5,1.0,0.5,1.0,0.8571428571428571,0.859245847437613,0.8823529411764705,0.8333333333333333,1.0,0.1818181818181818,0.03333333333333333,0.16666666666666666,0.9330127018922193,0.7320508075688774,0.6045284632676534,0.9890738003669028,0.9009688679024191,0.8019377358048384,0.8571428571428571,0.8612926080453436,0.8823529411764705,0.8333333333333333,1.0,0.1818181818181818,0.06666666666666668,0.3333333333333333,0.9330127018922193,0.7320508075688774,0.7044885311072939,0.9567727288213004,1.0,0.3568958678922095,0.8571428571428571,0.863300007872156,0.8823529411764705,0.8333333333333333,1.0,0.1818181818181818,0.13333333333333333,0.6666666666666666,0.9330127018922193,0.7320508075688774,0.8736191374661522,0.8345653031794291,0.27747906604368566,0.0,0.8571428571428571,0.8653467684798866,0.8823529411764705,0.8333333333333333,1.0,0.1818181818181818,0.16666666666666669,0.8333333333333333,0.9330127018922193,0.7320508075688774,0.9353978569087953,0.75,0.0,0.3568958678922094,0.8571428571428571,0.8673935290876171,0.8823529411764705,0.8333333333333333,1.0,0.1818181818181818,0.2,1.0,0.9330127018922193,0.7320508075688774,0.9781476007338057,0.6545084971874737,0.0990311320975808,0.8019377358048383,1.0,0.8694599700858063,0.9999999999999999,1.0,1.0,0.1818181818181818,0.23333333333333334,0.0,0.9330127018922193,0.7320508075688774,1.0,0.5522642316338269,0.5,1.0,1.0,0.871546091474455,0.9999999999999999,1.0,1.0,0.1818181818181818,0.26666666666666666,0.16666666666666666,0.9330127018922193,0.7320508075688774,1.0,0.44773576836617335,0.9009688679024191,0.8019377358048384,0.8571428571428571,0.8736125324726443,0.8823529411764705,0.8333333333333333,1.0,0.1818181818181818,0.3,0.3333333333333333,0.9330127018922193,0.7320508075688774,0.9781476007338057,0.34549150281252633,1.0,0.3568958678922095,1.0,0.8756986538612925,0.9999999999999999,1.0,1.0,0.1818181818181818,0.3333333333333333,0.5,0.9330127018922193,0.7320508075688774,0.9353978569087953,0.2500000000000001,0.7225209339563144,5.551115123125783e-17,0.7999999999999999,0.8777847752499408,0.8235294117647057,0.7777777777777777,1.0,0.1818181818181818,0.3666666666666667,0.6666666666666666,0.9330127018922193,0.7320508075688774,0.8736191374661523,0.16543469682057105,0.27747906604368566,0.0,0.7999999999999999,0.8798512162481305,0.8235294117647057,0.7777777777777777,1.0,0.1818181818181818,0.4,0.8333333333333333,0.9330127018922193,0.7320508075688774,0.7955114688927061,0.09549150281252633,0.0,0.3568958678922094,0.7999999999999999,0.8819963788081555,0.8235294117647057,0.7777777777777777,1.0,0.1818181818181818,0.43333333333333335,1.0,0.9330127018922193,0.7320508075688774,0.704488531107294,0.04322727117869962,0.0990311320975808,0.8019377358048383,0.7999999999999999,0.8841218609777219,0.8235294117647057,0.7777777777777777,1.0,0.1818181818181818,0.4666666666666667,0.0,0.9330127018922193,0.7320508075688774,0.6045284632676536,0.010926199633097211,0.5,1.0,0.7999999999999999,0.8862867039282061,0.8235294117647057,0.7777777777777777,1.0,0.1818181818181818,0.5,0.16666666666666666,0.9330127018922193,0.7320508075688774,0.5000000000000001,0.0,0.9009688679024191,0.8019377358048384,0.7999999999999999,0.8884121860977721,0.8235294117647057,0.7777777777777777,1.0,0.1818181818181818,0.5333333333333333,0.3333333333333333,0.9330127018922193,0.7320508075688774,0.3954715367323467,0.010926199633097156,1.0,0.3568958678922095,0.7999999999999999,0.8905179878768794,0.8235294117647057,0.7777777777777777,1.0,0.1818181818181818,0.5666666666666667,0.5,0.9330127018922193,0.7320508075688774,0.29551146889270624,0.043227271178699456,0.7225209339563144,5.551115123125783e-17,0.7999999999999999,0.8926041092655277,0.8235294117647057,0.7777777777777777,1.0,0.1818181818181818,0.6,0.6666666666666666,0.9330127018922193,0.7320508075688774,0.20448853110729398,0.09549150281252627,0.27747906604368566,0.0,0.7999999999999999,0.894690230654176,0.8235294117647057,0.7777777777777777,1.0,0.1818181818181818,0.6333333333333333,0.8333333333333333,0.9330127018922193,0.7320508075688774,0.12638086253384795,0.16543469682057077,0.0,0.3568958678922094,0.7999999999999999,0.8968353932142015,0.8235294117647057,0.7777777777777777,1.0,0.1818181818181818,0.6666666666666666,1.0,0.9330127018922193,0.7320508075688774,0.06460214309120482,0.24999999999999978,0.0990311320975808,0.8019377358048383,0.7999999999999999,0.8989411949933088,0.8235294117647057,0.7777777777777777,1.0,0.1818181818181818,0.7,0.0,0.9330127018922193,0.7320508075688774,0.021852399266194367,0.3454915028125262,0.5,1.0,0.7999999999999999,0.9010469967724157,0.8235294117647057,0.7777777777777777,1.0,0.1818181818181818,0.7333333333333333,0.16666666666666666,0.9330127018922193,0.7320508075688774,0.0,0.4477357683661729,0.9009688679024191,0.8019377358048384,0.7999999999999999,0.9031331181610645,0.8235294117647057,0.7777777777777777,1.0,0.1818181818181818,0.7666666666666667,0.3333333333333333,0.9330127018922193,0.7320508075688774,0.0,0.5522642316338265,1.0,0.3568958678922095,0.7999999999999999,0.9052192395497127,0.8235294117647057,0.7777777777777777,1.0,0.1818181818181818,0.8,0.5,0.9330127018922193,0.7320508075688774,0.02185239926619431,0.6545084971874736,0.7225209339563144,5.551115123125783e-17,0.7999999999999999,0.9073250413288201,0.8235294117647057,0.7777777777777777,1.0,0.1818181818181818,0.8333333333333334,0.6666666666666666,0.9330127018922193,0.7320508075688774,0.06460214309120454,0.7499999999999997,0.27747906604368566,0.0,0.7999999999999999,0.9093914823270093,0.8235294117647057,0.7777777777777777,1.0,0.1818181818181818,0.8666666666666667,0.8333333333333333,0.9330127018922193,0.7320508075688774,0.12638086253384767,0.8345653031794289,0.0,0.3568958678922094,0.7999999999999999,0.9114776037156576,0.8235294117647057,0.7777777777777777,1.0,0.1818181818181818,0.9,1.0,0.9330127018922193,0.7320508075688774,0.20448853110729381,0.9045084971874737,0.0990311320975808,0.8019377358048383,0.7999999999999999,0.9135243643233881,0.8235294117647057,0.7777777777777777,1.0,0.1818181818181818,0.9333333333333333,0.0,0.9330127018922193,0.7320508075688774,0.2955114688927057,0.9567727288213003,0.5,1.0,0.7999999999999999,0.9155711249311187,0.8235294117647057,0.7777777777777777,1.0,0.1818181818181818,0.9666666666666667,0.16666666666666666,0.9330127018922193,0.7320508075688774,0.39547153673234625,0.9890738003669028,0.9009688679024191,0.8019377358048384,0.8571428571428571,0.917558844367472,0.8823529411764705,0.8333333333333333,1.0,0.1818181818181818,0.9999999999999999,0.3333333333333333,0.9330127018922193,0.7320508075688774,0.4999999999999999,1.0,1.0,0.3568958678922095,0.8571428571428571,0.9195662441942849,0.8823529411764705,0.8333333333333333,1.0,0.2727272727272727,0.0,0.5,1.0,0.4641016151377547,0.5,1.0,0.7225209339563144,5.551115123125783e-17,0.8571428571428571,0.9215146028497205,0.8823529411764705,0.8333333333333333,1.0,0.2727272727272727,0.03333333333333333,0.6666666666666666,1.0,0.4641016151377547,0.6045284632676534,0.9890738003669028,0.27747906604368566,0.0,0.8571428571428571,0.9235810438479097,0.8823529411764705,0.8333333333333333,1.0,0.2727272727272727,0.06666666666666668,0.8333333333333333,1.0,0.4641016151377547,0.7044885311072939,0.9567727288213004,0.0,0.3568958678922094,0.8571428571428571,0.9256474848460994,0.8823529411764705,0.8333333333333333,1.0,0.2727272727272727,0.1,1.0,1.0,0.4641016151377547,0.7955114688927061,0.9045084971874737,0.0990311320975808,0.8019377358048383,0.8571428571428571,0.9277139258442886,0.8823529411764705,0.8333333333333333,1.0,0.2727272727272727,0.13333333333333333,0.0,1.0,0.4641016151377547,0.8736191374661522,0.8345653031794291,0.5,1.0,0.8571428571428571,0.9297606864520191,0.8823529411764705,0.8333333333333333,1.0,0.2727272727272727,0.16666666666666669,0.16666666666666666,1.0,0.4641016151377547,0.9353978569087953,0.75,0.9009688679024191,0.8019377358048384,0.7999999999999999,0.9318468078406674,0.8235294117647057,0.7777777777777777,1.0,0.2727272727272727,0.2,0.3333333333333333,1.0,0.4641016151377547,0.9781476007338057,0.6545084971874737,1.0,0.3568958678922095,0.7999999999999999,0.9338542076674803,0.8235294117647057,0.7777777777777777,1.0,0.2727272727272727,0.23333333333333334,0.5,1.0,0.4641016151377547,1.0,0.5522642316338269,0.7225209339563144,5.551115123125783e-17,0.7428571428571428,0.9359403290561286,0.764705882352941,0.7222222222222221,1.0,0.2727272727272727,0.26666666666666666,0.6666666666666666,1.0,0.4641016151377547,1.0,0.44773576836617335,0.27747906604368566,0.0
0.8571428571428571,0.8181925529402503,0.8823529411764705,0.8333333333333333,1.0,0.09090909090909091,0.26666666666666666,0.16666666666666666,0.75,0.9282032302755092,1.0,0.44773576836617335,0.9009688679024191,0.8019377358048384,0.8571428571428571,0.8201212312052273,0.8823529411764705,0.8333333333333333,1.0,0.09090909090909091,0.3,0.3333333333333333,0.75,0.9282032302755092,0.9781476007338057,0.34549150281252633,1.0,0.3568958678922095,0.8571428571428571,0.8221089506415806,0.8823529411764705,0.8333333333333333,1.0,0.09090909090909091,0.3333333333333333,0.5,0.75,0.9282032302755092,0.9353978569087953,0.2500000000000001,0.7225209339563144,5.551115123125783e-17,0.8571428571428571,0.8240573092970163,0.8823529411764705,0.8333333333333333,1.0,0.09090909090909091,0.3666666666666667,0.6666666666666666,0.75,0.9282032302755092,0.8736191374661523,0.16543469682057105,0.27747906604368566,0.0,0.8571428571428571,0.826025348342911,0.8823529411764705,0.8333333333333333,1.0,0.09090909090909091,0.4,0.8333333333333333,0.75,0.9282032302755092,0.7955114688927061,0.09549150281252633,0.0,0.3568958678922094,0.8571428571428571,0.8279933873888057,0.8823529411764705,0.8333333333333333,1.0,0.09090909090909091,0.43333333333333335,1.0,0.75,0.9282032302755092,0.704488531107294,0.04322727117869962,0.0990311320975808,0.8019377358048383,0.8571428571428571,0.8299614264347004,0.8823529411764705,0.8333333333333333,1.0,0.09090909090909091,0.4666666666666667,0.0,0.75,0.9282032302755092,0.6045284632676536,0.010926199633097211,0.5,1.0,0.8571428571428571,0.8319294654805951,0.8823529411764705,0.8333333333333333,1.0,0.09090909090909091,0.5,0.16666666666666666,0.75,0.9282032302755092,0.5000000000000001,0.0,0.9009688679024191,0.8019377358048384,0.8571428571428571,0.8339368653074075,0.8823529411764705,0.8333333333333333,1.0,0.09090909090909091,0.5333333333333333,0.3333333333333333,0.75,0.9282032302755092,0.3954715367323467,0.010926199633097156,1.0,0.3568958678922095,0.8571428571428571,0.8358852239628436,0.8823529411764705,0.8333333333333333,1.0,0.09090909090909091,0.5666666666666667,0.5,0.75,0.9282032302755092,0.29551146889270624,0.043227271178699456,0.7225209339563144,5.551115123125783e-17,0.7999999999999999,0.837892623789656,0.8235294117647057,0.7777777777777777,1.0,0.09090909090909091,0.6,0.6666666666666666,0.75,0.9282032302755092,0.20448853110729398,0.09549150281252627,0.27747906604368566,0.0,0.8571428571428571,0.8398213020546326,0.8823529411764705,0.8333333333333333,1.0,0.09090909090909091,0.6333333333333333,0.8333333333333333,0.75,0.9282032302755092,0.12638086253384795,0.16543469682057077,0.0,0.3568958678922094,0.8857142857142858,0.8417106195386914,0.8823529411764705,0.8888888888888888,1.0,0.09090909090909091,0.6666666666666666,1.0,0.75,0.9282032302755092,0.06460214309120482,0.24999999999999978,0.0990311320975808,0.8019377358048383,0.8571428571428571,0.8436196174132093,0.8823529411764705,0.8333333333333333,1.0,0.09090909090909091,0.7,0.0,0.75,0.9282032302755092,0.021852399266194367,0.3454915028125262,0.5,1.0,0.8571428571428571,0.8455286152877273,0.8823529411764705,0.8333333333333333,1.0,0.09090909090909091,0.7333333333333333,0.16666666666666666,0.75,0.9282032302755092,0.0,0.4477357683661729,0.9009688679024191,0.8019377358048384,0.8571428571428571,0.8473785719908684,0.8823529411764705,0.8333333333333333,1.0,0.09090909090909091,0.7666666666666667,0.3333333333333333,0.75,0.9282032302755092,0.0,0.5522642316338265,1.0,0.3568958678922095,0.8571428571428571,0.849326930646304,0.8823529411764705,0.8333333333333333,1.0,0.09090909090909091,0.8,0.5,0.75,0.9282032302755092,0.02185239926619431,0.6545084971874736,0.7225209339563144,5.551115123125783e-17,0.8571428571428571,0.8513343304731165,0.8823529411764705,0.8333333333333333,1.0,0.09090909090909091,0.8333333333333334,0.6666666666666666,0.75,0.9282032302755092,0.06460214309120454,0.7499999999999997,0.27747906604368566,0.0,0.8571428571428571,0.8532630087380935,0.8823529411764705,0.8333333333333333,1.0,0.09090909090909091,0.8666666666666667,0.8333333333333333,0.75,0.9282032302755092,0.12638086253384767,0.8345653031794289,0.0,0.3568958678922094,0.8571428571428571,0.8552310477839882,0.8823529411764705,0.8333333333333333,1.0,0.09090909090909091,0.9,1.0,0.75,0.9282032302755092,0.20448853110729381,0.9045084971874737,0.0990311320975808,0.8019377358048383,0.8571428571428571,0.8571990868298829,0.8823529411764705,0.8333333333333333,1.0,0.1818181818181818,0.0,0.0,0.9330127018922193,0.7320508075688774,0.5,1.0,0.5,1.0,0.8571428571428571,0.859245847437613,0.8823529411764705,0.8333333333333333,1.0,0.1818181818181818,0.03333333333333333,0.16666666666666666,0.9330127018922193,0.7320508075688774,0.6045284632676534,0.9890738003669028,0.9009688679024191,0.8019377358048384,0.8571428571428571,0.8612926080453436,0.8823529411764705,0.8333333333333333,1.0,0.1818181818181818,0.06666666666666668,0.3333333333333333,0.9330127018922193,0.7320508075688774,0.7044885311072939,0.9567727288213004,1.0,0.3568958678922095,0.8571428571428571,0.863300007872156,0.8823529411764705,0.8333333333333333,1.0,0.1818181818181818,0.13333333333333333,0.6666666666666666,0.9330127018922193,0.7320508075688774,0.8736191374661522,0.8345653031794291,0.27747906604368566,0.0,0.8571428571428571,0.8653467684798866,0.8823529411764705,0.8333333333333333,1.0,0.1818181818181818,0.16666666666666669,0.8333333333333333,0.9330127018922193,0.7320508075688774,0.9353978569087953,0.75,0.0,0.3568958678922094,0.8571428571428571,0.8673935290876171,0.8823529411764705,0.8333333333333333,1.0,0.1818181818181818,0.2,1.0,0.9330127018922193,0.7320508075688774,0.9781476007338057,0.6545084971874737,0.0990311320975808,0.8019377358048383,1.0,0.8694599700858063,0.9999999999999999,1.0,1.0,0.1818181818181818,0.23333333333333334,0.0,0.9330127018922193,0.7320508075688774,1.0,0.5522642316338269,0.5,1.0,1.0,0.871546091474455,0.9999999999999999,1.0,1.0,0.1818181818181818,0.26666666666666666,0.16666666666666666,0.9330127018922193,0.7320508075688774,1.0,0.44773576836617335,0.9009688679024191,0.8019377358048384,0.8571428571428571,0.8736125324726443,0.8823529411764705,0.8333333333333333,1.0,0.1818181818181818,0.3,0.3333333333333333,0.9330127018922193,0.7320508075688774,0.9781476007338057,0.34549150281252633,1.0,0.3568958678922095,1.0,0.8756986538612925,0.9999999999999999,1.0,1.0,0.1818181818181818,0.3333333333333333,0.5,0.9330127018922193,0.7320508075688774,0.9353978569087953,0.2500000000000001,0.7225209339563144,5.551115123125783e-17,0.7999999999999999,0.8777847752499408,0.8235294117647057,0.7777777777777777,1.0,0.1818181818181818,0.3666666666666667,0.6666666666666666,0.9330127018922193,0.7320508075688774,0.8736191374661523,0.16543469682057105,0.27747906604368566,0.0,0.7999999999999999,0.8798512162481305,0.8235294117647057,0.7777777777777777,1.0,0.1818181818181818,0.4,0.8333333333333333,0.9330127018922193,0.7320508075688774,0.7955114688927061,0.09549150281252633,0.0,0.3568958678922094,0.7999999999999999,0.8819963788081555,0.8235294117647057,0.7777777777777777,1.0,0.1818181818181818,0.43333333333333335,1.0,0.9330127018922193,0.7320508075688774,0.704488531107294,0.04322727117869962,0.0990311320975808,0.8019377358048383,0.7999999999999999,0.8841218609777219,0.8235294117647057,0.7777777777777777,1.0,0.1818181818181818,0.4666666666666667,0.0,0.9330127018922193,0.7320508075688774,0.6045284632676536,0.010926199633097211,0.5,1.0,0.7999999999999999,0.8862867039282061,0.8235294117647057,0.7777777777777777,1.0,0.1818181818181818,0.5,0.16666666666666666,0.9330127018922193,0.7320508075688774,0.5000000000000001,0.0,0.9009688679024191,0.8019377358048384,0.7999999999999999,0.8884121860977721,0.8235294117647057,0.7777777777777777,1.0,0.1818181818181818,0.5333333333333333,0.3333333333333333,0.9330127018922193,0.7320508075688774,0.3954715367323467,0.010926199633097156,1.0,0.3568958678922095,0.7999999999999999,0.8905179878768794,0.8235294117647057,0.7777777777777777,1.0,0.1818181818181818,0.5666666666666667,0.5,0.9330127018922193,0.7320508075688774,0.29551146889270624,0.043227271178699456,0.7225209339563144,5.551115123125783e-17,0.7999999999999999,0.8926041092655277,0.8235294117647057,0.7777777777777777,1.0,0.1818181818181818,0.6,0.6666666666666666,0.9330127018922193,0.7320508075688774,0.20448853110729398,0.09549150281252627,0.27747906604368566,0.0,0.7999999999999999,0.894690230654176,0.8235294117647057,0.7777777777777777,1.0,0.1818181818181818,0.6333333333333333,0.8333333333333333,0.9330127018922193,0.7320508075688774,0.12638086253384795,0.16543469682057077,0.0,0.3568958678922094,0.7999999999999999,0.8968353932142015,0.8235294117647057,0.7777777777777777,1.0,0.1818181818181818,0.6666666666666666,1.0,0.9330127018922193,0.7320508075688774,0.06460214309120482,0.24999999999999978,0.0990311320975808,0.8019377358048383,0.7999999999999999,0.8989411949933088,0.8235294117647057,0.7777777777777777,1.0,0.1818181818181818,0.7,0.0,0.9330127018922193,0.7320508075688774,0.021852399266194367,0.3454915028125262,0.5,1.0,0.7999999999999999,0.9010469967724157,0.8235294117647057,0.7777777777777777,1.0,0.1818181818181818,0.7333333333333333,0.16666666666666666,0.9330127018922193,0.7320508075688774,0.0,0.4477357683661729,0.9009688679024191,0.8019377358048384,0.7999999999999999,0.9031331181610645,0.8235294117647057,0.7777777777777777,1.0,0.1818181818181818,0.7666666666666667,0.3333333333333333,0.9330127018922193,0.7320508075688774,0.0,0.5522642316338265,1.0,0.3568958678922095,0.7999999999999999,0.9052192395497127,0.8235294117647057,0.7777777777777777,1.0,0.1818181818181818,0.8,0.5,0.9330127018922193,0.7320508075688774,0.02185239926619431,0.6545084971874736,0.7225209339563144,5.551115123125783e-17,0.7999999999999999,0.9073250413288201,0.8235294117647057,0.7777777777777777,1.0,0.1818181818181818,0.8333333333333334,0.6666666666666666,0.9330127018922193,0.7320508075688774,0.06460214309120454,0.7499999999999997,0.27747906604368566,0.0,0.7999999999999999,0.9093914823270093,0.8235294117647057,0.7777777777777777,1.0,0.1818181818181818,0.8666666666666667,0.8333333333333333,0.9330127018922193,0.7320508075688774,0.12638086253384767,0.8345653031794289,0.0,0.3568958678922094,0.7999999999999999,0.9114776037156576,0.8235294117647057,0.7777777777777777,1.0,0.1818181818181818,0.9,1.0,0.9330127018922193,0.7320508075688774,0.20448853110729381,0.9045084971874737,0.0990311320975808,0.8019377358048383,0.7999999999999999,0.9135243643233881,0.8235294117647057,0.7777777777777777,1.0,0.1818181818181818,0.9333333333333333,0.0,0.9330127018922193,0.7320508075688774,0.2955114688927057,0.9567727288213003,0.5,1.0,0.7999999999999999,0.9155711249311187,0.8235294117647057,0.7777777777777777,1.0,0.1818181818181818,0.9666666666666667,0.16666666666666666,0.9330127018922193,0.7320508075688774,0.39547153673234625,0.9890738003669028,0.9009688679024191,0.8019377358048384,0.8571428571428571,0.917558844367472,0.8823529411764705,0.8333333333333333,1.0,0.1818181818181818,0.9999999999999999,0.3333333333333333,0.9330127018922193,0.7320508075688774,0.4999999999999999,1.0,1.0,0.3568958678922095,0.8571428571428571,0.9195662441942849,0.8823529411764705,0.8333333333333333,1.0,0.2727272727272727,0.0,0.5,1.0,0.4641016151377547,0.5,1.0,0.7225209339563144,5.551115123125783e-17,0.8571428571428571,0.9215146028497205,0.8823529411764705,0.8333333333333333,1.0,0.2727272727272727,0.03333333333333333,0.6666666666666666,1.0,0.4641016151377547,0.6045284632676534,0.9890738003669028,0.27747906604368566,0.0,0.8571428571428571,0.9235810438479097,0.8823529411764705,0.8333333333333333,1.0,0.2727272727272727,0.06666666666666668,0.8333333333333333,1.0,0.4641016151377547,0.7044885311072939,0.9567727288213004,0.0,0.3568958678922094,0.8571428571428571,0.9256474848460994,0.8823529411764705,0.8333333333333333,1.0,0.2727272727272727,0.1,1.0,1.0,0.4641016151377547,0.7955114688927061,0.9045084971874737,0.0990311320975808,0.8019377358048383,0.8571428571428571,0.9277139258442886,0.8823529411764705,0.8333333333333333,1.0,0.2727272727272727,0.13333333333333333,0.0,1.0,0.4641016151377547,0.8736191374661522,0.8345653031794291,0.5,1.0,0.8571428571428571,0.9297606864520191,0.8823529411764705,0.8333333333333333,1.0,0.2727272727272727,0.16666666666666669,0.16666666666666666,1.0,0.4641016151377547,0.9353978569087953,0.75,0.9009688679024191,0.8019377358048384,0.7999999999999999,0.9318468078406674,0.8235294117647057,0.7777777777777777,1.0,0.2727272727272727,0.2,0.3333333333333333,1.0,0.4641016151377547,0.9781476007338057,0.6545084971874737,1.0,0.3568958678922095,0.7999999999999999,0.9338542076674803,0.8235294117647057,0.7777777777777777,1.0,0.2727272727272727,0.23333333333333334,0.5,1.0,0.4641016151377547,1.0,0.5522642316338269,0.7225209339563144,5.551115123125783e-17,0.7428571428571428,0.9359403290561286,0.764705882352941,0.7222222222222221,1.0,0.2727272727272727,0.26666666666666666,0.6666666666666666,1.0,0.4641016151377547,1.0,0.44773576836617335,0.27747906604368566,0.0,0.7999999999999999,0.9380658112256945,0.8235294117647057,0.7777777777777777,1.0,0.2727272727272727,0.3,0.8333333333333333,1.0,0.4641016151377547,0.9781476007338057,0.34549150281252633,0.0,0.3568958678922094
0.8571428571428571,0.8201212312052273,0.8823529411764705,0.8333333333333333,1.0,0.09090909090909091,0.3,0.3333333333333333,0.75,0.9282032302755092,0.9781476007338057,0.34549150281252633,1.0,0.3568958678922095,0.8571428571428571,0.8221089506415806,0.8823529411764705,0.8333333333333333,1.0,0.09090909090909091,0.3333333333333333,0.5,0.75,0.9282032302755092,0.9353978569087953,0.2500000000000001,0.7225209339563144,5.551115123125783e-17,0.8571428571428571,0.8240573092970163,0.8823529411764705,0.8333333333333333,1.0,0.09090909090909091,0.3666666666666667,0.6666666666666666,0.75,0.9282032302755092,0.8736191374661523,0.16543469682057105,0.27747906604368566,0.0,0.8571428571428571,0.826025348342911,0.8823529411764705,0.8333333333333333,1.0,0.09090909090909091,0.4,0.8333333333333333,0.75,0.9282032302755092,0.7955114688927061,0.09549150281252633,0.0,0.3568958678922094,0.8571428571428571,0.8279933873888057,0.8823529411764705,0.8333333333333333,1.0,0.09090909090909091,0.43333333333333335,1.0,0.75,0.9282032302755092,0.704488531107294,0.04322727117869962,0.0990311320975808,0.8019377358048383,0.8571428571428571,0.8299614264347004,0.8823529411764705,0.8333333333333333,1.0,0.09090909090909091,0.4666666666666667,0.0,0.75,0.9282032302755092,0.6045284632676536,0.010926199633097211,0.5,1.0,0.8571428571428571,0.8319294654805951,0.8823529411764705,0.8333333333333333,1.0,0.09090909090909091,0.5,0.16666666666666666,0.75,0.9282032302755092,0.5000000000000001,0.0,0.9009688679024191,0.8019377358048384,0.8571428571428571,0.8339368653074075,0.8823529411764705,0.8333333333333333,1.0,0.09090909090909091,0.5333333333333333,0.3333333333333333,0.75,0.9282032302755092,0.3954715367323467,0.010926199633097156,1.0,0.3568958678922095,0.8571428571428571,0.8358852239628436,0.8823529411764705,0.8333333333333333,1.0,0.09090909090909091,0.5666666666666667,0.5,0.75,0.9282032302755092,0.29551146889270624,0.043227271178699456,0.7225209339563144,5.551115123125783e-17,0.7999999999999999,0.837892623789656,0.8235294117647057,0.7777777777777777,1.0,0.09090909090909091,0.6,0.6666666666666666,0.75,0.9282032302755092,0.20448853110729398,0.09549150281252627,0.27747906604368566,0.0,0.8571428571428571,0.8398213020546326,0.8823529411764705,0.8333333333333333,1.0,0.09090909090909091,0.6333333333333333,0.8333333333333333,0.75,0.9282032302755092,0.12638086253384795,0.16543469682057077,0.0,0.3568958678922094,0.8857142857142858,0.8417106195386914,0.8823529411764705,0.8888888888888888,1.0,0.09090909090909091,0.6666666666666666,1.0,0.75,0.9282032302755092,0.06460214309120482,0.24999999999999978,0.0990311320975808,0.8019377358048383,0.8571428571428571,0.8436196174132093,0.8823529411764705,0.8333333333333333,1.0,0.09090909090909091,0.7,0.0,0.75,0.9282032302755092,0.021852399266194367,0.3454915028125262,0.5,1.0,0.8571428571428571,0.8455286152877273,0.8823529411764705,0.8333333333333333,1.0,0.09090909090909091,0.7333333333333333,0.16666666666666666,0.75,0.9282032302755092,0.0,0.4477357683661729,0.9009688679024191,0.8019377358048384,0.8571428571428571,0.8473785719908684,0.8823529411764705,0.8333333333333333,1.0,0.09090909090909091,0.7666666666666667,0.3333333333333333,0.75,0.9282032302755092,0.0,0.5522642316338265,1.0,0.3568958678922095,0.8571428571428571,0.849326930646304,0.8823529411764705,0.8333333333333333,1.0,0.09090909090909091,0.8,0.5,0.75,0.9282032302755092,0.02185239926619431,0.6545084971874736,0.7225209339563144,5.551115123125783e-17,0.8571428571428571,0.8513343304731165,0.8823529411764705,0.8333333333333333,1.0,0.09090909090909091,0.8333333333333334,0.6666666666666666,0.75,0.9282032302755092,0.06460214309120454,0.7499999999999997,0.27747906604368566,0.0,0.8571428571428571,0.8532630087380935,0.8823529411764705,0.8333333333333333,1.0,0.09090909090909091,0.8666666666666667,0.8333333333333333,0.75,0.9282032302755092,0.12638086253384767,0.8345653031794289,0.0,0.3568958678922094,0.8571428571428571,0.8552310477839882,0.8823529411764705,0.8333333333333333,1.0,0.09090909090909091,0.9,1.0,0.75,0.9282032302755092,0.20448853110729381,0.9045084971874737,0.0990311320975808,0.8019377358048383,0.8571428571428571,0.8571990868298829,0.8823529411764705,0.8333333333333333,1.0,0.1818181818181818,0.0,0.0,0.9330127018922193,0.7320508075688774,0.5,1.0,0.5,1.0,0.8571428571428571,0.859245847437613,0.8823529411764705,0.8333333333333333,1.0,0.1818181818181818,0.03333333333333333,0.16666666666666666,0.9330127018922193,0.7320508075688774,0.6045284632676534,0.9890738003669028,0.9009688679024191,0.8019377358048384,0.8571428571428571,0.8612926080453436,0.8823529411764705,0.8333333333333333,1.0,0.1818181818181818,0.06666666666666668,0.3333333333333333,0.9330127018922193,0.7320508075688774,0.7044885311072939,0.9567727288213004,1.0,0.3568958678922095,0.8571428571428571,0.863300007872156,0.8823529411764705,0.8333333333333333,1.0,0.1818181818181818,0.13333333333333333,0.6666666666666666,0.9330127018922193,0.7320508075688774,0.8736191374661522,0.8345653031794291,0.27747906604368566,0.0,0.8571428571428571,0.8653467684798866,0.8823529411764705,0.8333333333333333,1.0,0.1818181818181818,0.16666666666666669,0.8333333333333333,0.9330127018922193,0.7320508075688774,0.9353978569087953,0.75,0.0,0.3568958678922094,0.8571428571428571,0.8673935290876171,0.8823529411764705,0.8333333333333333,1.0,0.1818181818181818,0.2,1.0,0.9330127018922193,0.7320508075688774,0.9781476007338057,0.6545084971874737,0.0990311320975808,0.8019377358048383,1.0,0.8694599700858063,0.9999999999999999,1.0,1.0,0.1818181818181818,0.23333333333333334,0.0,0.9330127018922193,0.7320508075688774,1.0,0.5522642316338269,0.5,1.0,1.0,0.871546091474455,0.9999999999999999,1.0,1.0,0.1818181818181818,0.26666666666666666,0.16666666666666666,0.9330127018922193,0.7320508075688774,1.0,0.44773576836617335,0.9009688679024191,0.8019377358048384,0.8571428571428571,0.8736125324726443,0.8823529411764705,0.8333333333333333,1.0,0.1818181818181818,0.3,0.3333333333333333,0.9330127018922193,0.7320508075688774,0.9781476007338057,0.34549150281252633,1.0,0.3568958678922095,1.0,0.8756986538612925,0.9999999999999999,1.0,1.0,0.1818181818181818,0.3333333333333333,0.5,0.9330127018922193,0.7320508075688774,0.9353978569087953,0.2500000000000001,0.7225209339563144,5.551115123125783e-17,0.7999999999999999,0.8777847752499408,0.8235294117647057,0.7777777777777777,1.0,0.1818181818181818,0.3666666666666667,0.6666666666666666,0.9330127018922193,0.7320508075688774,0.8736191374661523,0.16543469682057105,0.27747906604368566,0.0,0.7999999999999999,0.8798512162481305,0.8235294117647057,0.7777777777777777,1.0,0.1818181818181818,0.4,0.8333333333333333,0.9330127018922193,0.7320508075688774,0.7955114688927061,0.09549150281252633,0.0,0.3568958678922094,0.7999999999999999,0.8819963788081555,0.8235294117647057,0.7777777777777777,1.0,0.1818181818181818,0.43333333333333335,1.0,0.9330127018922193,0.7320508075688774,0.704488531107294,0.04322727117869962,0.0990311320975808,0.8019377358048383,0.7999999999999999,0.8841218609777219,0.8235294117647057,0.7777777777777777,1.0,0.1818181818181818,0.4666666666666667,0.0,0.9330127018922193,0.7320508075688774,0.6045284632676536,0.010926199633097211,0.5,1.0,0.7999999999999999,0.8862867039282061,0.8235294117647057,0.7777777777777777,1.0,0.1818181818181818,0.5,0.16666666666666666,0.9330127018922193,0.7320508075688774,0.5000000000000001,0.0,0.9009688679024191,0.8019377358048384,0.7999999999999999,0.8884121860977721,0.8235294117647057,0.7777777777777777,1.0,0.1818181818181818,0.5333333333333333,0.3333333333333333,0.9330127018922193,0.7320508075688774,0.3954715367323467,0.010926199633097156,1.0,0.3568958678922095,0.7999999999999999,0.8905179878768794,0.8235294117647057,0.7777777777777777,1.0,0.1818181818181818,0.5666666666666667,0.5,0.9330127018922193,0.7320508075688774,0.29551146889270624,0.043227271178699456,0.7225209339563144,5.551115123125783e-17,0.7999999999999999,0.8926041092655277,0.8235294117647057,0.7777777777777777,1.0,0.1818181818181818,0.6,0.6666666666666666,0.9330127018922193,0.7320508075688774,0.20448853110729398,0.09549150281252627,0.27747906604368566,0.0,0.7999999999999999,0.894690230654176,0.8235294117647057,0.7777777777777777,1.0,0.1818181818181818,0.6333333333333333,0.8333333333333333,0.9330127018922193,0.7320508075688774,0.12638086253384795,0.16543469682057077,0.0,0.3568958678922094,0.7999999999999999,0.8968353932142015,0.8235294117647057,0.7777777777777777,1.0,0.1818181818181818,0.6666666666666666,1.0,0.9330127018922193,0.7320508075688774,0.06460214309120482,0.24999999999999978,0.0990311320975808,0.8019377358048383,0.7999999999999999,0.8989411949933088,0.8235294117647057,0.7777777777777777,1.0,0.1818181818181818,0.7,0.0,0.9330127018922193,0.7320508075688774,0.021852399266194367,0.3454915028125262,0.5,1.0,0.7999999999999999,0.9010469967724157,0.8235294117647057,0.7777777777777777,1.0,0.1818181818181818,0.7333333333333333,0.16666666666666666,0.9330127018922193,0.7320508075688774,0.0,0.4477357683661729,0.9009688679024191,0.8019377358048384,0.7999999999999999,0.9031331181610645,0.8235294117647057,0.7777777777777777,1.0,0.1818181818181818,0.7666666666666667,0.3333333333333333,0.9330127018922193,0.7320508075688774,0.0,0.5522642316338265,1.0,0.3568958678922095,0.7999999999999999,0.9052192395497127,0.8235294117647057,0.7777777777777777,1.0,0.1818181818181818,0.8,0.5,0.9330127018922193,0.7320508075688774,0.02185239926619431,0.6545084971874736,0.7225209339563144,5.551115123125783e-17,0.7999999999999999,0.9073250413288201,0.8235294117647057,0.7777777777777777,1.0,0.1818181818181818,0.8333333333333334,0.6666666666666666,0.9330127018922193,0.7320508075688774,0.06460214309120454,0.7499999999999997,0.27747906604368566,0.0,0.7999999999999999,0.9093914823270093,0.8235294117647057,0.7777777777777777,1.0,0.1818181818181818,0.8666666666666667,0.8333333333333333,0.9330127018922193,0.7320508075688774,0.12638086253384767,0.8345653031794289,0.0,0.3568958678922094,0.7999999999999999,0.9114776037156576,0.8235294117647057,0.7777777777777777,1.0,0.1818181818181818,0.9,1.0,0.9330127018922193,0.7320508075688774,0.20448853110729381,0.9045084971874737,0.0990311320975808,0.8019377358048383,0.7999999999999999,0.9135243643233881,0.8235294117647057,0.7777777777777777,1.0,0.1818181818181818,0.9333333333333333,0.0,0.9330127018922193,0.7320508075688774,0.2955114688927057,0.9567727288213003,0.5,1.0,0.7999999999999999,0.9155711249311187,0.8235294117647057,0.7777777777777777,1.0,0.1818181818181818,0.9666666666666667,0.16666666666666666,0.9330127018922193,0.7320508075688774,0.39547153673234625,0.9890738003669028,0.9009688679024191,0.8019377358048384,0.8571428571428571,0.917558844367472,0.8823529411764705,0.8333333333333333,1.0,0.1818181818181818,0.9999999999999999,0.3333333333333333,0.9330127018922193,0.7320508075688774,0.4999999999999999,1.0,1.0,0.3568958678922095,0.8571428571428571,0.9195662441942849,0.8823529411764705,0.8333333333333333,1.0,0.2727272727272727,0.0,0.5,1.0,0.4641016151377547,0.5,1.0,0.7225209339563144,5.551115123125783e-17,0.8571428571428571,0.9215146028497205,0.8823529411764705,0.8333333333333333,1.0,0.2727272727272727,0.03333333333333333,0.6666666666666666,1.0,0.4641016151377547,0.6045284632676534,0.9890738003669028,0.27747906604368566,0.0,0.8571428571428571,0.9235810438479097,0.8823529411764705,0.8333333333333333,1.0,0.2727272727272727,0.06666666666666668,0.8333333333333333,1.0,0.4641016151377547,0.7044885311072939,0.9567727288213004,0.0,0.3568958678922094,0.8571428571428571,0.9256474848460994,0.8823529411764705,0.8333333333333333,1.0,0.2727272727272727,0.1,1.0,1.0,0.4641016151377547,0.7955114688927061,0.9045084971874737,0.0990311320975808,0.8019377358048383,0.8571428571428571,0.9277139258442886,0.8823529411764705,0.8333333333333333,1.0,0.2727272727272727,0.13333333333333333,0.0,1.0,0.4641016151377547,0.8736191374661522,0.8345653031794291,0.5,1.0,0.8571428571428571,0.9297606864520191,0.8823529411764705,0.8333333333333333,1.0,0.2727272727272727,0.16666666666666669,0.16666666666666666,1.0,0.4641016151377547,0.9353978569087953,0.75,0.9009688679024191,0.8019377358048384,0.7999999999999999,0.9318468078406674,0.8235294117647057,0.7777777777777777,1.0,0.2727272727272727,0.2,0.3333333333333333,1.0,0.4641016151377547,0.9781476007338057,0.6545084971874737,1.0,0.3568958678922095,0.7999999999999999,0.9338542076674803,0.8235294117647057,0.7777777777777777,1.0,0.2727272727272727,0.23333333333333334,0.5,1.0,0.4641016151377547,1.0,0.5522642316338269,0.7225209339563144,5.551115123125783e-17,0.7428571428571428,0.9359403290561286,0.764705882352941,0.7222222222222221,1.0,0.2727272727272727,0.26666666666666666,0.6666666666666666,1.0,0.4641016151377547,1.0,0.44773576836617335,0.27747906604368566,0.0,0.7999999999999999,0.9380658112256945,0.8235294117647057,0.7777777777777777,1.0,0.2727272727272727,0.3,0.8333333333333333,1.0,0.4641016151377547,0.9781476007338057,0.34549150281252633,0.0,0.3568958678922094,0.7999999999999999,0.9401716130048019,0.8235294117647057,0.7777777777777777,1.0,0.2727272727272727,0.3333333333333333,1.0,1.0,0.4641016151377547,0.9353978569087953,0.2500000000000001,0.0990311320975808,0.8019377358048383
0.8571428571428571,0.8221089506415806,0.8823529411764705,0.8333333333333333,1.0,0.09090909090909091,0.3333333333333333,0.5,0.75,0.9282032302755092,0.9353978569087953,0.2500000000000001,0.7225209339563144,5.551115123125783e-17,0.8571428571428571,0.8240573092970163,0.8823529411764705,0.8333333333333333,1.0,0.09090909090909091,0.3666666666666667,0.6666666666666666,0.75,0.9282032302755092,0.8736191374661523,0.16543469682057105,0.27747906604368566,0.0,0.8571428571428571,0.826025348342911,0.8823529411764705,0.8333333333333333,1.0,0.09090909090909091,0.4,0.8333333333333333,0.75,0.9282032302755092,0.7955114688927061,0.09549150281252633,0.0,0.3568958678922094,0.8571428571428571,0.8279933873888057,0.8823529411764705,0.8333333333333333,1.0,0.09090909090909091,0.43333333333333335,1.0,0.75,0.9282032302755092,0.704488531107294,0.04322727117869962,0.0990311320975808,0.8019377358048383,0.8571428571428571,0.8299614264347004,0.8823529411764705,0.8333333333333333,1.0,0.09090909090909091,0.4666666666666667,0.0,0.75,0.9282032302755092,0.6045284632676536,0.010926199633097211,0.5,1.0,0.8571428571428571,0.8319294654805951,0.8823529411764705,0.8333333333333333,1.0,0.09090909090909091,0.5,0.16666666666666666,0.75,0.9282032302755092,0.5000000000000001,0.0,0.9009688679024191,0.8019377358048384,0.8571428571428571,0.8339368653074075,0.8823529411764705,0.8333333333333333,1.0,0.09090909090909091,0.5333333333333333,0.3333333333333333,0.75,0.9282032302755092,0.3954715367323467,0.010926199633097156,1.0,0.3568958678922095,0.8571428571428571,0.8358852239628436,0.8823529411764705,0.8333333333333333,1.0,0.09090909090909091,0.5666666666666667,0.5,0.75,0.9282032302755092,0.29551146889270624,0.043227271178699456,0.7225209339563144,5.551115123125783e-17,0.7999999999999999,0.837892623789656,0.8235294117647057,0.7777777777777777,1.0,0.09090909090909091,0.6,0.6666666666666666,0.75,0.9282032302755092,0.20448853110729398,0.09549150281252627,0.27747906604368566,0.0,0.8571428571428571,0.8398213020546326,0.8823529411764705,0.8333333333333333,1.0,0.09090909090909091,0.6333333333333333,0.8333333333333333,0.75,0.9282032302755092,0.12638086253384795,0.16543469682057077,0.0,0.3568958678922094,0.8857142857142858,0.8417106195386914,0.8823529411764705,0.8888888888888888,1.0,0.09090909090909091,0.6666666666666666,1.0,0.75,0.9282032302755092,0.06460214309120482,0.24999999999999978,0.0990311320975808,0.8019377358048383,0.8571428571428571,0.8436196174132093,0.8823529411764705,0.8333333333333333,1.0,0.09090909090909091,0.7,0.0,0.75,0.9282032302755092,0.021852399266194367,0.3454915028125262,0.5,1.0,0.8571428571428571,0.8455286152877273,0.8823529411764705,0.8333333333333333,1.0,0.09090909090909091,0.7333333333333333,0.16666666666666666,0.75,0.9282032302755092,0.0,0.4477357683661729,0.9009688679024191,0.8019377358048384,0.8571428571428571,0.8473785719908684,0.8823529411764705,0.8333333333333333,1.0,0.09090909090909091,0.7666666666666667,0.3333333333333333,0.75,0.9282032302755092,0.0,0.5522642316338265,1.0,0.3568958678922095,0.8571428571428571,0.849326930646304,0.8823529411764705,0.8333333333333333,1.0,0.09090909090909091,0.8,0.5,0.75,0.9282032302755092,0.02185239926619431,0.6545084971874736,0.7225209339563144,5.551115123125783e-17,0.8571428571428571,0.8513343304731165,0.8823529411764705,0.8333333333333333,1.0,0.09090909090909091,0.8333333333333334,0.6666666666666666,0.75,0.9282032302755092,0.06460214309120454,0.7499999999999997,0.27747906604368566,0.0,0.8571428571428571,0.8532630087380935,0.8823529411764705,0.8333333333333333,1.0,0.09090909090909091,0.8666666666666667,0.8333333333333333,0.75,0.9282032302755092,0.12638086253384767,0.8345653031794289,0.0,0.3568958678922094,0.8571428571428571,0.8552310477839882,0.8823529411764705,0.8333333333333333,1.0,0.09090909090909091,0.9,1.0,0.75,0.9282032302755092,0.20448853110729381,0.9045084971874737,0.0990311320975808,0.8019377358048383,0.8571428571428571,0.8571990868298829,0.8823529411764705,0.8333333333333333,1.0,0.1818181818181818,0.0,0.0,0.9330127018922193,0.7320508075688774,0.5,1.0,0.5,1.0,0.8571428571428571,0.859245847437613,0.8823529411764705,0.8333333333333333,1.0,0.1818181818181818,0.03333333333333333,0.16666666666666666,0.9330127018922193,0.7320508075688774,0.6045284632676534,0.9890738003669028,0.9009688679024191,0.8019377358048384,0.8571428571428571,0.8612926080453436,0.8823529411764705,0.8333333333333333,1.0,0.1818181818181818,0.06666666666666668,0.3333333333333333,0.9330127018922193,0.7320508075688774,0.7044885311072939,0.9567727288213004,1.0,0.3568958678922095,0.8571428571428571,0.863300007872156,0.8823529411764705,0.8333333333333333,1.0,0.1818181818181818,0.13333333333333333,0.6666666666666666,0.9330127018922193,0.7320508075688774,0.8736191374661522,0.8345653031794291,0.27747906604368566,0.0,0.8571428571428571,0.8653467684798866,0.8823529411764705,0.8333333333333333,1.0,0.1818181818181818,0.16666666666666669,0.8333333333333333,0.9330127018922193,0.7320508075688774,0.9353978569087953,0.75,0.0,0.3568958678922094,0.8571428571428571,0.8673935290876171,0.8823529411764705,0.8333333333333333,1.0,0.1818181818181818,0.2,1.0,0.9330127018922193,0.7320508075688774,0.9781476007338057,0.6545084971874737,0.0990311320975808,0.8019377358048383,1.0,0.8694599700858063,0.9999999999999999,1.0,1.0,0.1818181818181818,0.23333333333333334,0.0,0.9330127018922193,0.7320508075688774,1.0,0.5522642316338269,0.5,1.0,1.0,0.871546091474455,0.9999999999999999,1.0,1.0,0.1818181818181818,0.26666666666666666,0.16666666666666666,0.9330127018922193,0.7320508075688774,1.0,0.44773576836617335,0.9009688679024191,0.8019377358048384,0.8571428571428571,0.8736125324726443,0.8823529411764705,0.8333333333333333,1.0,0.1818181818181818,0.3,0.3333333333333333,0.9330127018922193,0.7320508075688774,0.9781476007338057,0.34549150281252633,1.0,0.3568958678922095,1.0,0.8756986538612925,0.9999999999999999,1.0,1.0,0.1818181818181818,0.3333333333333333,0.5,0.9330127018922193,0.7320508075688774,0.9353978569087953,0.2500000000000001,0.7225209339563144,5.551115123125783e-17,0.7999999999999999,0.8777847752499408,0.8235294117647057,0.7777777777777777,1.0,0.1818181818181818,0.3666666666666667,0.6666666666666666,0.9330127018922193,0.7320508075688774,0.8736191374661523,0.16543469682057105,0.27747906604368566,0.0,0.7999999999999999,0.8798512162481305,0.8235294117647057,0.7777777777777777,1.0,0.1818181818181818,0.4,0.8333333333333333,0.9330127018922193,0.7320508075688774,0.7955114688927061,0.09549150281252633,0.0,0.3568958678922094,0.7999999999999999,0.8819963788081555,0.8235294117647057,0.7777777777777777,1.0,0.1818181818181818,0.43333333333333335,1.0,0.9330127018922193,0.7320508075688774,0.704488531107294,0.04322727117869962,0.0990311320975808,0.8019377358048383,0.7999999999999999,0.8841218609777219,0.8235294117647057,0.7777777777777777,1.0,0.1818181818181818,0.4666666666666667,0.0,0.9330127018922193,0.7320508075688774,0.6045284632676536,0.010926199633097211,0.5,1.0,0.7999999999999999,0.8862867039282061,0.8235294117647057,0.7777777777777777,1.0,0.1818181818181818,0.5,0.16666666666666666,0.9330127018922193,0.7320508075688774,0.5000000000000001,0.0,0.9009688679024191,0.8019377358048384,0.7999999999999999,0.8884121860977721,0.8235294117647057,0.7777777777777777,1.0,0.1818181818181818,0.5333333333333333,0.3333333333333333,0.9330127018922193,0.7320508075688774,0.3954715367323467,0.010926199633097156,1.0,0.3568958678922095,0.7999999999999999,0.8905179878768794,0.8235294117647057,0.7777777777777777,1.0,0.1818181818181818,0.5666666666666667,0.5,0.9330127018922193,0.7320508075688774,0.29551146889270624,0.043227271178699456,0.7225209339563144,5.551115123125783e-17,0.7999999999999999,0.8926041092655277,0.8235294117647057,0.7777777777777777,1.0,0.1818181818181818,0.6,0.6666666666666666,0.9330127018922193,0.7320508075688774,0.20448853110729398,0.09549150281252627,0.27747906604368566,0.0,0.7999999999999999,0.894690230654176,0.8235294117647057,0.7777777777777777,1.0,0.1818181818181818,0.6333333333333333,0.8333333333333333,0.9330127018922193,0.7320508075688774,0.12638086253384795,0.16543469682057077,0.0,0.3568958678922094,0.7999999999999999,0.8968353932142015,0.8235294117647057,0.7777777777777777,1.0,0.1818181818181818,0.6666666666666666,1.0,0.9330127018922193,0.7320508075688774,0.06460214309120482,0.24999999999999978,0.0990311320975808,0.8019377358048383,0.7999999999999999,0.8989411949933088,0.8235294117647057,0.7777777777777777,1.0,0.1818181818181818,0.7,0.0,0.9330127018922193,0.7320508075688774,0.021852399266194367,0.3454915028125262,0.5,1.0,0.7999999999999999,0.9010469967724157,0.8235294117647057,0.7777777777777777,1.0,0.1818181818181818,0.7333333333333333,0.16666666666666666,0.9330127018922193,0.7320508075688774,0.0,0.4477357683661729,0.9009688679024191,0.8019377358048384,0.7999999999999999,0.9031331181610645,0.8235294117647057,0.7777777777777777,1.0,0.1818181818181818,0.7666666666666667,0.3333333333333333,0.9330127018922193,0.7320508075688774,0.0,0.5522642316338265,1.0,0.3568958678922095,0.7999999999999999,0.9052192395497127,0.8235294117647057,0.7777777777777777,1.0,0.1818181818181818,0.8,0.5,0.9330127018922193,0.7320508075688774,0.02185239926619431,0.6545084971874736,0.7225209339563144,5.551115123125783e-17,0.7999999999999999,0.9073250413288201,0.8235294117647057,0.7777777777777777,1.0,0.1818181818181818,0.8333333333333334,0.6666666666666666,0.9330127018922193,0.7320508075688774,0.06460214309120454,0.7499999999999997,0.27747906604368566,0.0,0.7999999999999999,0.9093914823270093,0.8235294117647057,0.7777777777777777,1.0,0.1818181818181818,0.8666666666666667,0.8333333333333333,0.9330127018922193,0.7320508075688774,0.12638086253384767,0.8345653031794289,0.0,0.3568958678922094,0.7999999999999999,0.9114776037156576,0.8235294117647057,0.7777777777777777,1.0,0.1818181818181818,0.9,1.0,0.9330127018922193,0.7320508075688774,0.20448853110729381,0.9045084971874737,0.0990311320975808,0.8019377358048383,0.7999999999999999,0.9135243643233881,0.8235294117647057,0.7777777777777777,1.0,0.1818181818181818,0.9333333333333333,0.0,0.9330127018922193,0.7320508075688774,0.2955114688927057,0.9567727288213003,0.5,1.0,0.7999999999999999,0.9155711249311187,0.8235294117647057,0.7777777777777777,1.0,0.1818181818181818,0.9666666666666667,0.16666666666666666,0.9330127018922193,0.7320508075688774,0.39547153673234625,0.9890738003669028,0.9009688679024191,0.8019377358048384,0.8571428571428571,0.917558844367472,0.8823529411764705,0.8333333333333333,1.0,0.1818181818181818,0.9999999999999999,0.3333333333333333,0.9330127018922193,0.7320508075688774,0.4999999999999999,1.0,1.0,0.3568958678922095,0.8571428571428571,0.9195662441942849,0.8823529411764705,0.8333333333333333,1.0,0.2727272727272727,0.0,0.5,1.0,0.4641016151377547,0.5,1.0,0.7225209339563144,5.551115123125783e-17,0.8571428571428571,0.9215146028497205,0.8823529411764705,0.8333333333333333,1.0,0.2727272727272727,0.03333333333333333,0.6666666666666666,1.0,0.4641016151377547,0.6045284632676534,0.9890738003669028,0.27747906604368566,0.0,0.8571428571428571,0.9235810438479097,0.8823529411764705,0.8333333333333333,1.0,0.2727272727272727,0.06666666666666668,0.8333333333333333,1.0,0.4641016151377547,0.7044885311072939,0.9567727288213004,0.0,0.3568958678922094,0.8571428571428571,0.9256474848460994,0.8823529411764705,0.8333333333333333,1.0,0.2727272727272727,0.1,1.0,1.0,0.4641016151377547,0.7955114688927061,0.9045084971874737,0.0990311320975808,0.8019377358048383,0.8571428571428571,0.9277139258442886,0.8823529411764705,0.8333333333333333,1.0,0.2727272727272727,0.13333333333333333,0.0,1.0,0.4641016151377547,0.8736191374661522,0.8345653031794291,0.5,1.0,0.8571428571428571,0.9297606864520191,0.8823529411764705,0.8333333333333333,1.0,0.2727272727272727,0.16666666666666669,0.16666666666666666,1.0,0.4641016151377547,0.9353978569087953,0.75,0.9009688679024191,0.8019377358048384,0.7999999999999999,0.9318468078406674,0.8235294117647057,0.7777777777777777,1.0,0.2727272727272727,0.2,0.3333333333333333,1.0,0.4641016151377547,0.9781476007338057,0.6545084971874737,1.0,0.3568958678922095,0.7999999999999999,0.9338542076674803,0.8235294117647057,0.7777777777777777,1.0,0.2727272727272727,0.23333333333333334,0.5,1.0,0.4641016151377547,1.0,0.5522642316338269,0.7225209339563144,5.551115123125783e-17,0.7428571428571428,0.9359403290561286,0.764705882352941,0.7222222222222221,1.0,0.2727272727272727,0.26666666666666666,0.6666666666666666,1.0,0.4641016151377547,1.0,0.44773576836617335,0.27747906604368566,0.0,0.7999999999999999,0.9380658112256945,0.8235294117647057,0.7777777777777777,1.0,0.2727272727272727,0.3,0.8333333333333333,1.0,0.4641016151377547,0.9781476007338057,0.34549150281252633,0.0,0.3568958678922094,0.7999999999999999,0.9401716130048019,0.8235294117647057,0.7777777777777777,1.0,0.2727272727272727,0.3333333333333333,1.0,1.0,0.4641016151377547,0.9353978569087953,0.2500000000000001,0.0990311320975808,0.8019377358048383,0.7999999999999999,0.9422774147839093,0.8235294117647057,0.7777777777777777,1.0,0.2727272727272727,0.3666666666666667,0.0,1.0,0.4641016151377547,0.8736191374661523,0.16543469682057105,0.5,1.0
0.8571428571428571,0.8240573092970163,0.8823529411764705,0.8333333333333333,1.0,0.09090909090909091,0.3666666666666667,0.6666666666666666,0.75,0.9282032302755092,0.8736191374661523,0.16543469682057105,0.27747906604368566,0.0,0.8571428571428571,0.826025348342911,0.8823529411764705,0.8333333333333333,1.0,0.09090909090909091,0.4,0.8333333333333333,0.75,0.9282032302755092,0.7955114688927061,0.09549150281252633,0.0,0.3568958678922094,0.8571428571428571,0.8279933873888057,0.8823529411764705,0.8333333333333333,1.0,0.09090909090909091,0.43333333333333335,1.0,0.75,0.9282032302755092,0.704488531107294,0.04322727117869962,0.0990311320975808,0.8019377358048383,0.8571428571428571,0.8299614264347004,0.8823529411764705,0.8333333333333333,1.0,0.09090909090909091,0.4666666666666667,0.0,0.75,0.9282032302755092,0.6045284632676536,0.010926199633097211,0.5,1.0,0.8571428571428571,0.8319294654805951,0.8823529411764705,0.8333333333333333,1.0,0.09090909090909091,0.5,0.16666666666666666,0.75,0.9282032302755092,0.5000000000000001,0.0,0.9009688679024191,0.8019377358048384,0.8571428571428571,0.8339368653074075,0.8823529411764705,0.8333333333333333,1.0,0.09090909090909091,0.5333333333333333,0.3333333333333333,0.75,0.9282032302755092,0.3954715367323467,0.010926199633097156,1.0,0.3568958678922095,0.8571428571428571,0.8358852239628436,0.8823529411764705,0.8333333333333333,1.0,0.09090909090909091,0.5666666666666667,0.5,0.75,0.9282032302755092,0.29551146889270624,0.043227271178699456,0.7225209339563144,5.551115123125783e-17,0.7999999999999999,0.837892623789656,0.8235294117647057,0.7777777777777777,1.0,0.09090909090909091,0.6,0.6666666666666666,0.75,0.9282032302755092,0.20448853110729398,0.09549150281252627,0.27747906604368566,0.0,0.8571428571428571,0.8398213020546326,0.8823529411764705,0.8333333333333333,1.0,0.09090909090909091,0.6333333333333333,0.8333333333333333,0.75,0.9282032302755092,0.12638086253384795,0.16543469682057077,0.0,0.3568958678922094,0.8857142857142858,0.8417106195386914,0.8823529411764705,0.8888888888888888,1.0,0.09090909090909091,0.6666666666666666,1.0,0.75,0.9282032302755092,0.06460214309120482,0.24999999999999978,0.0990311320975808,0.8019377358048383,0.8571428571428571,0.8436196174132093,0.8823529411764705,0.8333333333333333,1.0,0.09090909090909091,0.7,0.0,0.75,0.9282032302755092,0.021852399266194367,0.3454915028125262,0.5,1.0,0.8571428571428571,0.8455286152877273,0.8823529411764705,0.8333333333333333,1.0,0.09090909090909091,0.7333333333333333,0.16666666666666666,0.75,0.9282032302755092,0.0,0.4477357683661729,0.9009688679024191,0.8019377358048384,0.8571428571428571,0.8473785719908684,0.8823529411764705,0.8333333333333333,1.0,0.09090909090909091,0.7666666666666667,0.3333333333333333,0.75,0.9282032302755092,0.0,0.5522642316338265,1.0,0.3568958678922095,0.8571428571428571,0.849326930646304,0.8823529411764705,0.8333333333333333,1.0,0.09090909090909091,0.8,0.5,0.75,0.9282032302755092,0.02185239926619431,0.6545084971874736,0.7225209339563144,5.551115123125783e-17,0.8571428571428571,0.8513343304731165,0.8823529411764705,0.8333333333333333,1.0,0.09090909090909091,0.8333333333333334,0.6666666666666666,0.75,0.9282032302755092,0.06460214309120454,0.7499999999999997,0.27747906604368566,0.0,0.8571428571428571,0.8532630087380935,0.8823529411764705,0.8333333333333333,1.0,0.09090909090909091,0.8666666666666667,0.8333333333333333,0.75,0.9282032302755092,0.12638086253384767,0.8345653031794289,0.0,0.3568958678922094,0.8571428571428571,0.8552310477839882,0.8823529411764705,0.8333333333333333,1.0,0.09090909090909091,0.9,1.0,0.75,0.9282032302755092,0.20448853110729381,0.9045084971874737,0.0990311320975808,0.8019377358048383,0.8571428571428571,0.8571990868298829,0.8823529411764705,0.8333333333333333,1.0,0.1818181818181818,0.0,0.0,0.9330127018922193,0.7320508075688774,0.5,1.0,0.5,1.0,0.8571428571428571,0.859245847437613,0.8823529411764705,0.8333333333333333,1.0,0.1818181818181818,0.03333333333333333,0.16666666666666666,0.9330127018922193,0.7320508075688774,0.6045284632676534,0.9890738003669028,0.9009688679024191,0.8019377358048384,0.8571428571428571,0.8612926080453436,0.8823529411764705,0.8333333333333333,1.0,0.1818181818181818,0.06666666666666668,0.3333333333333333,0.9330127018922193,0.7320508075688774,0.7044885311072939,0.9567727288213004,1.0,0.3568958678922095,0.8571428571428571,0.863300007872156,0.8823529411764705,0.8333333333333333,1.0,0.1818181818181818,0.13333333333333333,0.6666666666666666,0.9330127018922193,0.7320508075688774,0.8736191374661522,0.8345653031794291,0.27747906604368566,0.0,0.8571428571428571,0.8653467684798866,0.8823529411764705,0.8333333333333333,1.0,0.1818181818181818,0.16666666666666669,0.8333333333333333,0.9330127018922193,0.7320508075688774,0.9353978569087953,0.75,0.0,0.3568958678922094,0.8571428571428571,0.8673935290876171,0.8823529411764705,0.8333333333333333,1.0,0.1818181818181818,0.2,1.0,0.9330127018922193,0.7320508075688774,0.9781476007338057,0.6545084971874737,0.0990311320975808,0.8019377358048383,1.0,0.8694599700858063,0.9999999999999999,1.0,1.0,0.1818181818181818,0.23333333333333334,0.0,0.9330127018922193,0.7320508075688774,1.0,0.5522642316338269,0.5,1.0,1.0,0.871546091474455,0.9999999999999999,1.0,1.0,0.1818181818181818,0.26666666666666666,0.16666666666666666,0.9330127018922193,0.7320508075688774,1.0,0.44773576836617335,0.9009688679024191,0.8019377358048384,0.8571428571428571,0.8736125324726443,0.8823529411764705,0.8333333333333333,1.0,0.1818181818181818,0.3,0.3333333333333333,0.9330127018922193,0.7320508075688774,0.9781476007338057,0.34549150281252633,1.0,0.3568958678922095,1.0,0.8756986538612925,0.9999999999999999,1.0,1.0,0.1818181818181818,0.3333333333333333,0.5,0.9330127018922193,0.7320508075688774,0.9353978569087953,0.2500000000000001,0.7225209339563144,5.551115123125783e-17,0.7999999999999999,0.8777847752499408,0.8235294117647057,0.7777777777777777,1.0,0.1818181818181818,0.3666666666666667,0.6666666666666666,0.9330127018922193,0.7320508075688774,0.8736191374661523,0.16543469682057105,0.27747906604368566,0.0,0.7999999999999999,0.8798512162481305,0.8235294117647057,0.7777777777777777,1.0,0.1818181818181818,0.4,0.8333333333333333,0.9330127018922193,0.7320508075688774,0.7955114688927061,0.09549150281252633,0.0,0.3568958678922094,0.7999999999999999,0.8819963788081555,0.8235294117647057,0.7777777777777777,1.0,0.1818181818181818,0.43333333333333335,1.0,0.9330127018922193,0.7320508075688774,0.704488531107294,0.04322727117869962,0.0990311320975808,0.8019377358048383,0.7999999999999999,0.8841218609777219,0.8235294117647057,0.7777777777777777,1.0,0.1818181818181818,0.4666666666666667,0.0,0.9330127018922193,0.7320508075688774,0.6045284632676536,0.010926199633097211,0.5,1.0,0.7999999999999999,0.8862867039282061,0.8235294117647057,0.7777777777777777,1.0,0.1818181818181818,0.5,0.16666666666666666,0.9330127018922193,0.7320508075688774,0.5000000000000001,0.0,0.9009688679024191,0.8019377358048384,0.7999999999999999,0.8884121860977721,0.8235294117647057,0.7777777777777777,1.0,0.1818181818181818,0.5333333333333333,0.3333333333333333,0.9330127018922193,0.7320508075688774,0.3954715367323467,0.010926199633097156,1.0,0.3568958678922095,0.7999999999999999,0.8905179878768794,0.8235294117647057,0.7777777777777777,1.0,0.1818181818181818,0.5666666666666667,0.5,0.9330127018922193,0.7320508075688774,0.29551146889270624,0.043227271178699456,0.7225209339563144,5.551115123125783e-17,0.7999999999999999,0.8926041092655277,0.8235294117647057,0.7777777777777777,1.0,0.1818181818181818,0.6,0.6666666666666666,0.9330127018922193,0.7320508075688774,0.20448853110729398,0.09549150281252627,0.27747906604368566,0.0,0.7999999999999999,0.894690230654176,0.8235294117647057,0.7777777777777777,1.0,0.1818181818181818,0.6333333333333333,0.8333333333333333,0.9330127018922193,0.7320508075688774,0.12638086253384795,0.16543469682057077,0.0,0.3568958678922094,0.7999999999999999,0.8968353932142015,0.8235294117647057,0.7777777777777777,1.0,0.1818181818181818,0.6666666666666666,1.0,0.9330127018922193,0.7320508075688774,0.06460214309120482,0.24999999999999978,0.0990311320975808,0.8019377358048383,0.7999999999999999,0.8989411949933088,0.8235294117647057,0.7777777777777777,1.0,0.1818181818181818,0.7,0.0,0.9330127018922193,0.7320508075688774,0.021852399266194367,0.3454915028125262,0.5,1.0,0.7999999999999999,0.9010469967724157,0.8235294117647057,0.7777777777777777,1.0,0.1818181818181818,0.7333333333333333,0.16666666666666666,0.9330127018922193,0.7320508075688774,0.0,0.4477357683661729,0.9009688679024191,0.8019377358048384,0.7999999999999999,0.9031331181610645,0.8235294117647057,0.7777777777777777,1.0,0.1818181818181818,0.7666666666666667,0.3333333333333333,0.9330127018922193,0.7320508075688774,0.0,0.5522642316338265,1.0,0.3568958678922095,0.7999999999999999,0.9052192395497127,0.8235294117647057,0.7777777777777777,1.0,0.1818181818181818,0.8,0.5,0.9330127018922193,0.7320508075688774,0.02185239926619431,0.6545084971874736,0.7225209339563144,5.551115123125783e-17,0.7999999999999999,0.9073250413288201,0.8235294117647057,0.7777777777777777,1.0,0.1818181818181818,0.8333333333333334,0.6666666666666666,0.9330127018922193,0.7320508075688774,0.06460214309120454,0.7499999999999997,0.27747906604368566,0.0,0.7999999999999999,0.9093914823270093,0.8235294117647057,0.7777777777777777,1.0,0.1818181818181818,0.8666666666666667,0.8333333333333333,0.9330127018922193,0.7320508075688774,0.12638086253384767,0.8345653031794289,0.0,0.3568958678922094,0.7999999999999999,0.9114776037156576,0.8235294117647057,0.7777777777777777,1.0,0.1818181818181818,0.9,1.0,0.9330127018922193,0.7320508075688774,0.20448853110729381,0.9045084971874737,0.0990311320975808,0.8019377358048383,0.7999999999999999,0.9135243643233881,0.8235294117647057,0.7777777777777777,1.0,0.1818181818181818,0.9333333333333333,0.0,0.9330127018922193,0.7320508075688774,0.2955114688927057,0.9567727288213003,0.5,1.0,0.7999999999999999,0.9155711249311187,0.8235294117647057,0.7777777777777777,1.0,0.1818181818181818,0.9666666666666667,0.16666666666666666,0.9330127018922193,0.7320508075688774,0.39547153673234625,0.9890738003669028,0.9009688679024191,0.8019377358048384,0.8571428571428571,0.917558844367472,0.8823529411764705,0.8333333333333333,1.0,0.1818181818181818,0.9999999999999999,0.3333333333333333,0.9330127018922193,0.7320508075688774,0.4999999999999999,1.0,1.0,0.3568958678922095,0.8571428571428571,0.9195662441942849,0.8823529411764705,0.8333333333333333,1.0,0.2727272727272727,0.0,0.5,1.0,0.4641016151377547,0.5,1.0,0.7225209339563144,5.551115123125783e-17,0.8571428571428571,0.9215146028497205,0.8823529411764705,0.8333333333333333,1.0,0.2727272727272727,0.03333333333333333,0.6666666666666666,1.0,0.4641016151377547,0.6045284632676534,0.9890738003669028,0.27747906604368566,0.0,0.8571428571428571,0.9235810438479097,0.8823529411764705,0.8333333333333333,1.0,0.2727272727272727,0.06666666666666668,0.8333333333333333,1.0,0.4641016151377547,0.7044885311072939,0.9567727288213004,0.0,0.3568958678922094,0.8571428571428571,0.9256474848460994,0.8823529411764705,0.8333333333333333,1.0,0.2727272727272727,0.1,1.0,1.0,0.4641016151377547,0.7955114688927061,0.9045084971874737,0.0990311320975808,0.8019377358048383,0.8571428571428571,0.9277139258442886,0.8823529411764705,0.8333333333333333,1.0,0.2727272727272727,0.13333333333333333,0.0,1.0,0.4641016151377547,0.8736191374661522,0.8345653031794291,0.5,1.0,0.8571428571428571,0.9297606864520191,0.8823529411764705,0.8333333333333333,1.0,0.2727272727272727,0.16666666666666669,0.16666666666666666,1.0,0.4641016151377547,0.9353978569087953,0.75,0.9009688679024191,0.8019377358048384,0.7999999999999999,0.9318468078406674,0.8235294117647057,0.7777777777777777,1.0,0.2727272727272727,0.2,0.3333333333333333,1.0,0.4641016151377547,0.9781476007338057,0.6545084971874737,1.0,0.3568958678922095,0.7999999999999999,0.9338542076674803,0.8235294117647057,0.7777777777777777,1.0,0.2727272727272727,0.23333333333333334,0.5,1.0,0.4641016151377547,1.0,0.5522642316338269,0.7225209339563144,5.551115123125783e-17,0.7428571428571428,0.9359403290561286,0.764705882352941,0.7222222222222221,1.0,0.2727272727272727,0.26666666666666666,0.6666666666666666,1.0,0.4641016151377547,1.0,0.44773576836617335,0.27747906604368566,0.0,0.7999999999999999,0.9380658112256945,0.8235294117647057,0.7777777777777777,1.0,0.2727272727272727,0.3,0.8333333333333333,1.0,0.4641016151377547,0.9781476007338057,0.34549150281252633,0.0,0.3568958678922094,0.7999999999999999,0.9401716130048019,0.8235294117647057,0.7777777777777777,1.0,0.2727272727272727,0.3333333333333333,1.0,1.0,0.4641016151377547,0.9353978569087953,0.2500000000000001,0.0990311320975808,0.8019377358048383,0.7999999999999999,0.9422774147839093,0.8235294117647057,0.7777777777777777,1.0,0.2727272727272727,0.3666666666666667,0.0,1.0,0.4641016151377547,0.8736191374661523,0.16543469682057105,0.5,1.0,0.7999999999999999,0.9443635361725575,0.8235294117647057,0.7777777777777777,1.0,0.2727272727272727,0.4,0.16666666666666666,1.0,0.4641016151377547,0.7955114688927061,0.09549150281252633,0.9009688679024191,0.8019377358048384
0.8571428571428571,0.826025348342911,0.8823529411764705,0.8333333333333333,1.0,0.09090909090909091,0.4,0.8333333333333333,0.75,0.9282032302755092,0.7955114688927061,0.09549150281252633,0.0,0.3568958678922094,0.8571428571428571,0.8279933873888057,0.8823529411764705,0.8333333333333333,1.0,0.09090909090909091,0.43333333333333335,1.0,0.75,0.9282032302755092,0.704488531107294,0.04322727117869962,0.0990311320975808,0.8019377358048383,0.8571428571428571,0.8299614264347004,0.8823529411764705,0.8333333333333333,1.0,0.09090909090909091,0.4666666666666667,0.0,0.75,0.9282032302755092,0.6045284632676536,0.010926199633097211,0.5,1.0,0.8571428571428571,0.8319294654805951,0.8823529411764705,0.8333333333333333,1.0,0.09090909090909091,0.5,0.16666666666666666,0.75,0.9282032302755092,0.5000000000000001,0.0,0.9009688679024191,0.8019377358048384,0.8571428571428571,0.8339368653074075,0.8823529411764705,0.8333333333333333,1.0,0.09090909090909091,0.5333333333333333,0.3333333333333333,0.75,0.9282032302755092,0.3954715367323467,0.010926199633097156,1.0,0.3568958678922095,0.8571428571428571,0.8358852239628436,0.8823529411764705,0.8333333333333333,1.0,0.09090909090909091,0.5666666666666667,0.5,0.75,0.9282032302755092,0.29551146889270624,0.043227271178699456,0.7225209339563144,5.551115123125783e-17,0.7999999999999999,0.837892623789656,0.8235294117647057,0.7777777777777777,1.0,0.09090909090909091,0.6,0.6666666666666666,0.75,0.9282032302755092,0.20448853110729398,0.09549150281252627,0.27747906604368566,0.0,0.8571428571428571,0.8398213020546326,0.8823529411764705,0.8333333333333333,1.0,0.09090909090909091,0.6333333333333333,0.8333333333333333,0.75,0.9282032302755092,0.12638086253384795,0.16543469682057077,0.0,0.3568958678922094,0.8857142857142858,0.8417106195386914,0.8823529411764705,0.8888888888888888,1.0,0.09090909090909091,0.6666666666666666,1.0,0.75,0.9282032302755092,0.06460214309120482,0.24999999999999978,0.0990311320975808,0.8019377358048383,0.8571428571428571,0.8436196174132093,0.8823529411764705,0.8333333333333333,1.0,0.09090909090909091,0.7,0.0,0.75,0.9282032302755092,0.021852399266194367,0.3454915028125262,0.5,1.0,0.8571428571428571,0.8455286152877273,0.8823529411764705,0.8333333333333333,1.0,0.09090909090909091,0.7333333333333333,0.16666666666666666,0.75,0.9282032302755092,0.0,0.4477357683661729,0.9009688679024191,0.8019377358048384,0.8571428571428571,0.8473785719908684,0.8823529411764705,0.8333333333333333,1.0,0.09090909090909091,0.7666666666666667,0.3333333333333333,0.75,0.9282032302755092,0.0,0.5522642316338265,1.0,0.3568958678922095,0.8571428571428571,0.849326930646304,0.8823529411764705,0.8333333333333333,1.0,0.09090909090909091,0.8,0.5,0.75,0.9282032302755092,0.02185239926619431,0.6545084971874736,0.7225209339563144,5.551115123125783e-17,0.8571428571428571,0.8513343304731165,0.8823529411764705,0.8333333333333333,1.0,0.09090909090909091,0.8333333333333334,0.6666666666666666,0.75,0.9282032302755092,0.06460214309120454,0.7499999999999997,0.27747906604368566,0.0,0.8571428571428571,0.8532630087380935,0.8823529411764705,0.8333333333333333,1.0,0.09090909090909091,0.8666666666666667,0.8333333333333333,0.75,0.9282032302755092,0.12638086253384767,0.8345653031794289,0.0,0.3568958678922094,0.8571428571428571,0.8552310477839882,0.8823529411764705,0.8333333333333333,1.0,0.09090909090909091,0.9,1.0,0.75,0.9282032302755092,0.20448853110729381,0.9045084971874737,0.0990311320975808,0.8019377358048383,0.8571428571428571,0.8571990868298829,0.8823529411764705,0.8333333333333333,1.0,0.1818181818181818,0.0,0.0,0.9330127018922193,0.7320508075688774,0.5,1.0,0.5,1.0,0.8571428571428571,0.859245847437613,0.8823529411764705,0.8333333333333333,1.0,0.1818181818181818,0.03333333333333333,0.16666666666666666,0.9330127018922193,0.7320508075688774,0.6045284632676534,0.9890738003669028,0.9009688679024191,0.8019377358048384,0.8571428571428571,0.8612926080453436,0.8823529411764705,0.8333333333333333,1.0,0.1818181818181818,0.06666666666666668,0.3333333333333333,0.9330127018922193,0.7320508075688774,0.7044885311072939,0.9567727288213004,1.0,0.3568958678922095,0.8571428571428571,0.863300007872156,0.8823529411764705,0.8333333333333333,1.0,0.1818181818181818,0.13333333333333333,0.6666666666666666,0.9330127018922193,0.7320508075688774,0.8736191374661522,0.8345653031794291,0.27747906604368566,0.0,0.8571428571428571,0.8653467684798866,0.8823529411764705,0.8333333333333333,1.0,0.1818181818181818,0.16666666666666669,0.8333333333333333,0.9330127018922193,0.7320508075688774,0.9353978569087953,0.75,0.0,0.3568958678922094,0.8571428571428571,0.8673935290876171,0.8823529411764705,0.8333333333333333,1.0,0.1818181818181818,0.2,1.0,0.9330127018922193,0.7320508075688774,0.9781476007338057,0.6545084971874737,0.0990311320975808,0.8019377358048383,1.0,0.8694599700858063,0.9999999999999999,1.0,1.0,0.1818181818181818,0.23333333333333334,0.0,0.9330127018922193,0.7320508075688774,1.0,0.5522642316338269,0.5,1.0,1.0,0.871546091474455,0.9999999999999999,1.0,1.0,0.1818181818181818,0.26666666666666666,0.16666666666666666,0.9330127018922193,0.7320508075688774,1.0,0.44773576836617335,0.9009688679024191,0.8019377358048384,0.8571428571428571,0.8736125324726443,0.8823529411764705,0.8333333333333333,1.0,0.1818181818181818,0.3,0.3333333333333333,0.9330127018922193,0.7320508075688774,0.9781476007338057,0.34549150281252633,1.0,0.3568958678922095,1.0,0.8756986538612925,0.9999999999999999,1.0,1.0,0.1818181818181818,0.3333333333333333,0.5,0.9330127018922193,0.7320508075688774,0.9353978569087953,0.2500000000000001,0.7225209339563144,5.551115123125783e-17,0.7999999999999999,0.8777847752499408,0.8235294117647057,0.7777777777777777,1.0,0.1818181818181818,0.3666666666666667,0.6666666666666666,0.9330127018922193,0.7320508075688774,0.8736191374661523,0.16543469682057105,0.27747906604368566,0.0,0.7999999999999999,0.8798512162481305,0.8235294117647057,0.7777777777777777,1.0,0.1818181818181818,0.4,0.8333333333333333,0.9330127018922193,0.7320508075688774,0.7955114688927061,0.09549150281252633,0.0,0.3568958678922094,0.7999999999999999,0.8819963788081555,0.8235294117647057,0.7777777777777777,1.0,0.1818181818181818,0.43333333333333335,1.0,0.9330127018922193,0.7320508075688774,0.704488531107294,0.04322727117869962,0.0990311320975808,0.8019377358048383,0.7999999999999999,0.8841218609777219,0.8235294117647057,0.7777777777777777,1.0,0.1818181818181818,0.4666666666666667,0.0,0.9330127018922193,0.7320508075688774,0.6045284632676536,0.010926199633097211,0.5,1.0,0.7999999999999999,0.8862867039282061,0.8235294117647057,0.7777777777777777,1.0,0.1818181818181818,0.5,0.16666666666666666,0.9330127018922193,0.7320508075688774,0.5000000000000001,0.0,0.9009688679024191,0.8019377358048384,0.7999999999999999,0.8884121860977721,0.8235294117647057,0.7777777777777777,1.0,0.1818181818181818,0.5333333333333333,0.3333333333333333,0.9330127018922193,0.7320508075688774,0.3954715367323467,0.010926199633097156,1.0,0.3568958678922095,0.7999999999999999,0.8905179878768794,0.8235294117647057,0.7777777777777777,1.0,0.1818181818181818,0.5666666666666667,0.5,0.9330127018922193,0.7320508075688774,0.29551146889270624,0.043227271178699456,0.7225209339563144,5.551115123125783e-17,0.7999999999999999,0.8926041092655277,0.8235294117647057,0.7777777777777777,1.0,0.1818181818181818,0.6,0.6666666666666666,0.9330127018922193,0.7320508075688774,0.20448853110729398,0.09549150281252627,0.27747906604368566,0.0,0.7999999999999999,0.894690230654176,0.8235294117647057,0.7777777777777777,1.0,0.1818181818181818,0.6333333333333333,0.8333333333333333,0.9330127018922193,0.7320508075688774,0.12638086253384795,0.16543469682057077,0.0,0.3568958678922094,0.7999999999999999,0.8968353932142015,0.8235294117647057,0.7777777777777777,1.0,0.1818181818181818,0.6666666666666666,1.0,0.9330127018922193,0.7320508075688774,0.06460214309120482,0.24999999999999978,0.0990311320975808,0.8019377358048383,0.7999999999999999,0.8989411949933088,0.8235294117647057,0.7777777777777777,1.0,0.1818181818181818,0.7,0.0,0.9330127018922193,0.7320508075688774,0.021852399266194367,0.3454915028125262,0.5,1.0,0.7999999999999999,0.9010469967724157,0.8235294117647057,0.7777777777777777,1.0,0.1818181818181818,0.7333333333333333,0.16666666666666666,0.9330127018922193,0.7320508075688774,0.0,0.4477357683661729,0.9009688679024191,0.8019377358048384,0.7999999999999999,0.9031331181610645,0.8235294117647057,0.7777777777777777,1.0,0.1818181818181818,0.7666666666666667,0.3333333333333333,0.9330127018922193,0.7320508075688774,0.0,0.5522642316338265,1.0,0.3568958678922095,0.7999999999999999,0.9052192395497127,0.8235294117647057,0.7777777777777777,1.0,0.1818181818181818,0.8,0.5,0.9330127018922193,0.7320508075688774,0.02185239926619431,0.6545084971874736,0.7225209339563144,5.551115123125783e-17,0.7999999999999999,0.9073250413288201,0.8235294117647057,0.7777777777777777,1.0,0.1818181818181818,0.8333333333333334,0.6666666666666666,0.9330127018922193,0.7320508075688774,0.06460214309120454,0.7499999999999997,0.27747906604368566,0.0,0.7999999999999999,0.9093914823270093,0.8235294117647057,0.7777777777777777,1.0,0.1818181818181818,0.8666666666666667,0.8333333333333333,0.9330127018922193,0.7320508075688774,0.12638086253384767,0.8345653031794289,0.0,0.3568958678922094,0.7999999999999999,0.9114776037156576,0.8235294117647057,0.7777777777777777,1.0,0.1818181818181818,0.9,1.0,0.9330127018922193,0.7320508075688774,0.20448853110729381,0.9045084971874737,0.0990311320975808,0.8019377358048383,0.7999999999999999,0.9135243643233881,0.8235294117647057,0.7777777777777777,1.0,0.1818181818181818,0.9333333333333333,0.0,0.9330127018922193,0.7320508075688774,0.2955114688927057,0.9567727288213003,0.5,1.0,0.7999999999999999,0.9155711249311187,0.8235294117647057,0.7777777777777777,1.0,0.1818181818181818,0.9666666666666667,0.16666666666666666,0.9330127018922193,0.7320508075688774,0.39547153673234625,0.9890738003669028,0.9009688679024191,0.8019377358048384,0.8571428571428571,0.917558844367472,0.8823529411764705,0.8333333333333333,1.0,0.1818181818181818,0.9999999999999999,0.3333333333333333,0.9330127018922193,0.7320508075688774,0.4999999999999999,1.0,1.0,0.3568958678922095,0.8571428571428571,0.9195662441942849,0.8823529411764705,0.8333333333333333,1.0,0.2727272727272727,0.0,0.5,1.0,0.4641016151377547,0.5,1.0,0.7225209339563144,5.551115123125783e-17,0.8571428571428571,0.9215146028497205,0.8823529411764705,0.8333333333333333,1.0,0.2727272727272727,0.03333333333333333,0.6666666666666666,1.0,0.4641016151377547,0.6045284632676534,0.9890738003669028,0.27747906604368566,0.0,0.8571428571428571,0.9235810438479097,0.8823529411764705,0.8333333333333333,1.0,0.2727272727272727,0.06666666666666668,0.8333333333333333,1.0,0.4641016151377547,0.7044885311072939,0.9567727288213004,0.0,0.3568958678922094,0.8571428571428571,0.9256474848460994,0.8823529411764705,0.8333333333333333,1.0,0.2727272727272727,0.1,1.0,1.0,0.4641016151377547,0.7955114688927061,0.9045084971874737,0.0990311320975808,0.8019377358048383,0.8571428571428571,0.9277139258442886,0.8823529411764705,0.8333333333333333,1.0,0.2727272727272727,0.13333333333333333,0.0,1.0,0.4641016151377547,0.8736191374661522,0.8345653031794291,0.5,1.0,0.8571428571428571,0.9297606864520191,0.8823529411764705,0.8333333333333333,1.0,0.2727272727272727,0.16666666666666669,0.16666666666666666,1.0,0.4641016151377547,0.9353978569087953,0.75,0.9009688679024191,0.8019377358048384,0.7999999999999999,0.9318468078406674,0.8235294117647057,0.7777777777777777,1.0,0.2727272727272727,0.2,0.3333333333333333,1.0,0.4641016151377547,0.9781476007338057,0.6545084971874737,1.0,0.3568958678922095,0.7999999999999999,0.9338542076674803,0.8235294117647057,0.7777777777777777,1.0,0.2727272727272727,0.23333333333333334,0.5,1.0,0.4641016151377547,1.0,0.5522642316338269,0.7225209339563144,5.551115123125783e-17,0.7428571428571428,0.9359403290561286,0.764705882352941,0.7222222222222221,1.0,0.2727272727272727,0.26666666666666666,0.6666666666666666,1.0,0.4641016151377547,1.0,0.44773576836617335,0.27747906604368566,0.0,0.7999999999999999,0.9380658112256945,0.8235294117647057,0.7777777777777777,1.0,0.2727272727272727,0.3,0.8333333333333333,1.0,0.4641016151377547,0.9781476007338057,0.34549150281252633,0.0,0.3568958678922094,0.7999999999999999,0.9401716130048019,0.8235294117647057,0.7777777777777777,1.0,0.2727272727272727,0.3333333333333333,1.0,1.0,0.4641016151377547,0.9353978569087953,0.2500000000000001,0.0990311320975808,0.8019377358048383,0.7999999999999999,0.9422774147839093,0.8235294117647057,0.7777777777777777,1.0,0.2727272727272727,0.3666666666666667,0.0,1.0,0.4641016151377547,0.8736191374661523,0.16543469682057105,0.5,1.0,0.7999999999999999,0.9443635361725575,0.8235294117647057,0.7777777777777777,1.0,0.2727272727272727,0.4,0.16666666666666666,1.0,0.4641016151377547,0.7955114688927061,0.09549150281252633,0.9009688679024191,0.8019377358048384,0.7999999999999999,0.9464496575612058,0.8235294117647057,0.7777777777777777,1.0,0.2727272727272727,0.43333333333333335,0.3333333333333333,1.0,0.4641016151377547,0.704488531107294,0.04322727117869962,1.0,0.3568958678922095
0.8571428571428571,0.8279933873888057,0.8823529411764705,0.8333333333333333,1.0,0.09090909090909091,0.43333333333333335,1.0,0.75,0.9282032302755092,0.704488531107294,0.04322727117869962,0.0990311320975808,0.8019377358048383,0.8571428571428571,0.8299614264347004,0.8823529411764705,0.8333333333333333,1.0,0.09090909090909091,0.4666666666666667,0.0,0.75,0.9282032302755092,0.6045284632676536,0.010926199633097211,0.5,1.0,0.8571428571428571,0.8319294654805951,0.8823529411764705,0.8333333333333333,1.0,0.09090909090909091,0.5,0.16666666666666666,0.75,0.9282032302755092,0.5000000000000001,0.0,0.9009688679024191,0.8019377358048384,0.8571428571428571,0.8339368653074075,0.8823529411764705,0.8333333333333333,1.0,0.09090909090909091,0.5333333333333333,0.3333333333333333,0.75,0.9282032302755092,0.3954715367323467,0.010926199633097156,1.0,0.3568958678922095,0.8571428571428571,0.8358852239628436,0.8823529411764705,0.8333333333333333,1.0,0.09090909090909091,0.5666666666666667,0.5,0.75,0.9282032302755092,0.29551146889270624,0.043227271178699456,0.7225209339563144,5.551115123125783e-17,0.7999999999999999,0.837892623789656,0.8235294117647057,0.7777777777777777,1.0,0.09090909090909091,0.6,0.6666666666666666,0.75,0.9282032302755092,0.20448853110729398,0.09549150281252627,0.27747906604368566,0.0,0.8571428571428571,0.8398213020546326,0.8823529411764705,0.8333333333333333,1.0,0.09090909090909091,0.6333333333333333,0.8333333333333333,0.75,0.9282032302755092,0.12638086253384795,0.16543469682057077,0.0,0.3568958678922094,0.8857142857142858,0.8417106195386914,0.8823529411764705,0.8888888888888888,1.0,0.09090909090909091,0.6666666666666666,1.0,0.75,0.9282032302755092,0.06460214309120482,0.24999999999999978,0.0990311320975808,0.8019377358048383,0.8571428571428571,0.8436196174132093,0.8823529411764705,0.8333333333333333,1.0,0.09090909090909091,0.7,0.0,0.75,0.9282032302755092,0.021852399266194367,0.3454915028125262,0.5,1.0,0.8571428571428571,0.8455286152877273,0.8823529411764705,0.8333333333333333,1.0,0.09090909090909091,0.7333333333333333,0.16666666666666666,0.75,0.9282032302755092,0.0,0.4477357683661729,0.9009688679024191,0.8019377358048384,0.8571428571428571,0.8473785719908684,0.8823529411764705,0.8333333333333333,1.0,0.09090909090909091,0.7666666666666667,0.3333333333333333,0.75,0.9282032302755092,0.0,0.5522642316338265,1.0,0.3568958678922095,0.8571428571428571,0.849326930646304,0.8823529411764705,0.8333333333333333,1.0,0.09090909090909091,0.8,0.5,0.75,0.9282032302755092,0.02185239926619431,0.6545084971874736,0.7225209339563144,5.551115123125783e-17,0.8571428571428571,0.8513343304731165,0.8823529411764705,0.8333333333333333,1.0,0.09090909090909091,0.8333333333333334,0.6666666666666666,0.75,0.9282032302755092,0.06460214309120454,0.7499999999999997,0.27747906604368566,0.0,0.8571428571428571,0.8532630087380935,0.8823529411764705,0.8333333333333333,1.0,0.09090909090909091,0.8666666666666667,0.8333333333333333,0.75,0.9282032302755092,0.12638086253384767,0.8345653031794289,0.0,0.3568958678922094,0.8571428571428571,0.8552310477839882,0.8823529411764705,0.8333333333333333,1.0,0.09090909090909091,0.9,1.0,0.75,0.9282032302755092,0.20448853110729381,0.9045084971874737,0.0990311320975808,0.8019377358048383,0.8571428571428571,0.8571990868298829,0.8823529411764705,0.8333333333333333,1.0,0.1818181818181818,0.0,0.0,0.9330127018922193,0.7320508075688774,0.5,1.0,0.5,1.0,0.8571428571428571,0.859245847437613,0.8823529411764705,0.8333333333333333,1.0,0.1818181818181818,0.03333333333333333,0.16666666666666666,0.9330127018922193,0.7320508075688774,0.6045284632676534,0.9890738003669028,0.9009688679024191,0.8019377358048384,0.8571428571428571,0.8612926080453436,0.8823529411764705,0.8333333333333333,1.0,0.1818181818181818,0.06666666666666668,0.3333333333333333,0.9330127018922193,0.7320508075688774,0.7044885311072939,0.9567727288213004,1.0,0.3568958678922095,0.8571428571428571,0.863300007872156,0.8823529411764705,0.8333333333333333,1.0,0.1818181818181818,0.13333333333333333,0.6666666666666666,0.9330127018922193,0.7320508075688774,0.8736191374661522,0.8345653031794291,0.27747906604368566,0.0,0.8571428571428571,0.8653467684798866,0.8823529411764705,0.8333333333333333,1.0,0.1818181818181818,0.16666666666666669,0.8333333333333333,0.9330127018922193,0.7320508075688774,0.9353978569087953,0.75,0.0,0.3568958678922094,0.8571428571428571,0.8673935290876171,0.8823529411764705,0.8333333333333333,1.0,0.1818181818181818,0.2,1.0,0.9330127018922193,0.7320508075688774,0.9781476007338057,0.6545084971874737,0.0990311320975808,0.8019377358048383,1.0,0.8694599700858063,0.9999999999999999,1.0,1.0,0.1818181818181818,0.23333333333333334,0.0,0.9330127018922193,0.7320508075688774,1.0,0.5522642316338269,0.5,1.0,1.0,0.871546091474455,0.9999999999999999,1.0,1.0,0.1818181818181818,0.26666666666666666,0.16666666666666666,0.9330127018922193,0.7320508075688774,1.0,0.44773576836617335,0.9009688679024191,0.8019377358048384,0.8571428571428571,0.8736125324726443,0.8823529411764705,0.8333333333333333,1.0,0.1818181818181818,0.3,0.3333333333333333,0.9330127018922193,0.7320508075688774,0.9781476007338057,0.34549150281252633,1.0,0.3568958678922095,1.0,0.8756986538612925,0.9999999999999999,1.0,1.0,0.1818181818181818,0.3333333333333333,0.5,0.9330127018922193,0.7320508075688774,0.9353978569087953,0.2500000000000001,0.7225209339563144,5.551115123125783e-17,0.7999999999999999,0.8777847752499408,0.8235294117647057,0.7777777777777777,1.0,0.1818181818181818,0.3666666666666667,0.6666666666666666,0.9330127018922193,0.7320508075688774,0.8736191374661523,0.16543469682057105,0.27747906604368566,0.0,0.7999999999999999,0.8798512162481305,0.8235294117647057,0.7777777777777777,1.0,0.1818181818181818,0.4,0.8333333333333333,0.9330127018922193,0.7320508075688774,0.7955114688927061,0.09549150281252633,0.0,0.3568958678922094,0.7999999999999999,0.8819963788081555,0.8235294117647057,0.7777777777777777,1.0,0.1818181818181818,0.43333333333333335,1.0,0.9330127018922193,0.7320508075688774,0.704488531107294,0.04322727117869962,0.0990311320975808,0.8019377358048383,0.7999999999999999,0.8841218609777219,0.8235294117647057,0.7777777777777777,1.0,0.1818181818181818,0.4666666666666667,0.0,0.9330127018922193,0.7320508075688774,0.6045284632676536,0.010926199633097211,0.5,1.0,0.7999999999999999,0.8862867039282061,0.8235294117647057,0.7777777777777777,1.0,0.1818181818181818,0.5,0.16666666666666666,0.9330127018922193,0.7320508075688774,0.5000000000000001,0.0,0.9009688679024191,0.8019377358048384,0.7999999999999999,0.8884121860977721,0.8235294117647057,0.7777777777777777,1.0,0.1818181818181818,0.5333333333333333,0.3333333333333333,0.9330127018922193,0.7320508075688774,0.3954715367323467,0.010926199633097156,1.0,0.3568958678922095,0.7999999999999999,0.8905179878768794,0.8235294117647057,0.7777777777777777,1.0,0.1818181818181818,0.5666666666666667,0.5,0.9330127018922193,0.7320508075688774,0.29551146889270624,0.043227271178699456,0.7225209339563144,5.551115123125783e-17,0.7999999999999999,0.8926041092655277,0.8235294117647057,0.7777777777777777,1.0,0.1818181818181818,0.6,0.6666666666666666,0.9330127018922193,0.7320508075688774,0.20448853110729398,0.09549150281252627,0.27747906604368566,0.0,0.7999999999999999,0.894690230654176,0.8235294117647057,0.7777777777777777,1.0,0.1818181818181818,0.6333333333333333,0.8333333333333333,0.9330127018922193,0.7320508075688774,0.12638086253384795,0.16543469682057077,0.0,0.3568958678922094,0.7999999999999999,0.8968353932142015,0.8235294117647057,0.7777777777777777,1.0,0.1818181818181818,0.6666666666666666,1.0,0.9330127018922193,0.7320508075688774,0.06460214309120482,0.24999999999999978,0.0990311320975808,0.8019377358048383,0.7999999999999999,0.8989411949933088,0.8235294117647057,0.7777777777777777,1.0,0.1818181818181818,0.7,0.0,0.9330127018922193,0.7320508075688774,0.021852399266194367,0.3454915028125262,0.5,1.0,0.7999999999999999,0.9010469967724157,0.8235294117647057,0.7777777777777777,1.0,0.1818181818181818,0.7333333333333333,0.16666666666666666,0.9330127018922193,0.7320508075688774,0.0,0.4477357683661729,0.9009688679024191,0.8019377358048384,0.7999999999999999,0.9031331181610645,0.8235294117647057,0.7777777777777777,1.0,0.1818181818181818,0.7666666666666667,0.3333333333333333,0.9330127018922193,0.7320508075688774,0.0,0.5522642316338265,1.0,0.3568958678922095,0.7999999999999999,0.9052192395497127,0.8235294117647057,0.7777777777777777,1.0,0.1818181818181818,0.8,0.5,0.9330127018922193,0.7320508075688774,0.02185239926619431,0.6545084971874736,0.7225209339563144,5.551115123125783e-17,0.7999999999999999,0.9073250413288201,0.8235294117647057,0.7777777777777777,1.0,0.1818181818181818,0.8333333333333334,0.6666666666666666,0.9330127018922193,0.7320508075688774,0.06460214309120454,0.7499999999999997,0.27747906604368566,0.0,0.7999999999999999,0.9093914823270093,0.8235294117647057,0.7777777777777777,1.0,0.1818181818181818,0.8666666666666667,0.8333333333333333,0.9330127018922193,0.7320508075688774,0.12638086253384767,0.8345653031794289,0.0,0.3568958678922094,0.7999999999999999,0.9114776037156576,0.8235294117647057,0.7777777777777777,1.0,0.1818181818181818,0.9,1.0,0.9330127018922193,0.7320508075688774,0.20448853110729381,0.9045084971874737,0.0990311320975808,0.8019377358048383,0.7999999999999999,0.9135243643233881,0.8235294117647057,0.7777777777777777,1.0,0.1818181818181818,0.9333333333333333,0.0,0.9330127018922193,0.7320508075688774,0.2955114688927057,0.9567727288213003,0.5,1.0,0.7999999999999999,0.9155711249311187,0.8235294117647057,0.7777777777777777,1.0,0.1818181818181818,0.9666666666666667,0.16666666666666666,0.9330127018922193,0.7320508075688774,0.39547153673234625,0.9890738003669028,0.9009688679024191,0.8019377358048384,0.8571428571428571,0.917558844367472,0.8823529411764705,0.8333333333333333,1.0,0.1818181818181818,0.9999999999999999,0.3333333333333333,0.9330127018922193,0.7320508075688774,0.4999999999999999,1.0,1.0,0.3568958678922095,0.8571428571428571,0.9195662441942849,0.8823529411764705,0.8333333333333333,1.0,0.2727272727272727,0.0,0.5,1.0,0.4641016151377547,0.5,1.0,0.7225209339563144,5.551115123125783e-17,0.8571428571428571,0.9215146028497205,0.8823529411764705,0.8333333333333333,1.0,0.2727272727272727,0.03333333333333333,0.6666666666666666,1.0,0.4641016151377547,0.6045284632676534,0.9890738003669028,0.27747906604368566,0.0,0.8571428571428571,0.9235810438479097,0.8823529411764705,0.8333333333333333,1.0,0.2727272727272727,0.06666666666666668,0.8333333333333333,1.0,0.4641016151377547,0.7044885311072939,0.9567727288213004,0.0,0.3568958678922094,0.8571428571428571,0.9256474848460994,0.8823529411764705,0.8333333333333333,1.0,0.2727272727272727,0.1,1.0,1.0,0.4641016151377547,0.7955114688927061,0.9045084971874737,0.0990311320975808,0.8019377358048383,0.8571428571428571,0.9277139258442886,0.8823529411764705,0.8333333333333333,1.0,0.2727272727272727,0.13333333333333333,0.0,1.0,0.4641016151377547,0.8736191374661522,0.8345653031794291,0.5,1.0,0.8571428571428571,0.9297606864520191,0.8823529411764705,0.8333333333333333,1.0,0.2727272727272727,0.16666666666666669,0.16666666666666666,1.0,0.4641016151377547,0.9353978569087953,0.75,0.9009688679024191,0.8019377358048384,0.7999999999999999,0.9318468078406674,0.8235294117647057,0.7777777777777777,1.0,0.2727272727272727,0.2,0.3333333333333333,1.0,0.4641016151377547,0.9781476007338057,0.6545084971874737,1.0,0.3568958678922095,0.7999999999999999,0.9338542076674803,0.8235294117647057,0.7777777777777777,1.0,0.2727272727272727,0.23333333333333334,0.5,1.0,0.4641016151377547,1.0,0.5522642316338269,0.7225209339563144,5.551115123125783e-17,0.7428571428571428,0.9359403290561286,0.764705882352941,0.7222222222222221,1.0,0.2727272727272727,0.26666666666666666,0.6666666666666666,1.0,0.4641016151377547,1.0,0.44773576836617335,0.27747906604368566,0.0,0.7999999999999999,0.9380658112256945,0.8235294117647057,0.7777777777777777,1.0,0.2727272727272727,0.3,0.8333333333333333,1.0,0.4641016151377547,0.9781476007338057,0.34549150281252633,0.0,0.3568958678922094,0.7999999999999999,0.9401716130048019,0.8235294117647057,0.7777777777777777,1.0,0.2727272727272727,0.3333333333333333,1.0,1.0,0.4641016151377547,0.9353978569087953,0.2500000000000001,0.0990311320975808,0.8019377358048383,0.7999999999999999,0.9422774147839093,0.8235294117647057,0.7777777777777777,1.0,0.2727272727272727,0.3666666666666667,0.0,1.0,0.4641016151377547,0.8736191374661523,0.16543469682057105,0.5,1.0,0.7999999999999999,0.9443635361725575,0.8235294117647057,0.7777777777777777,1.0,0.2727272727272727,0.4,0.16666666666666666,1.0,0.4641016151377547,0.7955114688927061,0.09549150281252633,0.9009688679024191,0.8019377358048384,0.7999999999999999,0.9464496575612058,0.8235294117647057,0.7777777777777777,1.0,0.2727272727272727,0.43333333333333335,0.3333333333333333,1.0,0.4641016151377547,0.704488531107294,0.04322727117869962,1.0,0.3568958678922095,0.7999999999999999,0.9484964181689364,0.8235294117647057,0.7777777777777777,1.0,0.2727272727272727,0.4666666666666667,0.5,1.0,0.4641016151377547,0.6045284632676536,0.010926199633097211,0.7225209339563144,5.551115123125783e-17
0.8571428571428571,0.8299614264347004,0.8823529411764705,0.8333333333333333,1.0,0.09090909090909091,0.4666666666666667,0.0,0.75,0.9282032302755092,0.6045284632676536,0.010926199633097211,0.5,1.0,0.8571428571428571,0.8319294654805951,0.8823529411764705,0.8333333333333333,1.0,0.09090909090909091,0.5,0.16666666666666666,0.75,0.9282032302755092,0.5000000000000001,0.0,0.9009688679024191,0.8019377358048384,0.8571428571428571,0.8339368653074075,0.8823529411764705,0.8333333333333333,1.0,0.09090909090909091,0.5333333333333333,0.3333333333333333,0.75,0.9282032302755092,0.3954715367323467,0.010926199633097156,1.0,0.3568958678922095,0.8571428571428571,0.8358852239628436,0.8823529411764705,0.8333333333333333,1.0,0.09090909090909091,0.5666666666666667,0.5,0.75,0.9282032302755092,0.29551146889270624,0.043227271178699456,0.7225209339563144,5.551115123125783e-17,0.7999999999999999,0.837892623789656,0.8235294117647057,0.7777777777777777,1.0,0.09090909090909091,0.6,0.6666666666666666,0.75,0.9282032302755092,0.20448853110729398,0.09549150281252627,0.27747906604368566,0.0,0.8571428571428571,0.8398213020546326,0.8823529411764705,0.8333333333333333,1.0,0.09090909090909091,0.6333333333333333,0.8333333333333333,0.75,0.9282032302755092,0.12638086253384795,0.16543469682057077,0.0,0.3568958678922094,0.8857142857142858,0.8417106195386914,0.8823529411764705,0.8888888888888888,1.0,0.09090909090909091,0.6666666666666666,1.0,0.75,0.9282032302755092,0.06460214309120482,0.24999999999999978,0.0990311320975808,0.8019377358048383,0.8571428571428571,0.8436196174132093,0.8823529411764705,0.8333333333333333,1.0,0.09090909090909091,0.7,0.0,0.75,0.9282032302755092,0.021852399266194367,0.3454915028125262,0.5,1.0,0.8571428571428571,0.8455286152877273,0.8823529411764705,0.8333333333333333,1.0,0.09090909090909091,0.7333333333333333,0.16666666666666666,0.75,0.9282032302755092,0.0,0.4477357683661729,0.9009688679024191,0.8019377358048384,0.8571428571428571,0.8473785719908684,0.8823529411764705,0.8333333333333333,1.0,0.09090909090909091,0.7666666666666667,0.3333333333333333,0.75,0.9282032302755092,0.0,0.5522642316338265,1.0,0.3568958678922095,0.8571428571428571,0.849326930646304,0.8823529411764705,0.8333333333333333,1.0,0.09090909090909091,0.8,0.5,0.75,0.9282032302755092,0.02185239926619431,0.6545084971874736,0.7225209339563144,5.551115123125783e-17,0.8571428571428571,0.8513343304731165,0.8823529411764705,0.8333333333333333,1.0,0.09090909090909091,0.8333333333333334,0.6666666666666666,0.75,0.9282032302755092,0.06460214309120454,0.7499999999999997,0.27747906604368566,0.0,0.8571428571428571,0.8532630087380935,0.8823529411764705,0.8333333333333333,1.0,0.09090909090909091,0.8666666666666667,0.8333333333333333,0.75,0.9282032302755092,0.12638086253384767,0.8345653031794289,0.0,0.3568958678922094,0.8571428571428571,0.8552310477839882,0.8823529411764705,0.8333333333333333,1.0,0.09090909090909091,0.9,1.0,0.75,0.9282032302755092,0.20448853110729381,0.9045084971874737,0.0990311320975808,0.8019377358048383,0.8571428571428571,0.8571990868298829,0.8823529411764705,0.8333333333333333,1.0,0.1818181818181818,0.0,0.0,0.9330127018922193,0.7320508075688774,0.5,1.0,0.5,1.0,0.8571428571428571,0.859245847437613,0.8823529411764705,0.8333333333333333,1.0,0.1818181818181818,0.03333333333333333,0.16666666666666666,0.9330127018922193,0.7320508075688774,0.6045284632676534,0.9890738003669028,0.9009688679024191,0.8019377358048384,0.8571428571428571,0.8612926080453436,0.8823529411764705,0.8333333333333333,1.0,0.1818181818181818,0.06666666666666668,0.3333333333333333,0.9330127018922193,0.7320508075688774,0.7044885311072939,0.9567727288213004,1.0,0.3568958678922095,0.8571428571428571,0.863300007872156,0.8823529411764705,0.8333333333333333,1.0,0.1818181818181818,0.13333333333333333,0.6666666666666666,0.9330127018922193,0.7320508075688774,0.8736191374661522,0.8345653031794291,0.27747906604368566,0.0,0.8571428571428571,0.8653467684798866,0.8823529411764705,0.8333333333333333,1.0,0.1818181818181818,0.16666666666666669,0.8333333333333333,0.9330127018922193,0.7320508075688774,0.9353978569087953,0.75,0.0,0.3568958678922094,0.8571428571428571,0.8673935290876171,0.8823529411764705,0.8333333333333333,1.0,0.1818181818181818,0.2,1.0,0.9330127018922193,0.7320508075688774,0.9781476007338057,0.6545084971874737,0.0990311320975808,0.8019377358048383,1.0,0.8694599700858063,0.9999999999999999,1.0,1.0,0.1818181818181818,0.23333333333333334,0.0,0.9330127018922193,0.7320508075688774,1.0,0.5522642316338269,0.5,1.0,1.0,0.871546091474455,0.9999999999999999,1.0,1.0,0.1818181818181818,0.26666666666666666,0.16666666666666666,0.9330127018922193,0.7320508075688774,1.0,0.44773576836617335,0.9009688679024191,0.8019377358048384,0.8571428571428571,0.8736125324726443,0.8823529411764705,0.8333333333333333,1.0,0.1818181818181818,0.3,0.3333333333333333,0.9330127018922193,0.7320508075688774,0.9781476007338057,0.34549150281252633,1.0,0.3568958678922095,1.0,0.8756986538612925,0.9999999999999999,1.0,1.0,0.1818181818181818,0.3333333333333333,0.5,0.9330127018922193,0.7320508075688774,0.9353978569087953,0.2500000000000001,0.7225209339563144,5.551115123125783e-17,0.7999999999999999,0.8777847752499408,0.8235294117647057,0.7777777777777777,1.0,0.1818181818181818,0.3666666666666667,0.6666666666666666,0.9330127018922193,0.7320508075688774,0.8736191374661523,0.16543469682057105,0.27747906604368566,0.0,0.7999999999999999,0.8798512162481305,0.8235294117647057,0.7777777777777777,1.0,0.1818181818181818,0.4,0.8333333333333333,0.9330127018922193,0.7320508075688774,0.7955114688927061,0.09549150281252633,0.0,0.3568958678922094,0.7999999999999999,0.8819963788081555,0.8235294117647057,0.7777777777777777,1.0,0.1818181818181818,0.43333333333333335,1.0,0.9330127018922193,0.7320508075688774,0.704488531107294,0.04322727117869962,0.0990311320975808,0.8019377358048383,0.7999999999999999,0.8841218609777219,0.8235294117647057,0.7777777777777777,1.0,0.1818181818181818,0.4666666666666667,0.0,0.9330127018922193,0.7320508075688774,0.6045284632676536,0.010926199633097211,0.5,1.0,0.7999999999999999,0.8862867039282061,0.8235294117647057,0.7777777777777777,1.0,0.1818181818181818,0.5,0.16666666666666666,0.9330127018922193,0.7320508075688774,0.5000000000000001,0.0,0.9009688679024191,0.8019377358048384,0.7999999999999999,0.8884121860977721,0.8235294117647057,0.7777777777777777,1.0,0.1818181818181818,0.5333333333333333,0.3333333333333333,0.9330127018922193,0.7320508075688774,0.3954715367323467,0.010926199633097156,1.0,0.3568958678922095,0.7999999999999999,0.8905179878768794,0.8235294117647057,0.7777777777777777,1.0,0.1818181818181818,0.5666666666666667,0.5,0.9330127018922193,0.7320508075688774,0.29551146889270624,0.043227271178699456,0.7225209339563144,5.551115123125783e-17,0.7999999999999999,0.8926041092655277,0.8235294117647057,0.7777777777777777,1.0,0.1818181818181818,0.6,0.6666666666666666,0.9330127018922193,0.7320508075688774,0.20448853110729398,0.09549150281252627,0.27747906604368566,0.0,0.7999999999999999,0.894690230654176,0.8235294117647057,0.7777777777777777,1.0,0.1818181818181818,0.6333333333333333,0.8333333333333333,0.9330127018922193,0.7320508075688774,0.12638086253384795,0.16543469682057077,0.0,0.3568958678922094,0.7999999999999999,0.8968353932142015,0.8235294117647057,0.7777777777777777,1.0,0.1818181818181818,0.6666666666666666,1.0,0.9330127018922193,0.7320508075688774,0.06460214309120482,0.24999999999999978,0.0990311320975808,0.8019377358048383,0.7999999999999999,0.8989411949933088,0.8235294117647057,0.7777777777777777,1.0,0.1818181818181818,0.7,0.0,0.9330127018922193,0.7320508075688774,0.021852399266194367,0.3454915028125262,0.5,1.0,0.7999999999999999,0.9010469967724157,0.8235294117647057,0.7777777777777777,1.0,0.1818181818181818,0.7333333333333333,0.16666666666666666,0.9330127018922193,0.7320508075688774,0.0,0.4477357683661729,0.9009688679024191,0.8019377358048384,0.7999999999999999,0.9031331181610645,0.8235294117647057,0.7777777777777777,1.0,0.1818181818181818,0.7666666666666667,0.3333333333333333,0.9330127018922193,0.7320508075688774,0.0,0.5522642316338265,1.0,0.3568958678922095,0.7999999999999999,0.9052192395497127,0.8235294117647057,0.7777777777777777,1.0,0.1818181818181818,0.8,0.5,0.9330127018922193,0.7320508075688774,0.02185239926619431,0.6545084971874736,0.7225209339563144,5.551115123125783e-17,0.7999999999999999,0.9073250413288201,0.8235294117647057,0.7777777777777777,1.0,0.1818181818181818,0.8333333333333334,0.6666666666666666,0.9330127018922193,0.7320508075688774,0.06460214309120454,0.7499999999999997,0.27747906604368566,0.0,0.7999999999999999,0.9093914823270093,0.8235294117647057,0.7777777777777777,1.0,0.1818181818181818,0.8666666666666667,0.8333333333333333,0.9330127018922193,0.7320508075688774,0.12638086253384767,0.8345653031794289,0.0,0.3568958678922094,0.7999999999999999,0.9114776037156576,0.8235294117647057,0.7777777777777777,1.0,0.1818181818181818,0.9,1.0,0.9330127018922193,0.7320508075688774,0.20448853110729381,0.9045084971874737,0.0990311320975808,0.8019377358048383,0.7999999999999999,0.9135243643233881,0.8235294117647057,0.7777777777777777,1.0,0.1818181818181818,0.9333333333333333,0.0,0.9330127018922193,0.7320508075688774,0.2955114688927057,0.9567727288213003,0.5,1.0,0.7999999999999999,0.9155711249311187,0.8235294117647057,0.7777777777777777,1.0,0.1818181818181818,0.9666666666666667,0.16666666666666666,0.9330127018922193,0.7320508075688774,0.39547153673234625,0.9890738003669028,0.9009688679024191,0.8019377358048384,0.8571428571428571,0.917558844367472,0.8823529411764705,0.8333333333333333,1.0,0.1818181818181818,0.9999999999999999,0.3333333333333333,0.9330127018922193,0.7320508075688774,0.4999999999999999,1.0,1.0,0.3568958678922095,0.8571428571428571,0.9195662441942849,0.8823529411764705,0.8333333333333333,1.0,0.2727272727272727,0.0,0.5,1.0,0.4641016151377547,0.5,1.0,0.7225209339563144,5.551115123125783e-17,0.8571428571428571,0.9215146028497205,0.8823529411764705,0.8333333333333333,1.0,0.2727272727272727,0.03333333333333333,0.6666666666666666,1.0,0.4641016151377547,0.6045284632676534,0.9890738003669028,0.27747906604368566,0.0,0.8571428571428571,0.9235810438479097,0.8823529411764705,0.8333333333333333,1.0,0.2727272727272727,0.06666666666666668,0.8333333333333333,1.0,0.4641016151377547,0.7044885311072939,0.9567727288213004,0.0,0.3568958678922094,0.8571428571428571,0.9256474848460994,0.8823529411764705,0.8333333333333333,1.0,0.2727272727272727,0.1,1.0,1.0,0.4641016151377547,0.7955114688927061,0.9045084971874737,0.0990311320975808,0.8019377358048383,0.8571428571428571,0.9277139258442886,0.8823529411764705,0.8333333333333333,1.0,0.2727272727272727,0.13333333333333333,0.0,1.0,0.4641016151377547,0.8736191374661522,0.8345653031794291,0.5,1.0,0.8571428571428571,0.9297606864520191,0.8823529411764705,0.8333333333333333,1.0,0.2727272727272727,0.16666666666666669,0.16666666666666666,1.0,0.4641016151377547,0.9353978569087953,0.75,0.9009688679024191,0.8019377358048384,0.7999999999999999,0.9318468078406674,0.8235294117647057,0.7777777777777777,1.0,0.2727272727272727,0.2,0.3333333333333333,1.0,0.4641016151377547,0.9781476007338057,0.6545084971874737,1.0,0.3568958678922095,0.7999999999999999,0.9338542076674803,0.8235294117647057,0.7777777777777777,1.0,0.2727272727272727,0.23333333333333334,0.5,1.0,0.4641016151377547,1.0,0.5522642316338269,0.7225209339563144,5.551115123125783e-17,0.7428571428571428,0.9359403290561286,0.764705882352941,0.7222222222222221,1.0,0.2727272727272727,0.26666666666666666,0.6666666666666666,1.0,0.4641016151377547,1.0,0.44773576836617335,0.27747906604368566,0.0,0.7999999999999999,0.9380658112256945,0.8235294117647057,0.7777777777777777,1.0,0.2727272727272727,0.3,0.8333333333333333,1.0,0.4641016151377547,0.9781476007338057,0.34549150281252633,0.0,0.3568958678922094,0.7999999999999999,0.9401716130048019,0.8235294117647057,0.7777777777777777,1.0,0.2727272727272727,0.3333333333333333,1.0,1.0,0.4641016151377547,0.9353978569087953,0.2500000000000001,0.0990311320975808,0.8019377358048383,0.7999999999999999,0.9422774147839093,0.8235294117647057,0.7777777777777777,1.0,0.2727272727272727,0.3666666666666667,0.0,1.0,0.4641016151377547,0.8736191374661523,0.16543469682057105,0.5,1.0,0.7999999999999999,0.9443635361725575,0.8235294117647057,0.7777777777777777,1.0,0.2727272727272727,0.4,0.16666666666666666,1.0,0.4641016151377547,0.7955114688927061,0.09549150281252633,0.9009688679024191,0.8019377358048384,0.7999999999999999,0.9464496575612058,0.8235294117647057,0.7777777777777777,1.0,0.2727272727272727,0.43333333333333335,0.3333333333333333,1.0,0.4641016151377547,0.704488531107294,0.04322727117869962,1.0,0.3568958678922095,0.7999999999999999,0.9484964181689364,0.8235294117647057,0.7777777777777777,1.0,0.2727272727272727,0.4666666666666667,0.5,1.0,0.4641016151377547,0.6045284632676536,0.010926199633097211,0.7225209339563144,5.551115123125783e-17,0.7999999999999999,0.9505431787766669,0.8235294117647057,0.7777777777777777,1.0,0.2727272727272727,0.5,0.6666666666666666,1.0,0.4641016151377547,0.5000000000000001,0.0,0.27747906604368566,0.0
0.8571428571428571,0.8319294654805951,0.8823529411764705,0.8333333333333333,1.0,0.09090909090909091,0.5,0.16666666666666666,0.75,0.9282032302755092,0.5000000000000001,0.0,0.9009688679024191,0.8019377358048384,0.8571428571428571,0.8339368653074075,0.8823529411764705,0.8333333333333333,1.0,0.09090909090909091,0.5333333333333333,0.3333333333333333,0.75,0.9282032302755092,0.3954715367323467,0.010926199633097156,1.0,0.3568958678922095,0.8571428571428571,0.8358852239628436,0.8823529411764705,0.8333333333333333,1.0,0.09090909090909091,0.5666666666666667,0.5,0.75,0.9282032302755092,0.29551146889270624,0.043227271178699456,0.7225209339563144,5.551115123125783e-17,0.7999999999999999,0.837892623789656,0.8235294117647057,0.7777777777777777,1.0,0.09090909090909091,0.6,0.6666666666666666,0.75,0.9282032302755092,0.20448853110729398,0.09549150281252627,0.27747906604368566,0.0,0.8571428571428571,0.8398213020546326,0.8823529411764705,0.8333333333333333,1.0,0.09090909090909091,0.6333333333333333,0.8333333333333333,0.75,0.9282032302755092,0.12638086253384795,0.16543469682057077,0.0,0.3568958678922094,0.8857142857142858,0.8417106195386914,0.8823529411764705,0.8888888888888888,1.0,0.09090909090909091,0.6666666666666666,1.0,0.75,0.9282032302755092,0.06460214309120482,0.24999999999999978,0.0990311320975808,0.8019377358048383,0.8571428571428571,0.8436196174132093,0.8823529411764705,0.8333333333333333,1.0,0.09090909090909091,0.7,0.0,0.75,0.9282032302755092,0.021852399266194367,0.3454915028125262,0.5,1.0,0.8571428571428571,0.8455286152877273,0.8823529411764705,0.8333333333333333,1.0,0.09090909090909091,0.7333333333333333,0.16666666666666666,0.75,0.9282032302755092,0.0,0.4477357683661729,0.9009688679024191,0.8019377358048384,0.8571428571428571,0.8473785719908684,0.8823529411764705,0.8333333333333333,1.0,0.09090909090909091,0.7666666666666667,0.3333333333333333,0.75,0.9282032302755092,0.0,0.5522642316338265,1.0,0.3568958678922095,0.8571428571428571,0.849326930646304,0.8823529411764705,0.8333333333333333,1.0,0.09090909090909091,0.8,0.5,0.75,0.9282032302755092,0.02185239926619431,0.6545084971874736,0.7225209339563144,5.551115123125783e-17,0.8571428571428571,0.8513343304731165,0.8823529411764705,0.8333333333333333,1.0,0.09090909090909091,0.8333333333333334,0.6666666666666666,0.75,0.9282032302755092,0.06460214309120454,0.7499999999999997,0.27747906604368566,0.0,0.8571428571428571,0.8532630087380935,0.8823529411764705,0.8333333333333333,1.0,0.09090909090909091,0.8666666666666667,0.8333333333333333,0.75,0.9282032302755092,0.12638086253384767,0.8345653031794289,0.0,0.3568958678922094,0.8571428571428571,0.8552310477839882,0.8823529411764705,0.8333333333333333,1.0,0.09090909090909091,0.9,1.0,0.75,0.9282032302755092,0.20448853110729381,0.9045084971874737,0.0990311320975808,0.8019377358048383,0.8571428571428571,0.8571990868298829,0.8823529411764705,0.8333333333333333,1.0,0.1818181818181818,0.0,0.0,0.9330127018922193,0.7320508075688774,0.5,1.0,0.5,1.0,0.8571428571428571,0.859245847437613,0.8823529411764705,0.8333333333333333,1.0,0.1818181818181818,0.03333333333333333,0.16666666666666666,0.9330127018922193,0.7320508075688774,0.6045284632676534,0.9890738003669028,0.9009688679024191,0.8019377358048384,0.8571428571428571,0.8612926080453436,0.8823529411764705,0.8333333333333333,1.0,0.1818181818181818,0.06666666666666668,0.3333333333333333,0.9330127018922193,0.7320508075688774,0.7044885311072939,0.9567727288213004,1.0,0.3568958678922095,0.8571428571428571,0.863300007872156,0.8823529411764705,0.8333333333333333,1.0,0.1818181818181818,0.13333333333333333,0.6666666666666666,0.9330127018922193,0.7320508075688774,0.8736191374661522,0.8345653031794291,0.27747906604368566,0.0,0.8571428571428571,0.8653467684798866,0.8823529411764705,0.8333333333333333,1.0,0.1818181818181818,0.16666666666666669,0.8333333333333333,0.9330127018922193,0.7320508075688774,0.9353978569087953,0.75,0.0,0.3568958678922094,0.8571428571428571,0.8673935290876171,0.8823529411764705,0.8333333333333333,1.0,0.1818181818181818,0.2,1.0,0.9330127018922193,0.7320508075688774,0.9781476007338057,0.6545084971874737,0.0990311320975808,0.8019377358048383,1.0,0.8694599700858063,0.9999999999999999,1.0,1.0,0.1818181818181818,0.23333333333333334,0.0,0.9330127018922193,0.7320508075688774,1.0,0.5522642316338269,0.5,1.0,1.0,0.871546091474455,0.9999999999999999,1.0,1.0,0.1818181818181818,0.26666666666666666,0.16666666666666666,0.9330127018922193,0.7320508075688774,1.0,0.44773576836617335,0.9009688679024191,0.8019377358048384,0.8571428571428571,0.8736125324726443,0.8823529411764705,0.8333333333333333,1.0,0.1818181818181818,0.3,0.3333333333333333,0.9330127018922193,0.7320508075688774,0.9781476007338057,0.34549150281252633,1.0,0.3568958678922095,1.0,0.8756986538612925,0.9999999999999999,1.0,1.0,0.1818181818181818,0.3333333333333333,0.5,0.9330127018922193,0.7320508075688774,0.9353978569087953,0.2500000000000001,0.7225209339563144,5.551115123125783e-17,0.7999999999999999,0.8777847752499408,0.8235294117647057,0.7777777777777777,1.0,0.1818181818181818,0.3666666666666667,0.6666666666666666,0.9330127018922193,0.7320508075688774,0.8736191374661523,0.16543469682057105,0.27747906604368566,0.0,0.7999999999999999,0.8798512162481305,0.8235294117647057,0.7777777777777777,1.0,0.1818181818181818,0.4,0.8333333333333333,0.9330127018922193,0.7320508075688774,0.7955114688927061,0.09549150281252633,0.0,0.3568958678922094,0.7999999999999999,0.8819963788081555,0.8235294117647057,0.7777777777777777,1.0,0.1818181818181818,0.43333333333333335,1.0,0.9330127018922193,0.7320508075688774,0.704488531107294,0.04322727117869962,0.0990311320975808,0.8019377358048383,0.7999999999999999,0.8841218609777219,0.8235294117647057,0.7777777777777777,1.0,0.1818181818181818,0.4666666666666667,0.0,0.9330127018922193,0.7320508075688774,0.6045284632676536,0.010926199633097211,0.5,1.0,0.7999999999999999,0.8862867039282061,0.8235294117647057,0.7777777777777777,1.0,0.1818181818181818,0.5,0.16666666666666666,0.9330127018922193,0.7320508075688774,0.5000000000000001,0.0,0.9009688679024191,0.8019377358048384,0.7999999999999999,0.8884121860977721,0.8235294117647057,0.7777777777777777,1.0,0.1818181818181818,0.5333333333333333,0.3333333333333333,0.9330127018922193,0.7320508075688774,0.3954715367323467,0.010926199633097156,1.0,0.3568958678922095,0.7999999999999999,0.8905179878768794,0.8235294117647057,0.7777777777777777,1.0,0.1818181818181818,0.5666666666666667,0.5,0.9330127018922193,0.7320508075688774,0.29551146889270624,0.043227271178699456,0.7225209339563144,5.551115123125783e-17,0.7999999999999999,0.8926041092655277,0.8235294117647057,0.7777777777777777,1.0,0.1818181818181818,0.6,0.6666666666666666,0.9330127018922193,0.7320508075688774,0.20448853110729398,0.09549150281252627,0.27747906604368566,0.0,0.7999999999999999,0.894690230654176,0.8235294117647057,0.7777777777777777,1.0,0.1818181818181818,0.6333333333333333,0.8333333333333333,0.9330127018922193,0.7320508075688774,0.12638086253384795,0.16543469682057077,0.0,0.3568958678922094,0.7999999999999999,0.8968353932142015,0.8235294117647057,0.7777777777777777,1.0,0.1818181818181818,0.6666666666666666,1.0,0.9330127018922193,0.7320508075688774,0.06460214309120482,0.24999999999999978,0.0990311320975808,0.8019377358048383,0.7999999999999999,0.8989411949933088,0.8235294117647057,0.7777777777777777,1.0,0.1818181818181818,0.7,0.0,0.9330127018922193,0.7320508075688774,0.021852399266194367,0.3454915028125262,0.5,1.0,0.7999999999999999,0.9010469967724157,0.8235294117647057,0.7777777777777777,1.0,0.1818181818181818,0.7333333333333333,0.16666666666666666,0.9330127018922193,0.7320508075688774,0.0,0.4477357683661729,0.9009688679024191,0.8019377358048384,0.7999999999999999,0.9031331181610645,0.8235294117647057,0.7777777777777777,1.0,0.1818181818181818,0.7666666666666667,0.3333333333333333,0.9330127018922193,0.7320508075688774,0.0,0.5522642316338265,1.0,0.3568958678922095,0.7999999999999999,0.9052192395497127,0.8235294117647057,0.7777777777777777,1.0,0.1818181818181818,0.8,0.5,0.9330127018922193,0.7320508075688774,0.02185239926619431,0.6545084971874736,0.7225209339563144,5.551115123125783e-17,0.7999999999999999,0.9073250413288201,0.8235294117647057,0.7777777777777777,1.0,0.1818181818181818,0.8333333333333334,0.6666666666666666,0.9330127018922193,0.7320508075688774,0.06460214309120454,0.7499999999999997,0.27747906604368566,0.0,0.7999999999999999,0.9093914823270093,0.8235294117647057,0.7777777777777777,1.0,0.1818181818181818,0.8666666666666667,0.8333333333333333,0.9330127018922193,0.7320508075688774,0.12638086253384767,0.8345653031794289,0.0,0.3568958678922094,0.7999999999999999,0.9114776037156576,0.8235294117647057,0.7777777777777777,1.0,0.1818181818181818,0.9,1.0,0.9330127018922193,0.7320508075688774,0.20448853110729381,0.9045084971874737,0.0990311320975808,0.8019377358048383,0.7999999999999999,0.9135243643233881,0.8235294117647057,0.7777777777777777,1.0,0.1818181818181818,0.9333333333333333,0.0,0.9330127018922193,0.7320508075688774,0.2955114688927057,0.9567727288213003,0.5,1.0,0.7999999999999999,0.9155711249311187,0.8235294117647057,0.7777777777777777,1.0,0.1818181818181818,0.9666666666666667,0.16666666666666666,0.9330127018922193,0.7320508075688774,0.39547153673234625,0.9890738003669028,0.9009688679024191,0.8019377358048384,0.8571428571428571,0.917558844367472,0.8823529411764705,0.8333333333333333,1.0,0.1818181818181818,0.9999999999999999,0.3333333333333333,0.9330127018922193,0.7320508075688774,0.4999999999999999,1.0,1.0,0.3568958678922095,0.8571428571428571,0.9195662441942849,0.8823529411764705,0.8333333333333333,1.0,0.2727272727272727,0.0,0.5,1.0,0.4641016151377547,0.5,1.0,0.7225209339563144,5.551115123125783e-17,0.8571428571428571,0.9215146028497205,0.8823529411764705,0.8333333333333333,1.0,0.2727272727272727,0.03333333333333333,0.6666666666666666,1.0,0.4641016151377547,0.6045284632676534,0.9890738003669028,0.27747906604368566,0.0,0.8571428571428571,0.9235810438479097,0.8823529411764705,0.8333333333333333,1.0,0.2727272727272727,0.06666666666666668,0.8333333333333333,1.0,0.4641016151377547,0.7044885311072939,0.9567727288213004,0.0,0.3568958678922094,0.8571428571428571,0.9256474848460994,0.8823529411764705,0.8333333333333333,1.0,0.2727272727272727,0.1,1.0,1.0,0.4641016151377547,0.7955114688927061,0.9045084971874737,0.0990311320975808,0.8019377358048383,0.8571428571428571,0.9277139258442886,0.8823529411764705,0.8333333333333333,1.0,0.2727272727272727,0.13333333333333333,0.0,1.0,0.4641016151377547,0.8736191374661522,0.8345653031794291,0.5,1.0,0.8571428571428571,0.9297606864520191,0.8823529411764705,0.8333333333333333,1.0,0.2727272727272727,0.16666666666666669,0.16666666666666666,1.0,0.4641016151377547,0.9353978569087953,0.75,0.9009688679024191,0.8019377358048384,0.7999999999999999,0.9318468078406674,0.8235294117647057,0.7777777777777777,1.0,0.2727272727272727,0.2,0.3333333333333333,1.0,0.4641016151377547,0.9781476007338057,0.6545084971874737,1.0,0.3568958678922095,0.7999999999999999,0.9338542076674803,0.8235294117647057,0.7777777777777777,1.0,0.2727272727272727,0.23333333333333334,0.5,1.0,0.4641016151377547,1.0,0.5522642316338269,0.7225209339563144,5.551115123125783e-17,0.7428571428571428,0.9359403290561286,0.764705882352941,0.7222222222222221,1.0,0.2727272727272727,0.26666666666666666,0.6666666666666666,1.0,0.4641016151377547,1.0,0.44773576836617335,0.27747906604368566,0.0,0.7999999999999999,0.9380658112256945,0.8235294117647057,0.7777777777777777,1.0,0.2727272727272727,0.3,0.8333333333333333,1.0,0.4641016151377547,0.9781476007338057,0.34549150281252633,0.0,0.3568958678922094,0.7999999999999999,0.9401716130048019,0.8235294117647057,0.7777777777777777,1.0,0.2727272727272727,0.3333333333333333,1.0,1.0,0.4641016151377547,0.9353978569087953,0.2500000000000001,0.0990311320975808,0.8019377358048383,0.7999999999999999,0.9422774147839093,0.8235294117647057,0.7777777777777777,1.0,0.2727272727272727,0.3666666666666667,0.0,1.0,0.4641016151377547,0.8736191374661523,0.16543469682057105,0.5,1.0,0.7999999999999999,0.9443635361725575,0.8235294117647057,0.7777777777777777,1.0,0.2727272727272727,0.4,0.16666666666666666,1.0,0.4641016151377547,0.7955114688927061,0.09549150281252633,0.9009688679024191,0.8019377358048384,0.7999999999999999,0.9464496575612058,0.8235294117647057,0.7777777777777777,1.0,0.2727272727272727,0.43333333333333335,0.3333333333333333,1.0,0.4641016151377547,0.704488531107294,0.04322727117869962,1.0,0.3568958678922095,0.7999999999999999,0.9484964181689364,0.8235294117647057,0.7777777777777777,1.0,0.2727272727272727,0.4666666666666667,0.5,1.0,0.4641016151377547,0.6045284632676536,0.010926199633097211,0.7225209339563144,5.551115123125783e-17,0.7999999999999999,0.9505431787766669,0.8235294117647057,0.7777777777777777,1.0,0.2727272727272727,0.5,0.6666666666666666,1.0,0.4641016151377547,0.5000000000000001,0.0,0.27747906604368566,0.0,0.7999999999999999,0.9526293001653152,0.8235294117647057,0.7777777777777777,1.0,0.2727272727272727,0.5333333333333333,0.8333333333333333,1.0,0.4641016151377547,0.3954715367323467,0.010926199633097156,0.0,0.3568958678922094
0.8571428571428571,0.8339368653074075,0.8823529411764705,0.8333333333333333,1.0,0.09090909090909091,0.5333333333333333,0.3333333333333333,0.75,0.9282032302755092,0.3954715367323467,0.010926199633097156,1.0,0.3568958678922095,0.8571428571428571,0.8358852239628436,0.8823529411764705,0.8333333333333333,1.0,0.09090909090909091,0.5666666666666667,0.5,0.75,0.9282032302755092,0.29551146889270624,0.043227271178699456,0.7225209339563144,5.551115123125783e-17,0.7999999999999999,0.837892623789656,0.8235294117647057,0.7777777777777777,1.0,0.09090909090909091,0.6,0.6666666666666666,0.75,0.9282032302755092,0.20448853110729398,0.09549150281252627,0.27747906604368566,0.0,0.8571428571428571,0.8398213020546326,0.8823529411764705,0.8333333333333333,1.0,0.09090909090909091,0.6333333333333333,0.8333333333333333,0.75,0.9282032302755092,0.12638086253384795,0.16543469682057077,0.0,0.3568958678922094,0.8857142857142858,0.8417106195386914,0.8823529411764705,0.8888888888888888,1.0,0.09090909090909091,0.6666666666666666,1.0,0.75,0.9282032302755092,0.06460214309120482,0.24999999999999978,0.0990311320975808,0.8019377358048383,0.8571428571428571,0.8436196174132093,0.8823529411764705,0.8333333333333333,1.0,0.09090909090909091,0.7,0.0,0.75,0.9282032302755092,0.021852399266194367,0.3454915028125262,0.5,1.0,0.8571428571428571,0.8455286152877273,0.8823529411764705,0.8333333333333333,1.0,0.09090909090909091,0.7333333333333333,0.16666666666666666,0.75,0.9282032302755092,0.0,0.4477357683661729,0.9009688679024191,0.8019377358048384,0.8571428571428571,0.8473785719908684,0.8823529411764705,0.8333333333333333,1.0,0.09090909090909091,0.7666666666666667,0.3333333333333333,0.75,0.9282032302755092,0.0,0.5522642316338265,1.0,0.3568958678922095,0.8571428571428571,0.849326930646304,0.8823529411764705,0.8333333333333333,1.0,0.09090909090909091,0.8,0.5,0.75,0.9282032302755092,0.02185239926619431,0.6545084971874736,0.7225209339563144,5.551115123125783e-17,0.8571428571428571,0.8513343304731165,0.8823529411764705,0.8333333333333333,1.0,0.09090909090909091,0.8333333333333334,0.6666666666666666,0.75,0.9282032302755092,0.06460214309120454,0.7499999999999997,0.27747906604368566,0.0,0.8571428571428571,0.8532630087380935,0.8823529411764705,0.8333333333333333,1.0,0.09090909090909091,0.8666666666666667,0.8333333333333333,0.75,0.9282032302755092,0.12638086253384767,0.8345653031794289,0.0,0.3568958678922094,0.8571428571428571,0.8552310477839882,0.8823529411764705,0.8333333333333333,1.0,0.09090909090909091,0.9,1.0,0.75,0.9282032302755092,0.20448853110729381,0.9045084971874737,0.0990311320975808,0.8019377358048383,0.8571428571428571,0.8571990868298829,0.8823529411764705,0.8333333333333333,1.0,0.1818181818181818,0.0,0.0,0.9330127018922193,0.7320508075688774,0.5,1.0,0.5,1.0,0.8571428571428571,0.859245847437613,0.8823529411764705,0.8333333333333333,1.0,0.1818181818181818,0.03333333333333333,0.16666666666666666,0.9330127018922193,0.7320508075688774,0.6045284632676534,0.9890738003669028,0.9009688679024191,0.8019377358048384,0.8571428571428571,0.8612926080453436,0.8823529411764705,0.8333333333333333,1.0,0.1818181818181818,0.06666666666666668,0.3333333333333333,0.9330127018922193,0.7320508075688774,0.7044885311072939,0.9567727288213004,1.0,0.3568958678922095,0.8571428571428571,0.863300007872156,0.8823529411764705,0.8333333333333333,1.0,0.1818181818181818,0.13333333333333333,0.6666666666666666,0.9330127018922193,0.7320508075688774,0.8736191374661522,0.8345653031794291,0.27747906604368566,0.0,0.8571428571428571,0.8653467684798866,0.8823529411764705,0.8333333333333333,1.0,0.1818181818181818,0.16666666666666669,0.8333333333333333,0.9330127018922193,0.7320508075688774,0.9353978569087953,0.75,0.0,0.3568958678922094,0.8571428571428571,0.8673935290876171,0.8823529411764705,0.8333333333333333,1.0,0.1818181818181818,0.2,1.0,0.9330127018922193,0.7320508075688774,0.9781476007338057,0.6545084971874737,0.0990311320975808,0.8019377358048383,1.0,0.8694599700858063,0.9999999999999999,1.0,1.0,0.1818181818181818,0.23333333333333334,0.0,0.9330127018922193,0.7320508075688774,1.0,0.5522642316338269,0.5,1.0,1.0,0.871546091474455,0.9999999999999999,1.0,1.0,0.1818181818181818,0.26666666666666666,0.16666666666666666,0.9330127018922193,0.7320508075688774,1.0,0.44773576836617335,0.9009688679024191,0.8019377358048384,0.8571428571428571,0.8736125324726443,0.8823529411764705,0.8333333333333333,1.0,0.1818181818181818,0.3,0.3333333333333333,0.9330127018922193,0.7320508075688774,0.9781476007338057,0.34549150281252633,1.0,0.3568958678922095,1.0,0.8756986538612925,0.9999999999999999,1.0,1.0,0.1818181818181818,0.3333333333333333,0.5,0.9330127018922193,0.7320508075688774,0.9353978569087953,0.2500000000000001,0.7225209339563144,5.551115123125783e-17,0.7999999999999999,0.8777847752499408,0.8235294117647057,0.7777777777777777,1.0,0.1818181818181818,0.3666666666666667,0.6666666666666666,0.9330127018922193,0.7320508075688774,0.8736191374661523,0.16543469682057105,0.27747906604368566,0.0,0.7999999999999999,0.8798512162481305,0.8235294117647057,0.7777777777777777,1.0,0.1818181818181818,0.4,0.8333333333333333,0.9330127018922193,0.7320508075688774,0.7955114688927061,0.09549150281252633,0.0,0.3568958678922094,0.7999999999999999,0.8819963788081555,0.8235294117647057,0.7777777777777777,1.0,0.1818181818181818,0.43333333333333335,1.0,0.9330127018922193,0.7320508075688774,0.704488531107294,0.04322727117869962,0.0990311320975808,0.8019377358048383,0.7999999999999999,0.8841218609777219,0.8235294117647057,0.7777777777777777,1.0,0.1818181818181818,0.4666666666666667,0.0,0.9330127018922193,0.7320508075688774,0.6045284632676536,0.010926199633097211,0.5,1.0,0.7999999999999999,0.8862867039282061,0.8235294117647057,0.7777777777777777,1.0,0.1818181818181818,0.5,0.16666666666666666,0.9330127018922193,0.7320508075688774,0.5000000000000001,0.0,0.9009688679024191,0.8019377358048384,0.7999999999999999,0.8884121860977721,0.8235294117647057,0.7777777777777777,1.0,0.1818181818181818,0.5333333333333333,0.3333333333333333,0.9330127018922193,0.7320508075688774,0.3954715367323467,0.010926199633097156,1.0,0.3568958678922095,0.7999999999999999,0.8905179878768794,0.8235294117647057,0.7777777777777777,1.0,0.1818181818181818,0.5666666666666667,0.5,0.9330127018922193,0.7320508075688774,0.29551146889270624,0.043227271178699456,0.7225209339563144,5.551115123125783e-17,0.7999999999999999,0.8926041092655277,0.8235294117647057,0.7777777777777777,1.0,0.1818181818181818,0.6,0.6666666666666666,0.9330127018922193,0.7320508075688774,0.20448853110729398,0.09549150281252627,0.27747906604368566,0.0,0.7999999999999999,0.894690230654176,0.8235294117647057,0.7777777777777777,1.0,0.1818181818181818,0.6333333333333333,0.8333333333333333,0.9330127018922193,0.7320508075688774,0.12638086253384795,0.16543469682057077,0.0,0.3568958678922094,0.7999999999999999,0.8968353932142015,0.8235294117647057,0.7777777777777777,1.0,0.1818181818181818,0.6666666666666666,1.0,0.9330127018922193,0.7320508075688774,0.06460214309120482,0.24999999999999978,0.0990311320975808,0.8019377358048383,0.7999999999999999,0.8989411949933088,0.8235294117647057,0.7777777777777777,1.0,0.1818181818181818,0.7,0.0,0.9330127018922193,0.7320508075688774,0.021852399266194367,0.3454915028125262,0.5,1.0,0.7999999999999999,0.9010469967724157,0.8235294117647057,0.7777777777777777,1.0,0.1818181818181818,0.7333333333333333,0.16666666666666666,0.9330127018922193,0.7320508075688774,0.0,0.4477357683661729,0.9009688679024191,0.8019377358048384,0.7999999999999999,0.9031331181610645,0.8235294117647057,0.7777777777777777,1.0,0.1818181818181818,0.7666666666666667,0.3333333333333333,0.9330127018922193,0.7320508075688774,0.0,0.5522642316338265,1.0,0.3568958678922095,0.7999999999999999,0.9052192395497127,0.8235294117647057,0.7777777777777777,1.0,0.1818181818181818,0.8,0.5,0.9330127018922193,0.7320508075688774,0.02185239926619431,0.6545084971874736,0.7225209339563144,5.551115123125783e-17,0.7999999999999999,0.9073250413288201,0.8235294117647057,0.7777777777777777,1.0,0.1818181818181818,0.8333333333333334,0.6666666666666666,0.9330127018922193,0.7320508075688774,0.06460214309120454,0.7499999999999997,0.27747906604368566,0.0,0.7999999999999999,0.9093914823270093,0.8235294117647057,0.7777777777777777,1.0,0.1818181818181818,0.8666666666666667,0.8333333333333333,0.9330127018922193,0.7320508075688774,0.12638086253384767,0.8345653031794289,0.0,0.3568958678922094,0.7999999999999999,0.9114776037156576,0.8235294117647057,0.7777777777777777,1.0,0.1818181818181818,0.9,1.0,0.9330127018922193,0.7320508075688774,0.20448853110729381,0.9045084971874737,0.0990311320975808,0.8019377358048383,0.7999999999999999,0.9135243643233881,0.8235294117647057,0.7777777777777777,1.0,0.1818181818181818,0.9333333333333333,0.0,0.9330127018922193,0.7320508075688774,0.2955114688927057,0.9567727288213003,0.5,1.0,0.7999999999999999,0.9155711249311187,0.8235294117647057,0.7777777777777777,1.0,0.1818181818181818,0.9666666666666667,0.16666666666666666,0.9330127018922193,0.7320508075688774,0.39547153673234625,0.9890738003669028,0.9009688679024191,0.8019377358048384,0.8571428571428571,0.917558844367472,0.8823529411764705,0.8333333333333333,1.0,0.1818181818181818,0.9999999999999999,0.3333333333333333,0.9330127018922193,0.7320508075688774,0.4999999999999999,1.0,1.0,0.3568958678922095,0.8571428571428571,0.9195662441942849,0.8823529411764705,0.8333333333333333,1.0,0.2727272727272727,0.0,0.5,1.0,0.4641016151377547,0.5,1.0,0.7225209339563144,5.551115123125783e-17,0.8571428571428571,0.9215146028497205,0.8823529411764705,0.8333333333333333,1.0,0.2727272727272727,0.03333333333333333,0.6666666666666666,1.0,0.4641016151377547,0.6045284632676534,0.9890738003669028,0.27747906604368566,0.0,0.8571428571428571,0.9235810438479097,0.8823529411764705,0.8333333333333333,1.0,0.2727272727272727,0.06666666666666668,0.8333333333333333,1.0,0.4641016151377547,0.7044885311072939,0.9567727288213004,0.0,0.3568958678922094,0.8571428571428571,0.9256474848460994,0.8823529411764705,0.8333333333333333,1.0,0.2727272727272727,0.1,1.0,1.0,0.4641016151377547,0.7955114688927061,0.9045084971874737,0.0990311320975808,0.8019377358048383,0.8571428571428571,0.9277139258442886,0.8823529411764705,0.8333333333333333,1.0,0.2727272727272727,0.13333333333333333,0.0,1.0,0.4641016151377547,0.8736191374661522,0.8345653031794291,0.5,1.0,0.8571428571428571,0.9297606864520191,0.8823529411764705,0.8333333333333333,1.0,0.2727272727272727,0.16666666666666669,0.16666666666666666,1.0,0.4641016151377547,0.9353978569087953,0.75,0.9009688679024191,0.8019377358048384,0.7999999999999999,0.9318468078406674,0.8235294117647057,0.7777777777777777,1.0,0.2727272727272727,0.2,0.3333333333333333,1.0,0.4641016151377547,0.9781476007338057,0.6545084971874737,1.0,0.3568958678922095,0.7999999999999999,0.9338542076674803,0.8235294117647057,0.7777777777777777,1.0,0.2727272727272727,0.23333333333333334,0.5,1.0,0.4641016151377547,1.0,0.5522642316338269,0.7225209339563144,5.551115123125783e-17,0.7428571428571428,0.9359403290561286,0.764705882352941,0.7222222222222221,1.0,0.2727272727272727,0.26666666666666666,0.6666666666666666,1.0,0.4641016151377547,1.0,0.44773576836617335,0.27747906604368566,0.0,0.7999999999999999,0.9380658112256945,0.8235294117647057,0.7777777777777777,1.0,0.2727272727272727,0.3,0.8333333333333333,1.0,0.4641016151377547,0.9781476007338057,0.34549150281252633,0.0,0.3568958678922094,0.7999999999999999,0.9401716130048019,0.8235294117647057,0.7777777777777777,1.0,0.2727272727272727,0.3333333333333333,1.0,1.0,0.4641016151377547,0.9353978569087953,0.2500000000000001,0.0990311320975808,0.8019377358048383,0.7999999999999999,0.9422774147839093,0.8235294117647057,0.7777777777777777,1.0,0.2727272727272727,0.3666666666666667,0.0,1.0,0.4641016151377547,0.8736191374661523,0.16543469682057105,0.5,1.0,0.7999999999999999,0.9443635361725575,0.8235294117647057,0.7777777777777777,1.0,0.2727272727272727,0.4,0.16666666666666666,1.0,0.4641016151377547,0.7955114688927061,0.09549150281252633,0.9009688679024191,0.8019377358048384,0.7999999999999999,0.9464496575612058,0.8235294117647057,0.7777777777777777,1.0,0.2727272727272727,0.43333333333333335,0.3333333333333333,1.0,0.4641016151377547,0.704488531107294,0.04322727117869962,1.0,0.3568958678922095,0.7999999999999999,0.9484964181689364,0.8235294117647057,0.7777777777777777,1.0,0.2727272727272727,0.4666666666666667,0.5,1.0,0.4641016151377547,0.6045284632676536,0.010926199633097211,0.7225209339563144,5.551115123125783e-17,0.7999999999999999,0.9505431787766669,0.8235294117647057,0.7777777777777777,1.0,0.2727272727272727,0.5,0.6666666666666666,1.0,0.4641016151377547,0.5000000000000001,0.0,0.27747906604368566,0.0,0.7999999999999999,0.9526293001653152,0.8235294117647057,0.7777777777777777,1.0,0.2727272727272727,0.5333333333333333,0.8333333333333333,1.0,0.4641016151377547,0.3954715367323467,0.010926199633097156,0.0,0.3568958678922094,0.7999999999999999,0.9547154215539635,0.8235294117647057,0.7777777777777777,1.0,0.2727272727272727,0.5666666666666667,1.0,1.0,0.4641016151377547,0.29551146889270624,0.043227271178699456,0.0990311320975808,0.8019377358048383
0.8571428571428571,0.8358852239628436,0.8823529411764705,0.8333333333333333,1.0,0.09090909090909091,0.5666666666666667,0.5,0.75,0.9282032302755092,0.29551146889270624,0.043227271178699456,0.7225209339563144,5.551115123125783e-17,0.7999999999999999,0.837892623789656,0.8235294117647057,0.7777777777777777,1.0,0.09090909090909091,0.6,0.6666666666666666,0.75,0.9282032302755092,0.20448853110729398,0.09549150281252627,0.27747906604368566,0.0,0.8571428571428571,0.8398213020546326,0.8823529411764705,0.8333333333333333,1.0,0.09090909090909091,0.6333333333333333,0.8333333333333333,0.75,0.9282032302755092,0.12638086253384795,0.16543469682057077,0.0,0.3568958678922094,0.8857142857142858,0.8417106195386914,0.8823529411764705,0.8888888888888888,1.0,0.09090909090909091,0.6666666666666666,1.0,0.75,0.9282032302755092,0.06460214309120482,0.24999999999999978,0.0990311320975808,0.8019377358048383,0.8571428571428571,0.8436196174132093,0.8823529411764705,0.8333333333333333,1.0,0.09090909090909091,0.7,0.0,0.75,0.9282032302755092,0.021852399266194367,0.3454915028125262,0.5,1.0,0.8571428571428571,0.8455286152877273,0.8823529411764705,0.8333333333333333,1.0,0.09090909090909091,0.7333333333333333,0.16666666666666666,0.75,0.9282032302755092,0.0,0.4477357683661729,0.9009688679024191,0.8019377358048384,0.8571428571428571,0.8473785719908684,0.8823529411764705,0.8333333333333333,1.0,0.09090909090909091,0.7666666666666667,0.3333333333333333,0.75,0.9282032302755092,0.0,0.5522642316338265,1.0,0.3568958678922095,0.8571428571428571,0.849326930646304,0.8823529411764705,0.8333333333333333,1.0,0.09090909090909091,0.8,0.5,0.75,0.9282032302755092,0.02185239926619431,0.6545084971874736,0.7225209339563144,5.551115123125783e-17,0.8571428571428571,0.8513343304731165,0.8823529411764705,0.8333333333333333,1.0,0.09090909090909091,0.8333333333333334,0.6666666666666666,0.75,0.9282032302755092,0.06460214309120454,0.7499999999999997,0.27747906604368566,0.0,0.8571428571428571,0.8532630087380935,0.8823529411764705,0.8333333333333333,1.0,0.09090909090909091,0.8666666666666667,0.8333333333333333,0.75,0.9282032302755092,0.12638086253384767,0.8345653031794289,0.0,0.3568958678922094,0.8571428571428571,0.8552310477839882,0.8823529411764705,0.8333333333333333,1.0,0.09090909090909091,0.9,1.0,0.75,0.9282032302755092,0.20448853110729381,0.9045084971874737,0.0990311320975808,0.8019377358048383,0.8571428571428571,0.8571990868298829,0.8823529411764705,0.8333333333333333,1.0,0.1818181818181818,0.0,0.0,0.9330127018922193,0.7320508075688774,0.5,1.0,0.5,1.0,0.8571428571428571,0.859245847437613,0.8823529411764705,0.8333333333333333,1.0,0.1818181818181818,0.03333333333333333,0.16666666666666666,0.9330127018922193,0.7320508075688774,0.6045284632676534,0.9890738003669028,0.9009688679024191,0.8019377358048384,0.8571428571428571,0.8612926080453436,0.8823529411764705,0.8333333333333333,1.0,0.1818181818181818,0.06666666666666668,0.3333333333333333,0.9330127018922193,0.7320508075688774,0.7044885311072939,0.9567727288213004,1.0,0.3568958678922095,0.8571428571428571,0.863300007872156,0.8823529411764705,0.8333333333333333,1.0,0.1818181818181818,0.13333333333333333,0.6666666666666666,0.9330127018922193,0.7320508075688774,0.8736191374661522,0.8345653031794291,0.27747906604368566,0.0,0.8571428571428571,0.8653467684798866,0.8823529411764705,0.8333333333333333,1.0,0.1818181818181818,0.16666666666666669,0.8333333333333333,0.9330127018922193,0.7320508075688774,0.9353978569087953,0.75,0.0,0.3568958678922094,0.8571428571428571,0.8673935290876171,0.8823529411764705,0.8333333333333333,1.0,0.1818181818181818,0.2,1.0,0.9330127018922193,0.7320508075688774,0.9781476007338057,0.6545084971874737,0.0990311320975808,0.8019377358048383,1.0,0.8694599700858063,0.9999999999999999,1.0,1.0,0.1818181818181818,0.23333333333333334,0.0,0.9330127018922193,0.7320508075688774,1.0,0.5522642316338269,0.5,1.0,1.0,0.871546091474455,0.9999999999999999,1.0,1.0,0.1818181818181818,0.26666666666666666,0.16666666666666666,0.9330127018922193,0.7320508075688774,1.0,0.44773576836617335,0.9009688679024191,0.8019377358048384,0.8571428571428571,0.8736125324726443,0.8823529411764705,0.8333333333333333,1.0,0.1818181818181818,0.3,0.3333333333333333,0.9330127018922193,0.7320508075688774,0.9781476007338057,0.34549150281252633,1.0,0.3568958678922095,1.0,0.8756986538612925,0.9999999999999999,1.0,1.0,0.1818181818181818,0.3333333333333333,0.5,0.9330127018922193,0.7320508075688774,0.9353978569087953,0.2500000000000001,0.7225209339563144,5.551115123125783e-17,0.7999999999999999,0.8777847752499408,0.8235294117647057,0.7777777777777777,1.0,0.1818181818181818,0.3666666666666667,0.6666666666666666,0.9330127018922193,0.7320508075688774,0.8736191374661523,0.16543469682057105,0.27747906604368566,0.0,0.7999999999999999,0.8798512162481305,0.8235294117647057,0.7777777777777777,1.0,0.1818181818181818,0.4,0.8333333333333333,0.9330127018922193,0.7320508075688774,0.7955114688927061,0.09549150281252633,0.0,0.3568958678922094,0.7999999999999999,0.8819963788081555,0.8235294117647057,0.7777777777777777,1.0,0.1818181818181818,0.43333333333333335,1.0,0.9330127018922193,0.7320508075688774,0.704488531107294,0.04322727117869962,0.0990311320975808,0.8019377358048383,0.7999999999999999,0.8841218609777219,0.8235294117647057,0.7777777777777777,1.0,0.1818181818181818,0.4666666666666667,0.0,0.9330127018922193,0.7320508075688774,0.6045284632676536,0.010926199633097211,0.5,1.0,0.7999999999999999,0.8862867039282061,0.8235294117647057,0.7777777777777777,1.0,0.1818181818181818,0.5,0.16666666666666666,0.9330127018922193,0.7320508075688774,0.5000000000000001,0.0,0.9009688679024191,0.8019377358048384,0.7999999999999999,0.8884121860977721,0.8235294117647057,0.7777777777777777,1.0,0.1818181818181818,0.5333333333333333,0.3333333333333333,0.9330127018922193,0.7320508075688774,0.3954715367323467,0.010926199633097156,1.0,0.3568958678922095,0.7999999999999999,0.8905179878768794,0.8235294117647057,0.7777777777777777,1.0,0.1818181818181818,0.5666666666666667,0.5,0.9330127018922193,0.7320508075688774,0.29551146889270624,0.043227271178699456,0.7225209339563144,5.551115123125783e-17,0.7999999999999999,0.8926041092655277,0.8235294117647057,0.7777777777777777,1.0,0.1818181818181818,0.6,0.6666666666666666,0.9330127018922193,0.7320508075688774,0.20448853110729398,0.09549150281252627,0.27747906604368566,0.0,0.7999999999999999,0.894690230654176,0.8235294117647057,0.7777777777777777,1.0,0.1818181818181818,0.6333333333333333,0.8333333333333333,0.9330127018922193,0.7320508075688774,0.12638086253384795,0.16543469682057077,0.0,0.3568958678922094,0.7999999999999999,0.8968353932142015,0.8235294117647057,0.7777777777777777,1.0,0.1818181818181818,0.6666666666666666,1.0,0.9330127018922193,0.7320508075688774,0.06460214309120482,0.24999999999999978,0.0990311320975808,0.8019377358048383,0.7999999999999999,0.8989411949933088,0.8235294117647057,0.7777777777777777,1.0,0.1818181818181818,0.7,0.0,0.9330127018922193,0.7320508075688774,0.021852399266194367,0.3454915028125262,0.5,1.0,0.7999999999999999,0.9010469967724157,0.8235294117647057,0.7777777777777777,1.0,0.1818181818181818,0.7333333333333333,0.16666666666666666,0.9330127018922193,0.7320508075688774,0.0,0.4477357683661729,0.9009688679024191,0.8019377358048384,0.7999999999999999,0.9031331181610645,0.8235294117647057,0.7777777777777777,1.0,0.1818181818181818,0.7666666666666667,0.3333333333333333,0.9330127018922193,0.7320508075688774,0.0,0.5522642316338265,1.0,0.3568958678922095,0.7999999999999999,0.9052192395497127,0.8235294117647057,0.7777777777777777,1.0,0.1818181818181818,0.8,0.5,0.9330127018922193,0.7320508075688774,0.02185239926619431,0.6545084971874736,0.7225209339563144,5.551115123125783e-17,0.7999999999999999,0.9073250413288201,0.8235294117647057,0.7777777777777777,1.0,0.1818181818181818,0.8333333333333334,0.6666666666666666,0.9330127018922193,0.7320508075688774,0.06460214309120454,0.7499999999999997,0.27747906604368566,0.0,0.7999999999999999,0.9093914823270093,0.8235294117647057,0.7777777777777777,1.0,0.1818181818181818,0.8666666666666667,0.8333333333333333,0.9330127018922193,0.7320508075688774,0.12638086253384767,0.8345653031794289,0.0,0.3568958678922094,0.7999999999999999,0.9114776037156576,0.8235294117647057,0.7777777777777777,1.0,0.1818181818181818,0.9,1.0,0.9330127018922193,0.7320508075688774,0.20448853110729381,0.9045084971874737,0.0990311320975808,0.8019377358048383,0.7999999999999999,0.9135243643233881,0.8235294117647057,0.7777777777777777,1.0,0.1818181818181818,0.9333333333333333,0.0,0.9330127018922193,0.7320508075688774,0.2955114688927057,0.9567727288213003,0.5,1.0,0.7999999999999999,0.9155711249311187,0.8235294117647057,0.7777777777777777,1.0,0.1818181818181818,0.9666666666666667,0.16666666666666666,0.9330127018922193,0.7320508075688774,0.39547153673234625,0.9890738003669028,0.9009688679024191,0.8019377358048384,0.8571428571428571,0.917558844367472,0.8823529411764705,0.8333333333333333,1.0,0.1818181818181818,0.9999999999999999,0.3333333333333333,0.9330127018922193,0.7320508075688774,0.4999999999999999,1.0,1.0,0.3568958678922095,0.8571428571428571,0.9195662441942849,0.8823529411764705,0.8333333333333333,1.0,0.2727272727272727,0.0,0.5,1.0,0.4641016151377547,0.5,1.0,0.7225209339563144,5.551115123125783e-17,0.8571428571428571,0.9215146028497205,0.8823529411764705,0.8333333333333333,1.0,0.2727272727272727,0.03333333333333333,0.6666666666666666,1.0,0.4641016151377547,0.6045284632676534,0.9890738003669028,0.27747906604368566,0.0,0.8571428571428571,0.9235810438479097,0.8823529411764705,0.8333333333333333,1.0,0.2727272727272727,0.06666666666666668,0.8333333333333333,1.0,0.4641016151377547,0.7044885311072939,0.9567727288213004,0.0,0.3568958678922094,0.8571428571428571,0.9256474848460994,0.8823529411764705,0.8333333333333333,1.0,0.2727272727272727,0.1,1.0,1.0,0.4641016151377547,0.7955114688927061,0.9045084971874737,0.0990311320975808,0.8019377358048383,0.8571428571428571,0.9277139258442886,0.8823529411764705,0.8333333333333333,1.0,0.2727272727272727,0.13333333333333333,0.0,1.0,0.4641016151377547,0.8736191374661522,0.8345653031794291,0.5,1.0,0.8571428571428571,0.9297606864520191,0.8823529411764705,0.8333333333333333,1.0,0.2727272727272727,0.16666666666666669,0.16666666666666666,1.0,0.4641016151377547,0.9353978569087953,0.75,0.9009688679024191,0.8019377358048384,0.7999999999999999,0.9318468078406674,0.8235294117647057,0.7777777777777777,1.0,0.2727272727272727,0.2,0.3333333333333333,1.0,0.4641016151377547,0.9781476007338057,0.6545084971874737,1.0,0.3568958678922095,0.7999999999999999,0.9338542076674803,0.8235294117647057,0.7777777777777777,1.0,0.2727272727272727,0.23333333333333334,0.5,1.0,0.4641016151377547,1.0,0.5522642316338269,0.7225209339563144,5.551115123125783e-17,0.7428571428571428,0.9359403290561286,0.764705882352941,0.7222222222222221,1.0,0.2727272727272727,0.26666666666666666,0.6666666666666666,1.0,0.4641016151377547,1.0,0.44773576836617335,0.27747906604368566,0.0,0.7999999999999999,0.9380658112256945,0.8235294117647057,0.7777777777777777,1.0,0.2727272727272727,0.3,0.8333333333333333,1.0,0.4641016151377547,0.9781476007338057,0.34549150281252633,0.0,0.3568958678922094,0.7999999999999999,0.9401716130048019,0.8235294117647057,0.7777777777777777,1.0,0.2727272727272727,0.3333333333333333,1.0,1.0,0.4641016151377547,0.9353978569087953,0.2500000000000001,0.0990311320975808,0.8019377358048383,0.7999999999999999,0.9422774147839093,0.8235294117647057,0.7777777777777777,1.0,0.2727272727272727,0.3666666666666667,0.0,1.0,0.4641016151377547,0.8736191374661523,0.16543469682057105,0.5,1.0,0.7999999999999999,0.9443635361725575,0.8235294117647057,0.7777777777777777,1.0,0.2727272727272727,0.4,0.16666666666666666,1.0,0.4641016151377547,0.7955114688927061,0.09549150281252633,0.9009688679024191,0.8019377358048384,0.7999999999999999,0.9464496575612058,0.8235294117647057,0.7777777777777777,1.0,0.2727272727272727,0.43333333333333335,0.3333333333333333,1.0,0.4641016151377547,0.704488531107294,0.04322727117869962,1.0,0.3568958678922095,0.7999999999999999,0.9484964181689364,0.8235294117647057,0.7777777777777777,1.0,0.2727272727272727,0.4666666666666667,0.5,1.0,0.4641016151377547,0.6045284632676536,0.010926199633097211,0.7225209339563144,5.551115123125783e-17,0.7999999999999999,0.9505431787766669,0.8235294117647057,0.7777777777777777,1.0,0.2727272727272727,0.5,0.6666666666666666,1.0,0.4641016151377547,0.5000000000000001,0.0,0.27747906604368566,0.0,0.7999999999999999,0.9526293001653152,0.8235294117647057,0.7777777777777777,1.0,0.2727272727272727,0.5333333333333333,0.8333333333333333,1.0,0.4641016151377547,0.3954715367323467,0.010926199633097156,0.0,0.3568958678922094,0.7999999999999999,0.9547154215539635,0.8235294117647057,0.7777777777777777,1.0,0.2727272727272727,0.5666666666666667,1.0,1.0,0.4641016151377547,0.29551146889270624,0.043227271178699456,0.0990311320975808,0.8019377358048383,0.7999999999999999,0.956860584113989,0.8235294117647057,0.7777777777777777,1.0,0.2727272727272727,0.6,0.0,1.0,0.4641016151377547,0.20448853110729398,0.09549150281252627,0.5,1.0
0.7999999999999999,0.837892623789656,0.8235294117647057,0.7777777777777777,1.0,0.09090909090909091,0.6,0.6666666666666666,0.75,0.9282032302755092,0.20448853110729398,0.09549150281252627,0.27747906604368566,0.0,0.8571428571428571,0.8398213020546326,0.8823529411764705,0.8333333333333333,1.0,0.09090909090909091,0.6333333333333333,0.8333333333333333,0.75,0.9282032302755092,0.12638086253384795,0.16543469682057077,0.0,0.3568958678922094,0.8857142857142858,0.8417106195386914,0.8823529411764705,0.8888888888888888,1.0,0.09090909090909091,0.6666666666666666,1.0,0.75,0.9282032302755092,0.06460214309120482,0.24999999999999978,0.0990311320975808,0.8019377358048383,0.8571428571428571,0.8436196174132093,0.8823529411764705,0.8333333333333333,1.0,0.09090909090909091,0.7,0.0,0.75,0.9282032302755092,0.021852399266194367,0.3454915028125262,0.5,1.0,0.8571428571428571,0.8455286152877273,0.8823529411764705,0.8333333333333333,1.0,0.09090909090909091,0.7333333333333333,0.16666666666666666,0.75,0.9282032302755092,0.0,0.4477357683661729,0.9009688679024191,0.8019377358048384,0.8571428571428571,0.8473785719908684,0.8823529411764705,0.8333333333333333,1.0,0.09090909090909091,0.7666666666666667,0.3333333333333333,0.75,0.9282032302755092,0.0,0.5522642316338265,1.0,0.3568958678922095,0.8571428571428571,0.849326930646304,0.8823529411764705,0.8333333333333333,1.0,0.09090909090909091,0.8,0.5,0.75,0.9282032302755092,0.02185239926619431,0.6545084971874736,0.7225209339563144,5.551115123125783e-17,0.8571428571428571,0.8513343304731165,0.8823529411764705,0.8333333333333333,1.0,0.09090909090909091,0.8333333333333334,0.6666666666666666,0.75,0.9282032302755092,0.06460214309120454,0.7499999999999997,0.27747906604368566,0.0,0.8571428571428571,0.8532630087380935,0.8823529411764705,0.8333333333333333,1.0,0.09090909090909091,0.8666666666666667,0.8333333333333333,0.75,0.9282032302755092,0.12638086253384767,0.8345653031794289,0.0,0.3568958678922094,0.8571428571428571,0.8552310477839882,0.8823529411764705,0.8333333333333333,1.0,0.09090909090909091,0.9,1.0,0.75,0.9282032302755092,0.20448853110729381,0.9045084971874737,0.0990311320975808,0.8019377358048383,0.8571428571428571,0.8571990868298829,0.8823529411764705,0.8333333333333333,1.0,0.1818181818181818,0.0,0.0,0.9330127018922193,0.7320508075688774,0.5,1.0,0.5,1.0,0.8571428571428571,0.859245847437613,0.8823529411764705,0.8333333333333333,1.0,0.1818181818181818,0.03333333333333333,0.16666666666666666,0.9330127018922193,0.7320508075688774,0.6045284632676534,0.9890738003669028,0.9009688679024191,0.8019377358048384,0.8571428571428571,0.8612926080453436,0.8823529411764705,0.8333333333333333,1.0,0.1818181818181818,0.06666666666666668,0.3333333333333333,0.9330127018922193,0.7320508075688774,0.7044885311072939,0.9567727288213004,1.0,0.3568958678922095,0.8571428571428571,0.863300007872156,0.8823529411764705,0.8333333333333333,1.0,0.1818181818181818,0.13333333333333333,0.6666666666666666,0.9330127018922193,0.7320508075688774,0.8736191374661522,0.8345653031794291,0.27747906604368566,0.0,0.8571428571428571,0.8653467684798866,0.8823529411764705,0.8333333333333333,1.0,0.1818181818181818,0.16666666666666669,0.8333333333333333,0.9330127018922193,0.7320508075688774,0.9353978569087953,0.75,0.0,0.3568958678922094,0.8571428571428571,0.8673935290876171,0.8823529411764705,0.8333333333333333,1.0,0.1818181818181818,0.2,1.0,0.9330127018922193,0.7320508075688774,0.9781476007338057,0.6545084971874737,0.0990311320975808,0.8019377358048383,1.0,0.8694599700858063,0.9999999999999999,1.0,1.0,0.1818181818181818,0.23333333333333334,0.0,0.9330127018922193,0.7320508075688774,1.0,0.5522642316338269,0.5,1.0,1.0,0.871546091474455,0.9999999999999999,1.0,1.0,0.1818181818181818,0.26666666666666666,0.16666666666666666,0.9330127018922193,0.7320508075688774,1.0,0.44773576836617335,0.9009688679024191,0.8019377358048384,0.8571428571428571,0.8736125324726443,0.8823529411764705,0.8333333333333333,1.0,0.1818181818181818,0.3,0.3333333333333333,0.9330127018922193,0.7320508075688774,0.9781476007338057,0.34549150281252633,1.0,0.3568958678922095,1.0,0.8756986538612925,0.9999999999999999,1.0,1.0,0.1818181818181818,0.3333333333333333,0.5,0.9330127018922193,0.7320508075688774,0.9353978569087953,0.2500000000000001,0.7225209339563144,5.551115123125783e-17,0.7999999999999999,0.8777847752499408,0.8235294117647057,0.7777777777777777,1.0,0.1818181818181818,0.3666666666666667,0.6666666666666666,0.9330127018922193,0.7320508075688774,0.8736191374661523,0.16543469682057105,0.27747906604368566,0.0,0.7999999999999999,0.8798512162481305,0.8235294117647057,0.7777777777777777,1.0,0.1818181818181818,0.4,0.8333333333333333,0.9330127018922193,0.7320508075688774,0.7955114688927061,0.09549150281252633,0.0,0.3568958678922094,0.7999999999999999,0.8819963788081555,0.8235294117647057,0.7777777777777777,1.0,0.1818181818181818,0.43333333333333335,1.0,0.9330127018922193,0.7320508075688774,0.704488531107294,0.04322727117869962,0.0990311320975808,0.8019377358048383,0.7999999999999999,0.8841218609777219,0.8235294117647057,0.7777777777777777,1.0,0.1818181818181818,0.4666666666666667,0.0,0.9330127018922193,0.7320508075688774,0.6045284632676536,0.010926199633097211,0.5,1.0,0.7999999999999999,0.8862867039282061,0.8235294117647057,0.7777777777777777,1.0,0.1818181818181818,0.5,0.16666666666666666,0.9330127018922193,0.7320508075688774,0.5000000000000001,0.0,0.9009688679024191,0.8019377358048384,0.7999999999999999,0.8884121860977721,0.8235294117647057,0.7777777777777777,1.0,0.1818181818181818,0.5333333333333333,0.3333333333333333,0.9330127018922193,0.7320508075688774,0.3954715367323467,0.010926199633097156,1.0,0.3568958678922095,0.7999999999999999,0.8905179878768794,0.8235294117647057,0.7777777777777777,1.0,0.1818181818181818,0.5666666666666667,0.5,0.9330127018922193,0.7320508075688774,0.29551146889270624,0.043227271178699456,0.7225209339563144,5.551115123125783e-17,0.7999999999999999,0.8926041092655277,0.8235294117647057,0.7777777777777777,1.0,0.1818181818181818,0.6,0.6666666666666666,0.9330127018922193,0.7320508075688774,0.20448853110729398,0.09549150281252627,0.27747906604368566,0.0,0.7999999999999999,0.894690230654176,0.8235294117647057,0.7777777777777777,1.0,0.1818181818181818,0.6333333333333333,0.8333333333333333,0.9330127018922193,0.7320508075688774,0.12638086253384795,0.16543469682057077,0.0,0.3568958678922094,0.7999999999999999,0.8968353932142015,0.8235294117647057,0.7777777777777777,1.0,0.1818181818181818,0.6666666666666666,1.0,0.9330127018922193,0.7320508075688774,0.06460214309120482,0.24999999999999978,0.0990311320975808,0.8019377358048383,0.7999999999999999,0.8989411949933088,0.8235294117647057,0.7777777777777777,1.0,0.1818181818181818,0.7,0.0,0.9330127018922193,0.7320508075688774,0.021852399266194367,0.3454915028125262,0.5,1.0,0.7999999999999999,0.9010469967724157,0.8235294117647057,0.7777777777777777,1.0,0.1818181818181818,0.7333333333333333,0.16666666666666666,0.9330127018922193,0.7320508075688774,0.0,0.4477357683661729,0.9009688679024191,0.8019377358048384,0.7999999999999999,0.9031331181610645,0.8235294117647057,0.7777777777777777,1.0,0.1818181818181818,0.7666666666666667,0.3333333333333333,0.9330127018922193,0.7320508075688774,0.0,0.5522642316338265,1.0,0.3568958678922095,0.7999999999999999,0.9052192395497127,0.8235294117647057,0.7777777777777777,1.0,0.1818181818181818,0.8,0.5,0.9330127018922193,0.7320508075688774,0.02185239926619431,0.6545084971874736,0.7225209339563144,5.551115123125783e-17,0.7999999999999999,0.9073250413288201,0.8235294117647057,0.7777777777777777,1.0,0.1818181818181818,0.8333333333333334,0.6666666666666666,0.9330127018922193,0.7320508075688774,0.06460214309120454,0.7499999999999997,0.27747906604368566,0.0,0.7999999999999999,0.9093914823270093,0.8235294117647057,0.7777777777777777,1.0,0.1818181818181818,0.8666666666666667,0.8333333333333333,0.9330127018922193,0.7320508075688774,0.12638086253384767,0.8345653031794289,0.0,0.3568958678922094,0.7999999999999999,0.9114776037156576,0.8235294117647057,0.7777777777777777,1.0,0.1818181818181818,0.9,1.0,0.9330127018922193,0.7320508075688774,0.20448853110729381,0.9045084971874737,0.0990311320975808,0.8019377358048383,0.7999999999999999,0.9135243643233881,0.8235294117647057,0.7777777777777777,1.0,0.1818181818181818,0.9333333333333333,0.0,0.9330127018922193,0.7320508075688774,0.2955114688927057,0.9567727288213003,0.5,1.0,0.7999999999999999,0.9155711249311187,0.8235294117647057,0.7777777777777777,1.0,0.1818181818181818,0.9666666666666667,0.16666666666666666,0.9330127018922193,0.7320508075688774,0.39547153673234625,0.9890738003669028,0.9009688679024191,0.8019377358048384,0.8571428571428571,0.917558844367472,0.8823529411764705,0.8333333333333333,1.0,0.1818181818181818,0.9999999999999999,0.3333333333333333,0.9330127018922193,0.7320508075688774,0.4999999999999999,1.0,1.0,0.3568958678922095,0.8571428571428571,0.9195662441942849,0.8823529411764705,0.8333333333333333,1.0,0.2727272727272727,0.0,0.5,1.0,0.4641016151377547,0.5,1.0,0.7225209339563144,5.551115123125783e-17,0.8571428571428571,0.9215146028497205,0.8823529411764705,0.8333333333333333,1.0,0.2727272727272727,0.03333333333333333,0.6666666666666666,1.0,0.4641016151377547,0.6045284632676534,0.9890738003669028,0.27747906604368566,0.0,0.8571428571428571,0.9235810438479097,0.8823529411764705,0.8333333333333333,1.0,0.2727272727272727,0.06666666666666668,0.8333333333333333,1.0,0.4641016151377547,0.7044885311072939,0.9567727288213004,0.0,0.3568958678922094,0.8571428571428571,0.9256474848460994,0.8823529411764705,0.8333333333333333,1.0,0.2727272727272727,0.1,1.0,1.0,0.4641016151377547,0.7955114688927061,0.9045084971874737,0.0990311320975808,0.8019377358048383,0.8571428571428571,0.9277139258442886,0.8823529411764705,0.8333333333333333,1.0,0.2727272727272727,0.13333333333333333,0.0,1.0,0.4641016151377547,0.8736191374661522,0.8345653031794291,0.5,1.0,0.8571428571428571,0.9297606864520191,0.8823529411764705,0.8333333333333333,1.0,0.2727272727272727,0.16666666666666669,0.16666666666666666,1.0,0.4641016151377547,0.9353978569087953,0.75,0.9009688679024191,0.8019377358048384,0.7999999999999999,0.9318468078406674,0.8235294117647057,0.7777777777777777,1.0,0.2727272727272727,0.2,0.3333333333333333,1.0,0.4641016151377547,0.9781476007338057,0.6545084971874737,1.0,0.3568958678922095,0.7999999999999999,0.9338542076674803,0.8235294117647057,0.7777777777777777,1.0,0.2727272727272727,0.23333333333333334,0.5,1.0,0.4641016151377547,1.0,0.5522642316338269,0.7225209339563144,5.551115123125783e-17,0.7428571428571428,0.9359403290561286,0.764705882352941,0.7222222222222221,1.0,0.2727272727272727,0.26666666666666666,0.6666666666666666,1.0,0.4641016151377547,1.0,0.44773576836617335,0.27747906604368566,0.0,0.7999999999999999,0.9380658112256945,0.8235294117647057,0.7777777777777777,1.0,0.2727272727272727,0.3,0.8333333333333333,1.0,0.4641016151377547,0.9781476007338057,0.34549150281252633,0.0,0.3568958678922094,0.7999999999999999,0.9401716130048019,0.8235294117647057,0.7777777777777777,1.0,0.2727272727272727,0.3333333333333333,1.0,1.0,0.4641016151377547,0.9353978569087953,0.2500000000000001,0.0990311320975808,0.8019377358048383,0.7999999999999999,0.9422774147839093,0.8235294117647057,0.7777777777777777,1.0,0.2727272727272727,0.3666666666666667,0.0,1.0,0.4641016151377547,0.8736191374661523,0.16543469682057105,0.5,1.0,0.7999999999999999,0.9443635361725575,0.8235294117647057,0.7777777777777777,1.0,0.2727272727272727,0.4,0.16666666666666666,1.0,0.4641016151377547,0.7955114688927061,0.09549150281252633,0.9009688679024191,0.8019377358048384,0.7999999999999999,0.9464496575612058,0.8235294117647057,0.7777777777777777,1.0,0.2727272727272727,0.43333333333333335,0.3333333333333333,1.0,0.4641016151377547,0.704488531107294,0.04322727117869962,1.0,0.3568958678922095,0.7999999999999999,0.9484964181689364,0.8235294117647057,0.7777777777777777,1.0,0.2727272727272727,0.4666666666666667,0.5,1.0,0.4641016151377547,0.6045284632676536,0.010926199633097211,0.7225209339563144,5.551115123125783e-17,0.7999999999999999,0.9505431787766669,0.8235294117647057,0.7777777777777777,1.0,0.2727272727272727,0.5,0.6666666666666666,1.0,0.4641016151377547,0.5000000000000001,0.0,0.27747906604368566,0.0,0.7999999999999999,0.9526293001653152,0.8235294117647057,0.7777777777777777,1.0,0.2727272727272727,0.5333333333333333,0.8333333333333333,1.0,0.4641016151377547,0.3954715367323467,0.010926199633097156,0.0,0.3568958678922094,0.7999999999999999,0.9547154215539635,0.8235294117647057,0.7777777777777777,1.0,0.2727272727272727,0.5666666666666667,1.0,1.0,0.4641016151377547,0.29551146889270624,0.043227271178699456,0.0990311320975808,0.8019377358048383,0.7999999999999999,0.956860584113989,0.8235294117647057,0.7777777777777777,1.0,0.2727272727272727,0.6,0.0,1.0,0.4641016151377547,0.20448853110729398,0.09549150281252627,0.5,1.0,0.7999999999999999,0.9588876643312605,0.8235294117647057,0.7777777777777777,1.0,0.2727272727272727,0.6333333333333333,0.16666666666666666,1.0,0.4641016151377547,0.12638086253384795,0.16543469682057077,0.9009688679024191,0.8019377358048384
0.8571428571428571,0.8398213020546326,0.8823529411764705,0.8333333333333333,1.0,0.09090909090909091,0.6333333333333333,0.8333333333333333,0.75,0.9282032302755092,0.12638086253384795,0.16543469682057077,0.0,0.3568958678922094,0.8857142857142858,0.8417106195386914,0.8823529411764705,0.8888888888888888,1.0,0.09090909090909091,0.6666666666666666,1.0,0.75,0.9282032302755092,0.06460214309120482,0.24999999999999978,0.0990311320975808,0.8019377358048383,0.8571428571428571,0.8436196174132093,0.8823529411764705,0.8333333333333333,1.0,0.09090909090909091,0.7,0.0,0.75,0.9282032302755092,0.021852399266194367,0.3454915028125262,0.5,1.0,0.8571428571428571,0.8455286152877273,0.8823529411764705,0.8333333333333333,1.0,0.09090909090909091,0.7333333333333333,0.16666666666666666,0.75,0.9282032302755092,0.0,0.4477357683661729,0.9009688679024191,0.8019377358048384,0.8571428571428571,0.8473785719908684,0.8823529411764705,0.8333333333333333,1.0,0.09090909090909091,0.7666666666666667,0.3333333333333333,0.75,0.9282032302755092,0.0,0.5522642316338265,1.0,0.3568958678922095,0.8571428571428571,0.849326930646304,0.8823529411764705,0.8333333333333333,1.0,0.09090909090909091,0.8,0.5,0.75,0.9282032302755092,0.02185239926619431,0.6545084971874736,0.7225209339563144,5.551115123125783e-17,0.8571428571428571,0.8513343304731165,0.8823529411764705,0.8333333333333333,1.0,0.09090909090909091,0.8333333333333334,0.6666666666666666,0.75,0.9282032302755092,0.06460214309120454,0.7499999999999997,0.27747906604368566,0.0,0.8571428571428571,0.8532630087380935,0.8823529411764705,0.8333333333333333,1.0,0.09090909090909091,0.8666666666666667,0.8333333333333333,0.75,0.9282032302755092,0.12638086253384767,0.8345653031794289,0.0,0.3568958678922094,0.8571428571428571,0.8552310477839882,0.8823529411764705,0.8333333333333333,1.0,0.09090909090909091,0.9,1.0,0.75,0.9282032302755092,0.20448853110729381,0.9045084971874737,0.0990311320975808,0.8019377358048383,0.8571428571428571,0.8571990868298829,0.8823529411764705,0.8333333333333333,1.0,0.1818181818181818,0.0,0.0,0.9330127018922193,0.7320508075688774,0.5,1.0,0.5,1.0,0.8571428571428571,0.859245847437613,0.8823529411764705,0.8333333333333333,1.0,0.1818181818181818,0.03333333333333333,0.16666666666666666,0.9330127018922193,0.7320508075688774,0.6045284632676534,0.9890738003669028,0.9009688679024191,0.8019377358048384,0.8571428571428571,0.8612926080453436,0.8823529411764705,0.8333333333333333,1.0,0.1818181818181818,0.06666666666666668,0.3333333333333333,0.9330127018922193,0.7320508075688774,0.7044885311072939,0.9567727288213004,1.0,0.3568958678922095,0.8571428571428571,0.863300007872156,0.8823529411764705,0.8333333333333333,1.0,0.1818181818181818,0.13333333333333333,0.6666666666666666,0.9330127018922193,0.7320508075688774,0.8736191374661522,0.8345653031794291,0.27747906604368566,0.0,0.8571428571428571,0.8653467684798866,0.8823529411764705,0.8333333333333333,1.0,0.1818181818181818,0.16666666666666669,0.8333333333333333,0.9330127018922193,0.7320508075688774,0.9353978569087953,0.75,0.0,0.3568958678922094,0.8571428571428571,0.8673935290876171,0.8823529411764705,0.8333333333333333,1.0,0.1818181818181818,0.2,1.0,0.9330127018922193,0.7320508075688774,0.9781476007338057,0.6545084971874737,0.0990311320975808,0.8019377358048383,1.0,0.8694599700858063,0.9999999999999999,1.0,1.0,0.1818181818181818,0.23333333333333334,0.0,0.9330127018922193,0.7320508075688774,1.0,0.5522642316338269,0.5,1.0,1.0,0.871546091474455,0.9999999999999999,1.0,1.0,0.1818181818181818,0.26666666666666666,0.16666666666666666,0.9330127018922193,0.7320508075688774,1.0,0.44773576836617335,0.9009688679024191,0.8019377358048384,0.8571428571428571,0.8736125324726443,0.8823529411764705,0.8333333333333333,1.0,0.1818181818181818,0.3,0.3333333333333333,0.9330127018922193,0.7320508075688774,0.9781476007338057,0.34549150281252633,1.0,0.3568958678922095,1.0,0.8756986538612925,0.9999999999999999,1.0,1.0,0.1818181818181818,0.3333333333333333,0.5,0.9330127018922193,0.7320508075688774,0.9353978569087953,0.2500000000000001,0.7225209339563144,5.551115123125783e-17,0.7999999999999999,0.8777847752499408,0.8235294117647057,0.7777777777777777,1.0,0.1818181818181818,0.3666666666666667,0.6666666666666666,0.9330127018922193,0.7320508075688774,0.8736191374661523,0.16543469682057105,0.27747906604368566,0.0,0.7999999999999999,0.8798512162481305,0.8235294117647057,0.7777777777777777,1.0,0.1818181818181818,0.4,0.8333333333333333,0.9330127018922193,0.7320508075688774,0.7955114688927061,0.09549150281252633,0.0,0.3568958678922094,0.7999999999999999,0.8819963788081555,0.8235294117647057,0.7777777777777777,1.0,0.1818181818181818,0.43333333333333335,1.0,0.9330127018922193,0.7320508075688774,0.704488531107294,0.04322727117869962,0.0990311320975808,0.8019377358048383,0.7999999999999999,0.8841218609777219,0.8235294117647057,0.7777777777777777,1.0,0.1818181818181818,0.4666666666666667,0.0,0.9330127018922193,0.7320508075688774,0.6045284632676536,0.010926199633097211,0.5,1.0,0.7999999999999999,0.8862867039282061,0.8235294117647057,0.7777777777777777,1.0,0.1818181818181818,0.5,0.16666666666666666,0.9330127018922193,0.7320508075688774,0.5000000000000001,0.0,0.9009688679024191,0.8019377358048384,0.7999999999999999,0.8884121860977721,0.8235294117647057,0.7777777777777777,1.0,0.1818181818181818,0.5333333333333333,0.3333333333333333,0.9330127018922193,0.7320508075688774,0.3954715367323467,0.010926199633097156,1.0,0.3568958678922095,0.7999999999999999,0.8905179878768794,0.8235294117647057,0.7777777777777777,1.0,0.1818181818181818,0.5666666666666667,0.5,0.9330127018922193,0.7320508075688774,0.29551146889270624,0.043227271178699456,0.7225209339563144,5.551115123125783e-17,0.7999999999999999,0.8926041092655277,0.8235294117647057,0.7777777777777777,1.0,0.1818181818181818,0.6,0.6666666666666666,0.9330127018922193,0.7320508075688774,0.20448853110729398,0.09549150281252627,0.27747906604368566,0.0,0.7999999999999999,0.894690230654176,0.8235294117647057,0.7777777777777777,1.0,0.1818181818181818,0.6333333333333333,0.8333333333333333,0.9330127018922193,0.7320508075688774,0.12638086253384795,0.16543469682057077,0.0,0.3568958678922094,0.7999999999999999,0.8968353932142015,0.8235294117647057,0.7777777777777777,1.0,0.1818181818181818,0.6666666666666666,1.0,0.9330127018922193,0.7320508075688774,0.06460214309120482,0.24999999999999978,0.0990311320975808,0.8019377358048383,0.7999999999999999,0.8989411949933088,0.8235294117647057,0.7777777777777777,1.0,0.1818181818181818,0.7,0.0,0.9330127018922193,0.7320508075688774,0.021852399266194367,0.3454915028125262,0.5,1.0,0.7999999999999999,0.9010469967724157,0.8235294117647057,0.7777777777777777,1.0,0.1818181818181818,0.7333333333333333,0.16666666666666666,0.9330127018922193,0.7320508075688774,0.0,0.4477357683661729,0.9009688679024191,0.8019377358048384,0.7999999999999999,0.9031331181610645,0.8235294117647057,0.7777777777777777,1.0,0.1818181818181818,0.7666666666666667,0.3333333333333333,0.9330127018922193,0.7320508075688774,0.0,0.5522642316338265,1.0,0.3568958678922095,0.7999999999999999,0.9052192395497127,0.8235294117647057,0.7777777777777777,1.0,0.1818181818181818,0.8,0.5,0.9330127018922193,0.7320508075688774,0.02185239926619431,0.6545084971874736,0.7225209339563144,5.551115123125783e-17,0.7999999999999999,0.9073250413288201,0.8235294117647057,0.7777777777777777,1.0,0.1818181818181818,0.8333333333333334,0.6666666666666666,0.9330127018922193,0.7320508075688774,0.06460214309120454,0.7499999999999997,0.27747906604368566,0.0,0.7999999999999999,0.9093914823270093,0.8235294117647057,0.7777777777777777,1.0,0.1818181818181818,0.8666666666666667,0.8333333333333333,0.9330127018922193,0.7320508075688774,0.12638086253384767,0.8345653031794289,0.0,0.3568958678922094,0.7999999999999999,0.9114776037156576,0.8235294117647057,0.7777777777777777,1.0,0.1818181818181818,0.9,1.0,0.9330127018922193,0.7320508075688774,0.20448853110729381,0.9045084971874737,0.0990311320975808,0.8019377358048383,0.7999999999999999,0.9135243643233881,0.8235294117647057,0.7777777777777777,1.0,0.1818181818181818,0.9333333333333333,0.0,0.9330127018922193,0.7320508075688774,0.2955114688927057,0.9567727288213003,0.5,1.0,0.7999999999999999,0.9155711249311187,0.8235294117647057,0.7777777777777777,1.0,0.1818181818181818,0.9666666666666667,0.16666666666666666,0.9330127018922193,0.7320508075688774,0.39547153673234625,0.9890738003669028,0.9009688679024191,0.8019377358048384,0.8571428571428571,0.917558844367472,0.8823529411764705,0.8333333333333333,1.0,0.1818181818181818,0.9999999999999999,0.3333333333333333,0.9330127018922193,0.7320508075688774,0.4999999999999999,1.0,1.0,0.3568958678922095,0.8571428571428571,0.9195662441942849,0.8823529411764705,0.8333333333333333,1.0,0.2727272727272727,0.0,0.5,1.0,0.4641016151377547,0.5,1.0,0.7225209339563144,5.551115123125783e-17,0.8571428571428571,0.9215146028497205,0.8823529411764705,0.8333333333333333,1.0,0.2727272727272727,0.03333333333333333,0.6666666666666666,1.0,0.4641016151377547,0.6045284632676534,0.9890738003669028,0.27747906604368566,0.0,0.8571428571428571,0.9235810438479097,0.8823529411764705,0.8333333333333333,1.0,0.2727272727272727,0.06666666666666668,0.8333333333333333,1.0,0.4641016151377547,0.7044885311072939,0.9567727288213004,0.0,0.3568958678922094,0.8571428571428571,0.9256474848460994,0.8823529411764705,0.8333333333333333,1.0,0.2727272727272727,0.1,1.0,1.0,0.4641016151377547,0.7955114688927061,0.9045084971874737,0.0990311320975808,0.8019377358048383,0.8571428571428571,0.9277139258442886,0.8823529411764705,0.8333333333333333,1.0,0.2727272727272727,0.13333333333333333,0.0,1.0,0.4641016151377547,0.8736191374661522,0.8345653031794291,0.5,1.0,0.8571428571428571,0.9297606864520191,0.8823529411764705,0.8333333333333333,1.0,0.2727272727272727,0.16666666666666669,0.16666666666666666,1.0,0.4641016151377547,0.9353978569087953,0.75,0.9009688679024191,0.8019377358048384,0.7999999999999999,0.9318468078406674,0.8235294117647057,0.7777777777777777,1.0,0.2727272727272727,0.2,0.3333333333333333,1.0,0.4641016151377547,0.9781476007338057,0.6545084971874737,1.0,0.3568958678922095,0.7999999999999999,0.9338542076674803,0.8235294117647057,0.7777777777777777,1.0,0.2727272727272727,0.23333333333333334,0.5,1.0,0.4641016151377547,1.0,0.5522642316338269,0.7225209339563144,5.551115123125783e-17,0.7428571428571428,0.9359403290561286,0.764705882352941,0.7222222222222221,1.0,0.2727272727272727,0.26666666666666666,0.6666666666666666,1.0,0.4641016151377547,1.0,0.44773576836617335,0.27747906604368566,0.0,0.7999999999999999,0.9380658112256945,0.8235294117647057,0.7777777777777777,1.0,0.2727272727272727,0.3,0.8333333333333333,1.0,0.4641016151377547,0.9781476007338057,0.34549150281252633,0.0,0.3568958678922094,0.7999999999999999,0.9401716130048019,0.8235294117647057,0.7777777777777777,1.0,0.2727272727272727,0.3333333333333333,1.0,1.0,0.4641016151377547,0.9353978569087953,0.2500000000000001,0.0990311320975808,0.8019377358048383,0.7999999999999999,0.9422774147839093,0.8235294117647057,0.7777777777777777,1.0,0.2727272727272727,0.3666666666666667,0.0,1.0,0.4641016151377547,0.8736191374661523,0.16543469682057105,0.5,1.0,0.7999999999999999,0.9443635361725575,0.8235294117647057,0.7777777777777777,1.0,0.2727272727272727,0.4,0.16666666666666666,1.0,0.4641016151377547,0.7955114688927061,0.09549150281252633,0.9009688679024191,0.8019377358048384,0.7999999999999999,0.9464496575612058,0.8235294117647057,0.7777777777777777,1.0,0.2727272727272727,0.43333333333333335,0.3333333333333333,1.0,0.4641016151377547,0.704488531107294,0.04322727117869962,1.0,0.3568958678922095,0.7999999999999999,0.9484964181689364,0.8235294117647057,0.7777777777777777,1.0,0.2727272727272727,0.4666666666666667,0.5,1.0,0.4641016151377547,0.6045284632676536,0.010926199633097211,0.7225209339563144,5.551115123125783e-17,0.7999999999999999,0.9505431787766669,0.8235294117647057,0.7777777777777777,1.0,0.2727272727272727,0.5,0.6666666666666666,1.0,0.4641016151377547,0.5000000000000001,0.0,0.27747906604368566,0.0,0.7999999999999999,0.9526293001653152,0.8235294117647057,0.7777777777777777,1.0,0.2727272727272727,0.5333333333333333,0.8333333333333333,1.0,0.4641016151377547,0.3954715367323467,0.010926199633097156,0.0,0.3568958678922094,0.7999999999999999,0.9547154215539635,0.8235294117647057,0.7777777777777777,1.0,0.2727272727272727,0.5666666666666667,1.0,1.0,0.4641016151377547,0.29551146889270624,0.043227271178699456,0.0990311320975808,0.8019377358048383,0.7999999999999999,0.956860584113989,0.8235294117647057,0.7777777777777777,1.0,0.2727272727272727,0.6,0.0,1.0,0.4641016151377547,0.20448853110729398,0.09549150281252627,0.5,1.0,0.7999999999999999,0.9588876643312605,0.8235294117647057,0.7777777777777777,1.0,0.2727272727272727,0.6333333333333333,0.16666666666666666,1.0,0.4641016151377547,0.12638086253384795,0.16543469682057077,0.9009688679024191,0.8019377358048384,0.7999999999999999,0.9608950641580729,0.8235294117647057,0.7777777777777777,1.0,0.2727272727272727,0.6666666666666666,0.3333333333333333,1.0,0.4641016151377547,0.06460214309120482,0.24999999999999978,1.0,0.3568958678922095
0.8857142857142858,0.8417106195386914,0.8823529411764705,0.8888888888888888,1.0,0.09090909090909091,0.6666666666666666,1.0,0.75,0.9282032302755092,0.06460214309120482,0.24999999999999978,0.0990311320975808,0.8019377358048383,0.8571428571428571,0.8436196174132093,0.8823529411764705,0.8333333333333333,1.0,0.09090909090909091,0.7,0.0,0.75,0.9282032302755092,0.021852399266194367,0.3454915028125262,0.5,1.0,0.8571428571428571,0.8455286152877273,0.8823529411764705,0.8333333333333333,1.0,0.09090909090909091,0.7333333333333333,0.16666666666666666,0.75,0.9282032302755092,0.0,0.4477357683661729,0.9009688679024191,0.8019377358048384,0.8571428571428571,0.8473785719908684,0.8823529411764705,0.8333333333333333,1.0,0.09090909090909091,0.7666666666666667,0.3333333333333333,0.75,0.9282032302755092,0.0,0.5522642316338265,1.0,0.3568958678922095,0.8571428571428571,0.849326930646304,0.8823529411764705,0.8333333333333333,1.0,0.09090909090909091,0.8,0.5,0.75,0.9282032302755092,0.02185239926619431,0.6545084971874736,0.7225209339563144,5.551115123125783e-17,0.8571428571428571,0.8513343304731165,0.8823529411764705,0.8333333333333333,1.0,0.09090909090909091,0.8333333333333334,0.6666666666666666,0.75,0.9282032302755092,0.06460214309120454,0.7499999999999997,0.27747906604368566,0.0,0.8571428571428571,0.8532630087380935,0.8823529411764705,0.8333333333333333,1.0,0.09090909090909091,0.8666666666666667,0.8333333333333333,0.75,0.9282032302755092,0.12638086253384767,0.8345653031794289,0.0,0.3568958678922094,0.8571428571428571,0.8552310477839882,0.8823529411764705,0.8333333333333333,1.0,0.09090909090909091,0.9,1.0,0.75,0.9282032302755092,0.20448853110729381,0.9045084971874737,0.0990311320975808,0.8019377358048383,0.8571428571428571,0.8571990868298829,0.8823529411764705,0.8333333333333333,1.0,0.1818181818181818,0.0,0.0,0.9330127018922193,0.7320508075688774,0.5,1.0,0.5,1.0,0.8571428571428571,0.859245847437613,0.8823529411764705,0.8333333333333333,1.0,0.1818181818181818,0.03333333333333333,0.16666666666666666,0.9330127018922193,0.7320508075688774,0.6045284632676534,0.9890738003669028,0.9009688679024191,0.8019377358048384,0.8571428571428571,0.8612926080453436,0.8823529411764705,0.8333333333333333,1.0,0.1818181818181818,0.06666666666666668,0.3333333333333333,0.9330127018922193,0.7320508075688774,0.7044885311072939,0.9567727288213004,1.0,0.3568958678922095,0.8571428571428571,0.863300007872156,0.8823529411764705,0.8333333333333333,1.0,0.1818181818181818,0.13333333333333333,0.6666666666666666,0.9330127018922193,0.7320508075688774,0.8736191374661522,0.8345653031794291,0.27747906604368566,0.0,0.8571428571428571,0.8653467684798866,0.8823529411764705,0.8333333333333333,1.0,0.1818181818181818,0.16666666666666669,0.8333333333333333,0.9330127018922193,0.7320508075688774,0.9353978569087953,0.75,0.0,0.3568958678922094,0.8571428571428571,0.8673935290876171,0.8823529411764705,0.8333333333333333,1.0,0.1818181818181818,0.2,1.0,0.9330127018922193,0.7320508075688774,0.9781476007338057,0.6545084971874737,0.0990311320975808,0.8019377358048383,1.0,0.8694599700858063,0.9999999999999999,1.0,1.0,0.1818181818181818,0.23333333333333334,0.0,0.9330127018922193,0.7320508075688774,1.0,0.5522642316338269,0.5,1.0,1.0,0.871546091474455,0.9999999999999999,1.0,1.0,0.1818181818181818,0.26666666666666666,0.16666666666666666,0.9330127018922193,0.7320508075688774,1.0,0.44773576836617335,0.9009688679024191,0.8019377358048384,0.8571428571428571,0.8736125324726443,0.8823529411764705,0.8333333333333333,1.0,0.1818181818181818,0.3,0.3333333333333333,0.9330127018922193,0.7320508075688774,0.9781476007338057,0.34549150281252633,1.0,0.3568958678922095,1.0,0.8756986538612925,0.9999999999999999,1.0,1.0,0.1818181818181818,0.3333333333333333,0.5,0.9330127018922193,0.7320508075688774,0.9353978569087953,0.2500000000000001,0.7225209339563144,5.551115123125783e-17,0.7999999999999999,0.8777847752499408,0.8235294117647057,0.7777777777777777,1.0,0.1818181818181818,0.3666666666666667,0.6666666666666666,0.9330127018922193,0.7320508075688774,0.8736191374661523,0.16543469682057105,0.27747906604368566,0.0,0.7999999999999999,0.8798512162481305,0.8235294117647057,0.7777777777777777,1.0,0.1818181818181818,0.4,0.8333333333333333,0.9330127018922193,0.7320508075688774,0.7955114688927061,0.09549150281252633,0.0,0.3568958678922094,0.7999999999999999,0.8819963788081555,0.8235294117647057,0.7777777777777777,1.0,0.1818181818181818,0.43333333333333335,1.0,0.9330127018922193,0.7320508075688774,0.704488531107294,0.04322727117869962,0.0990311320975808,0.8019377358048383,0.7999999999999999,0.8841218609777219,0.8235294117647057,0.7777777777777777,1.0,0.1818181818181818,0.4666666666666667,0.0,0.9330127018922193,0.7320508075688774,0.6045284632676536,0.010926199633097211,0.5,1.0,0.7999999999999999,0.8862867039282061,0.8235294117647057,0.7777777777777777,1.0,0.1818181818181818,0.5,0.16666666666666666,0.9330127018922193,0.7320508075688774,0.5000000000000001,0.0,0.9009688679024191,0.8019377358048384,0.7999999999999999,0.8884121860977721,0.8235294117647057,0.7777777777777777,1.0,0.1818181818181818,0.5333333333333333,0.3333333333333333,0.9330127018922193,0.7320508075688774,0.3954715367323467,0.010926199633097156,1.0,0.3568958678922095,0.7999999999999999,0.8905179878768794,0.8235294117647057,0.7777777777777777,1.0,0.1818181818181818,0.5666666666666667,0.5,0.9330127018922193,0.7320508075688774,0.29551146889270624,0.043227271178699456,0.7225209339563144,5.551115123125783e-17,0.7999999999999999,0.8926041092655277,0.8235294117647057,0.7777777777777777,1.0,0.1818181818181818,0.6,0.6666666666666666,0.9330127018922193,0.7320508075688774,0.20448853110729398,0.09549150281252627,0.27747906604368566,0.0,0.7999999999999999,0.894690230654176,0.8235294117647057,0.7777777777777777,1.0,0.1818181818181818,0.6333333333333333,0.8333333333333333,0.9330127018922193,0.7320508075688774,0.12638086253384795,0.16543469682057077,0.0,0.3568958678922094,0.7999999999999999,0.8968353932142015,0.8235294117647057,0.7777777777777777,1.0,0.1818181818181818,0.6666666666666666,1.0,0.9330127018922193,0.7320508075688774,0.06460214309120482,0.24999999999999978,0.0990311320975808,0.8019377358048383,0.7999999999999999,0.8989411949933088,0.8235294117647057,0.7777777777777777,1.0,0.1818181818181818,0.7,0.0,0.9330127018922193,0.7320508075688774,0.021852399266194367,0.3454915028125262,0.5,1.0,0.7999999999999999,0.9010469967724157,0.8235294117647057,0.7777777777777777,1.0,0.1818181818181818,0.7333333333333333,0.16666666666666666,0.9330127018922193,0.7320508075688774,0.0,0.4477357683661729,0.9009688679024191,0.8019377358048384,0.7999999999999999,0.9031331181610645,0.8235294117647057,0.7777777777777777,1.0,0.1818181818181818,0.7666666666666667,0.3333333333333333,0.9330127018922193,0.7320508075688774,0.0,0.5522642316338265,1.0,0.3568958678922095,0.7999999999999999,0.9052192395497127,0.8235294117647057,0.7777777777777777,1.0,0.1818181818181818,0.8,0.5,0.9330127018922193,0.7320508075688774,0.02185239926619431,0.6545084971874736,0.7225209339563144,5.551115123125783e-17,0.7999999999999999,0.9073250413288201,0.8235294117647057,0.7777777777777777,1.0,0.1818181818181818,0.8333333333333334,0.6666666666666666,0.9330127018922193,0.7320508075688774,0.06460214309120454,0.7499999999999997,0.27747906604368566,0.0,0.7999999999999999,0.9093914823270093,0.8235294117647057,0.7777777777777777,1.0,0.1818181818181818,0.8666666666666667,0.8333333333333333,0.9330127018922193,0.7320508075688774,0.12638086253384767,0.8345653031794289,0.0,0.3568958678922094,0.7999999999999999,0.9114776037156576,0.8235294117647057,0.7777777777777777,1.0,0.1818181818181818,0.9,1.0,0.9330127018922193,0.7320508075688774,0.20448853110729381,0.9045084971874737,0.0990311320975808,0.8019377358048383,0.7999999999999999,0.9135243643233881,0.8235294117647057,0.7777777777777777,1.0,0.1818181818181818,0.9333333333333333,0.0,0.9330127018922193,0.7320508075688774,0.2955114688927057,0.9567727288213003,0.5,1.0,0.7999999999999999,0.9155711249311187,0.8235294117647057,0.7777777777777777,1.0,0.1818181818181818,0.9666666666666667,0.16666666666666666,0.9330127018922193,0.7320508075688774,0.39547153673234625,0.9890738003669028,0.9009688679024191,0.8019377358048384,0.8571428571428571,0.917558844367472,0.8823529411764705,0.8333333333333333,1.0,0.1818181818181818,0.9999999999999999,0.3333333333333333,0.9330127018922193,0.7320508075688774,0.4999999999999999,1.0,1.0,0.3568958678922095,0.8571428571428571,0.9195662441942849,0.8823529411764705,0.8333333333333333,1.0,0.2727272727272727,0.0,0.5,1.0,0.4641016151377547,0.5,1.0,0.7225209339563144,5.551115123125783e-17,0.8571428571428571,0.9215146028497205,0.8823529411764705,0.8333333333333333,1.0,0.2727272727272727,0.03333333333333333,0.6666666666666666,1.0,0.4641016151377547,0.6045284632676534,0.9890738003669028,0.27747906604368566,0.0,0.8571428571428571,0.9235810438479097,0.8823529411764705,0.8333333333333333,1.0,0.2727272727272727,0.06666666666666668,0.8333333333333333,1.0,0.4641016151377547,0.7044885311072939,0.9567727288213004,0.0,0.3568958678922094,0.8571428571428571,0.9256474848460994,0.8823529411764705,0.8333333333333333,1.0,0.2727272727272727,0.1,1.0,1.0,0.4641016151377547,0.7955114688927061,0.9045084971874737,0.0990311320975808,0.8019377358048383,0.8571428571428571,0.9277139258442886,0.8823529411764705,0.8333333333333333,1.0,0.2727272727272727,0.13333333333333333,0.0,1.0,0.4641016151377547,0.8736191374661522,0.8345653031794291,0.5,1.0,0.8571428571428571,0.9297606864520191,0.8823529411764705,0.8333333333333333,1.0,0.2727272727272727,0.16666666666666669,0.16666666666666666,1.0,0.4641016151377547,0.9353978569087953,0.75,0.9009688679024191,0.8019377358048384,0.7999999999999999,0.9318468078406674,0.8235294117647057,0.7777777777777777,1.0,0.2727272727272727,0.2,0.3333333333333333,1.0,0.4641016151377547,0.9781476007338057,0.6545084971874737,1.0,0.3568958678922095,0.7999999999999999,0.9338542076674803,0.8235294117647057,0.7777777777777777,1.0,0.2727272727272727,0.23333333333333334,0.5,1.0,0.4641016151377547,1.0,0.5522642316338269,0.7225209339563144,5.551115123125783e-17,0.7428571428571428,0.9359403290561286,0.764705882352941,0.7222222222222221,1.0,0.2727272727272727,0.26666666666666666,0.6666666666666666,1.0,0.4641016151377547,1.0,0.44773576836617335,0.27747906604368566,0.0,0.7999999999999999,0.9380658112256945,0.8235294117647057,0.7777777777777777,1.0,0.2727272727272727,0.3,0.8333333333333333,1.0,0.4641016151377547,0.9781476007338057,0.34549150281252633,0.0,0.3568958678922094,0.7999999999999999,0.9401716130048019,0.8235294117647057,0.7777777777777777,1.0,0.2727272727272727,0.3333333333333333,1.0,1.0,0.4641016151377547,0.9353978569087953,0.2500000000000001,0.0990311320975808,0.8019377358048383,0.7999999999999999,0.9422774147839093,0.8235294117647057,0.7777777777777777,1.0,0.2727272727272727,0.3666666666666667,0.0,1.0,0.4641016151377547,0.8736191374661523,0.16543469682057105,0.5,1.0,0.7999999999999999,0.9443635361725575,0.8235294117647057,0.7777777777777777,1.0,0.2727272727272727,0.4,0.16666666666666666,1.0,0.4641016151377547,0.7955114688927061,0.09549150281252633,0.9009688679024191,0.8019377358048384,0.7999999999999999,0.9464496575612058,0.8235294117647057,0.7777777777777777,1.0,0.2727272727272727,0.43333333333333335,0.3333333333333333,1.0,0.4641016151377547,0.704488531107294,0.04322727117869962,1.0,0.3568958678922095,0.7999999999999999,0.9484964181689364,0.8235294117647057,0.7777777777777777,1.0,0.2727272727272727,0.4666666666666667,0.5,1.0,0.4641016151377547,0.6045284632676536,0.010926199633097211,0.7225209339563144,5.551115123125783e-17,0.7999999999999999,0.9505431787766669,0.8235294117647057,0.7777777777777777,1.0,0.2727272727272727,0.5,0.6666666666666666,1.0,0.4641016151377547,0.5000000000000001,0.0,0.27747906604368566,0.0,0.7999999999999999,0.9526293001653152,0.8235294117647057,0.7777777777777777,1.0,0.2727272727272727,0.5333333333333333,0.8333333333333333,1.0,0.4641016151377547,0.3954715367323467,0.010926199633097156,0.0,0.3568958678922094,0.7999999999999999,0.9547154215539635,0.8235294117647057,0.7777777777777777,1.0,0.2727272727272727,0.5666666666666667,1.0,1.0,0.4641016151377547,0.29551146889270624,0.043227271178699456,0.0990311320975808,0.8019377358048383,0.7999999999999999,0.956860584113989,0.8235294117647057,0.7777777777777777,1.0,0.2727272727272727,0.6,0.0,1.0,0.4641016151377547,0.20448853110729398,0.09549150281252627,0.5,1.0,0.7999999999999999,0.9588876643312605,0.8235294117647057,0.7777777777777777,1.0,0.2727272727272727,0.6333333333333333,0.16666666666666666,1.0,0.4641016151377547,0.12638086253384795,0.16543469682057077,0.9009688679024191,0.8019377358048384,0.7999999999999999,0.9608950641580729,0.8235294117647057,0.7777777777777777,1.0,0.2727272727272727,0.6666666666666666,0.3333333333333333,1.0,0.4641016151377547,0.06460214309120482,0.24999999999999978,1.0,0.3568958678922095,0.7999999999999999,0.9627843816421318,0.8235294117647057,0.7777777777777777,1.0,0.2727272727272727,0.7,0.5,1.0,0.4641016151377547,0.021852399266194367,0.3454915028125262,0.7225209339563144,5.551115123125783e-17
0.8571428571428571,0.8436196174132093,0.8823529411764705,0.8333333333333333,1.0,0.09090909090909091,0.7,0.0,0.75,0.9282032302755092,0.021852399266194367,0.3454915028125262,0.5,1.0,0.8571428571428571,0.8455286152877273,0.8823529411764705,0.8333333333333333,1.0,0.09090909090909091,0.7333333333333333,0.16666666666666666,0.75,0.9282032302755092,0.0,0.4477357683661729,0.9009688679024191,0.8019377358048384,0.8571428571428571,0.8473785719908684,0.8823529411764705,0.8333333333333333,1.0,0.09090909090909091,0.7666666666666667,0.3333333333333333,0.75,0.9282032302755092,0.0,0.5522642316338265,1.0,0.3568958678922095,0.8571428571428571,0.849326930646304,0.8823529411764705,0.8333333333333333,1.0,0.09090909090909091,0.8,0.5,0.75,0.9282032302755092,0.02185239926619431,0.6545084971874736,0.7225209339563144,5.551115123125783e-17,0.8571428571428571,0.8513343304731165,0.8823529411764705,0.8333333333333333,1.0,0.09090909090909091,0.8333333333333334,0.6666666666666666,0.75,0.9282032302755092,0.06460214309120454,0.7499999999999997,0.27747906604368566,0.0,0.8571428571428571,0.8532630087380935,0.8823529411764705,0.8333333333333333,1.0,0.09090909090909091,0.8666666666666667,0.8333333333333333,0.75,0.9282032302755092,0.12638086253384767,0.8345653031794289,0.0,0.3568958678922094,0.8571428571428571,0.8552310477839882,0.8823529411764705,0.8333333333333333,1.0,0.09090909090909091,0.9,1.0,0.75,0.9282032302755092,0.20448853110729381,0.9045084971874737,0.0990311320975808,0.8019377358048383,0.8571428571428571,0.8571990868298829,0.8823529411764705,0.8333333333333333,1.0,0.1818181818181818,0.0,0.0,0.9330127018922193,0.7320508075688774,0.5,1.0,0.5,1.0,0.8571428571428571,0.859245847437613,0.8823529411764705,0.8333333333333333,1.0,0.1818181818181818,0.03333333333333333,0.16666666666666666,0.9330127018922193,0.7320508075688774,0.6045284632676534,0.9890738003669028,0.9009688679024191,0.8019377358048384,0.8571428571428571,0.8612926080453436,0.8823529411764705,0.8333333333333333,1.0,0.1818181818181818,0.06666666666666668,0.3333333333333333,0.9330127018922193,0.7320508075688774,0.7044885311072939,0.9567727288213004,1.0,0.3568958678922095,0.8571428571428571,0.863300007872156,0.8823529411764705,0.8333333333333333,1.0,0.1818181818181818,0.13333333333333333,0.6666666666666666,0.9330127018922193,0.7320508075688774,0.8736191374661522,0.8345653031794291,0.27747906604368566,0.0,0.8571428571428571,0.8653467684798866,0.8823529411764705,0.8333333333333333,1.0,0.1818181818181818,0.16666666666666669,0.8333333333333333,0.9330127018922193,0.7320508075688774,0.9353978569087953,0.75,0.0,0.3568958678922094,0.8571428571428571,0.8673935290876171,0.8823529411764705,0.8333333333333333,1.0,0.1818181818181818,0.2,1.0,0.9330127018922193,0.7320508075688774,0.9781476007338057,0.6545084971874737,0.0990311320975808,0.8019377358048383,1.0,0.8694599700858063,0.9999999999999999,1.0,1.0,0.1818181818181818,0.23333333333333334,0.0,0.9330127018922193,0.7320508075688774,1.0,0.5522642316338269,0.5,1.0,1.0,0.871546091474455,0.9999999999999999,1.0,1.0,0.1818181818181818,0.26666666666666666,0.16666666666666666,0.9330127018922193,0.7320508075688774,1.0,0.44773576836617335,0.9009688679024191,0.8019377358048384,0.8571428571428571,0.8736125324726443,0.8823529411764705,0.8333333333333333,1.0,0.1818181818181818,0.3,0.3333333333333333,0.9330127018922193,0.7320508075688774,0.9781476007338057,0.34549150281252633,1.0,0.3568958678922095,1.0,0.8756986538612925,0.9999999999999999,1.0,1.0,0.1818181818181818,0.3333333333333333,0.5,0.9330127018922193,0.7320508075688774,0.9353978569087953,0.2500000000000001,0.7225209339563144,5.551115123125783e-17,0.7999999999999999,0.8777847752499408,0.8235294117647057,0.7777777777777777,1.0,0.1818181818181818,0.3666666666666667,0.6666666666666666,0.9330127018922193,0.7320508075688774,0.8736191374661523,0.16543469682057105,0.27747906604368566,0.0,0.7999999999999999,0.8798512162481305,0.8235294117647057,0.7777777777777777,1.0,0.1818181818181818,0.4,0.8333333333333333,0.9330127018922193,0.7320508075688774,0.7955114688927061,0.09549150281252633,0.0,0.3568958678922094,0.7999999999999999,0.8819963788081555,0.8235294117647057,0.7777777777777777,1.0,0.1818181818181818,0.43333333333333335,1.0,0.9330127018922193,0.7320508075688774,0.704488531107294,0.04322727117869962,0.0990311320975808,0.8019377358048383,0.7999999999999999,0.8841218609777219,0.8235294117647057,0.7777777777777777,1.0,0.1818181818181818,0.4666666666666667,0.0,0.9330127018922193,0.7320508075688774,0.6045284632676536,0.010926199633097211,0.5,1.0,0.7999999999999999,0.8862867039282061,0.8235294117647057,0.7777777777777777,1.0,0.1818181818181818,0.5,0.16666666666666666,0.9330127018922193,0.7320508075688774,0.5000000000000001,0.0,0.9009688679024191,0.8019377358048384,0.7999999999999999,0.8884121860977721,0.8235294117647057,0.7777777777777777,1.0,0.1818181818181818,0.5333333333333333,0.3333333333333333,0.9330127018922193,0.7320508075688774,0.3954715367323467,0.010926199633097156,1.0,0.3568958678922095,0.7999999999999999,0.8905179878768794,0.8235294117647057,0.7777777777777777,1.0,0.1818181818181818,0.5666666666666667,0.5,0.9330127018922193,0.7320508075688774,0.29551146889270624,0.043227271178699456,0.7225209339563144,5.551115123125783e-17,0.7999999999999999,0.8926041092655277,0.8235294117647057,0.7777777777777777,1.0,0.1818181818181818,0.6,0.6666666666666666,0.9330127018922193,0.7320508075688774,0.20448853110729398,0.09549150281252627,0.27747906604368566,0.0,0.7999999999999999,0.894690230654176,0.8235294117647057,0.7777777777777777,1.0,0.1818181818181818,0.6333333333333333,0.8333333333333333,0.9330127018922193,0.7320508075688774,0.12638086253384795,0.16543469682057077,0.0,0.3568958678922094,0.7999999999999999,0.8968353932142015,0.8235294117647057,0.7777777777777777,1.0,0.1818181818181818,0.6666666666666666,1.0,0.9330127018922193,0.7320508075688774,0.06460214309120482,0.24999999999999978,0.0990311320975808,0.8019377358048383,0.7999999999999999,0.8989411949933088,0.8235294117647057,0.7777777777777777,1.0,0.1818181818181818,0.7,0.0,0.9330127018922193,0.7320508075688774,0.021852399266194367,0.3454915028125262,0.5,1.0,0.7999999999999999,0.9010469967724157,0.8235294117647057,0.7777777777777777,1.0,0.1818181818181818,0.7333333333333333,0.16666666666666666,0.9330127018922193,0.7320508075688774,0.0,0.4477357683661729,0.9009688679024191,0.8019377358048384,0.7999999999999999,0.9031331181610645,0.8235294117647057,0.7777777777777777,1.0,0.1818181818181818,0.7666666666666667,0.3333333333333333,0.9330127018922193,0.7320508075688774,0.0,0.5522642316338265,1.0,0.3568958678922095,0.7999999999999999,0.9052192395497127,0.8235294117647057,0.7777777777777777,1.0,0.1818181818181818,0.8,0.5,0.9330127018922193,0.7320508075688774,0.02185239926619431,0.6545084971874736,0.7225209339563144,5.551115123125783e-17,0.7999999999999999,0.9073250413288201,0.8235294117647057,0.7777777777777777,1.0,0.1818181818181818,0.8333333333333334,0.6666666666666666,0.9330127018922193,0.7320508075688774,0.06460214309120454,0.7499999999999997,0.27747906604368566,0.0,0.7999999999999999,0.9093914823270093,0.8235294117647057,0.7777777777777777,1.0,0.1818181818181818,0.8666666666666667,0.8333333333333333,0.9330127018922193,0.7320508075688774,0.12638086253384767,0.8345653031794289,0.0,0.3568958678922094,0.7999999999999999,0.9114776037156576,0.8235294117647057,0.7777777777777777,1.0,0.1818181818181818,0.9,1.0,0.9330127018922193,0.7320508075688774,0.20448853110729381,0.9045084971874737,0.0990311320975808,0.8019377358048383,0.7999999999999999,0.9135243643233881,0.8235294117647057,0.7777777777777777,1.0,0.1818181818181818,0.9333333333333333,0.0,0.9330127018922193,0.7320508075688774,0.2955114688927057,0.9567727288213003,0.5,1.0,0.7999999999999999,0.9155711249311187,0.8235294117647057,0.7777777777777777,1.0,0.1818181818181818,0.9666666666666667,0.16666666666666666,0.9330127018922193,0.7320508075688774,0.39547153673234625,0.9890738003669028,0.9009688679024191,0.8019377358048384,0.8571428571428571,0.917558844367472,0.8823529411764705,0.8333333333333333,1.0,0.1818181818181818,0.9999999999999999,0.3333333333333333,0.9330127018922193,0.7320508075688774,0.4999999999999999,1.0,1.0,0.3568958678922095,0.8571428571428571,0.9195662441942849,0.8823529411764705,0.8333333333333333,1.0,0.2727272727272727,0.0,0.5,1.0,0.4641016151377547,0.5,1.0,0.7225209339563144,5.551115123125783e-17,0.8571428571428571,0.9215146028497205,0.8823529411764705,0.8333333333333333,1.0,0.2727272727272727,0.03333333333333333,0.6666666666666666,1.0,0.4641016151377547,0.6045284632676534,0.9890738003669028,0.27747906604368566,0.0,0.8571428571428571,0.9235810438479097,0.8823529411764705,0.8333333333333333,1.0,0.2727272727272727,0.06666666666666668,0.8333333333333333,1.0,0.4641016151377547,0.7044885311072939,0.9567727288213004,0.0,0.3568958678922094,0.8571428571428571,0.9256474848460994,0.8823529411764705,0.8333333333333333,1.0,0.2727272727272727,0.1,1.0,1.0,0.4641016151377547,0.7955114688927061,0.9045084971874737,0.0990311320975808,0.8019377358048383,0.8571428571428571,0.9277139258442886,0.8823529411764705,0.8333333333333333,1.0,0.2727272727272727,0.13333333333333333,0.0,1.0,0.4641016151377547,0.8736191374661522,0.8345653031794291,0.5,1.0,0.8571428571428571,0.9297606864520191,0.8823529411764705,0.8333333333333333,1.0,0.2727272727272727,0.16666666666666669,0.16666666666666666,1.0,0.4641016151377547,0.9353978569087953,0.75,0.9009688679024191,0.8019377358048384,0.7999999999999999,0.9318468078406674,0.8235294117647057,0.7777777777777777,1.0,0.2727272727272727,0.2,0.3333333333333333,1.0,0.4641016151377547,0.9781476007338057,0.6545084971874737,1.0,0.3568958678922095,0.7999999999999999,0.9338542076674803,0.8235294117647057,0.7777777777777777,1.0,0.2727272727272727,0.23333333333333334,0.5,1.0,0.4641016151377547,1.0,0.5522642316338269,0.7225209339563144,5.551115123125783e-17,0.7428571428571428,0.9359403290561286,0.764705882352941,0.7222222222222221,1.0,0.2727272727272727,0.26666666666666666,0.6666666666666666,1.0,0.4641016151377547,1.0,0.44773576836617335,0.27747906604368566,0.0,0.7999999999999999,0.9380658112256945,0.8235294117647057,0.7777777777777777,1.0,0.2727272727272727,0.3,0.8333333333333333,1.0,0.4641016151377547,0.9781476007338057,0.34549150281252633,0.0,0.3568958678922094,0.7999999999999999,0.9401716130048019,0.8235294117647057,0.7777777777777777,1.0,0.2727272727272727,0.3333333333333333,1.0,1.0,0.4641016151377547,0.9353978569087953,0.2500000000000001,0.0990311320975808,0.8019377358048383,0.7999999999999999,0.9422774147839093,0.8235294117647057,0.7777777777777777,1.0,0.2727272727272727,0.3666666666666667,0.0,1.0,0.4641016151377547,0.8736191374661523,0.16543469682057105,0.5,1.0,0.7999999999999999,0.9443635361725575,0.8235294117647057,0.7777777777777777,1.0,0.2727272727272727,0.4,0.16666666666666666,1.0,0.4641016151377547,0.7955114688927061,0.09549150281252633,0.9009688679024191,0.8019377358048384,0.7999999999999999,0.9464496575612058,0.8235294117647057,0.7777777777777777,1.0,0.2727272727272727,0.43333333333333335,0.3333333333333333,1.0,0.4641016151377547,0.704488531107294,0.04322727117869962,1.0,0.3568958678922095,0.7999999999999999,0.9484964181689364,0.8235294117647057,0.7777777777777777,1.0,0.2727272727272727,0.4666666666666667,0.5,1.0,0.4641016151377547,0.6045284632676536,0.010926199633097211,0.7225209339563144,5.551115123125783e-17,0.7999999999999999,0.9505431787766669,0.8235294117647057,0.7777777777777777,1.0,0.2727272727272727,0.5,0.6666666666666666,1.0,0.4641016151377547,0.5000000000000001,0.0,0.27747906604368566,0.0,0.7999999999999999,0.9526293001653152,0.8235294117647057,0.7777777777777777,1.0,0.2727272727272727,0.5333333333333333,0.8333333333333333,1.0,0.4641016151377547,0.3954715367323467,0.010926199633097156,0.0,0.3568958678922094,0.7999999999999999,0.9547154215539635,0.8235294117647057,0.7777777777777777,1.0,0.2727272727272727,0.5666666666666667,1.0,1.0,0.4641016151377547,0.29551146889270624,0.043227271178699456,0.0990311320975808,0.8019377358048383,0.7999999999999999,0.956860584113989,0.8235294117647057,0.7777777777777777,1.0,0.2727272727272727,0.6,0.0,1.0,0.4641016151377547,0.20448853110729398,0.09549150281252627,0.5,1.0,0.7999999999999999,0.9588876643312605,0.8235294117647057,0.7777777777777777,1.0,0.2727272727272727,0.6333333333333333,0.16666666666666666,1.0,0.4641016151377547,0.12638086253384795,0.16543469682057077,0.9009688679024191,0.8019377358048384,0.7999999999999999,0.9608950641580729,0.8235294117647057,0.7777777777777777,1.0,0.2727272727272727,0.6666666666666666,0.3333333333333333,1.0,0.4641016151377547,0.06460214309120482,0.24999999999999978,1.0,0.3568958678922095,0.7999999999999999,0.9627843816421318,0.8235294117647057,0.7777777777777777,1.0,0.2727272727272727,0.7,0.5,1.0,0.4641016151377547,0.021852399266194367,0.3454915028125262,0.7225209339563144,5.551115123125783e-17,0.7999999999999999,0.9646736991261906,0.8235294117647057,0.7777777777777777,1.0,0.2727272727272727,0.7333333333333333,0.6666666666666666,1.0,0.4641016151377547,0.0,0.4477357683661729,0.27747906604368566,0.0
0.8571428571428571,0.8455286152877273,0.8823529411764705,0.8333333333333333,1.0,0.09090909090909091,0.7333333333333333,0.16666666666666666,0.75,0.9282032302755092,0.0,0.4477357683661729,0.9009688679024191,0.8019377358048384,0.8571428571428571,0.8473785719908684,0.8823529411764705,0.8333333333333333,1.0,0.09090909090909091,0.7666666666666667,0.3333333333333333,0.75,0.9282032302755092,0.0,0.5522642316338265,1.0,0.3568958678922095,0.8571428571428571,0.849326930646304,0.8823529411764705,0.8333333333333333,1.0,0.09090909090909091,0.8,0.5,0.75,0.9282032302755092,0.02185239926619431,0.6545084971874736,0.7225209339563144,5.551115123125783e-17,0.8571428571428571,0.8513343304731165,0.8823529411764705,0.8333333333333333,1.0,0.09090909090909091,0.8333333333333334,0.6666666666666666,0.75,0.9282032302755092,0.06460214309120454,0.7499999999999997,0.27747906604368566,0.0,0.8571428571428571,0.8532630087380935,0.8823529411764705,0.8333333333333333,1.0,0.09090909090909091,0.8666666666666667,0.8333333333333333,0.75,0.9282032302755092,0.12638086253384767,0.8345653031794289,0.0,0.3568958678922094,0.8571428571428571,0.8552310477839882,0.8823529411764705,0.8333333333333333,1.0,0.09090909090909091,0.9,1.0,0.75,0.9282032302755092,0.20448853110729381,0.9045084971874737,0.0990311320975808,0.8019377358048383,0.8571428571428571,0.8571990868298829,0.8823529411764705,0.8333333333333333,1.0,0.1818181818181818,0.0,0.0,0.9330127018922193,0.7320508075688774,0.5,1.0,0.5,1.0,0.8571428571428571,0.859245847437613,0.8823529411764705,0.8333333333333333,1.0,0.1818181818181818,0.03333333333333333,0.16666666666666666,0.9330127018922193,0.7320508075688774,0.6045284632676534,0.9890738003669028,0.9009688679024191,0.8019377358048384,0.8571428571428571,0.8612926080453436,0.8823529411764705,0.8333333333333333,1.0,0.1818181818181818,0.06666666666666668,0.3333333333333333,0.9330127018922193,0.7320508075688774,0.7044885311072939,0.9567727288213004,1.0,0.3568958678922095,0.8571428571428571,0.863300007872156,0.8823529411764705,0.8333333333333333,1.0,0.1818181818181818,0.13333333333333333,0.6666666666666666,0.9330127018922193,0.7320508075688774,0.8736191374661522,0.8345653031794291,0.27747906604368566,0.0,0.8571428571428571,0.8653467684798866,0.8823529411764705,0.8333333333333333,1.0,0.1818181818181818,0.16666666666666669,0.8333333333333333,0.9330127018922193,0.7320508075688774,0.9353978569087953,0.75,0.0,0.3568958678922094,0.8571428571428571,0.8673935290876171,0.8823529411764705,0.8333333333333333,1.0,0.1818181818181818,0.2,1.0,0.9330127018922193,0.7320508075688774,0.9781476007338057,0.6545084971874737,0.0990311320975808,0.8019377358048383,1.0,0.8694599700858063,0.9999999999999999,1.0,1.0,0.1818181818181818,0.23333333333333334,0.0,0.9330127018922193,0.7320508075688774,1.0,0.5522642316338269,0.5,1.0,1.0,0.871546091474455,0.9999999999999999,1.0,1.0,0.1818181818181818,0.26666666666666666,0.16666666666666666,0.9330127018922193,0.7320508075688774,1.0,0.44773576836617335,0.9009688679024191,0.8019377358048384,0.8571428571428571,0.8736125324726443,0.8823529411764705,0.8333333333333333,1.0,0.1818181818181818,0.3,0.3333333333333333,0.9330127018922193,0.7320508075688774,0.9781476007338057,0.34549150281252633,1.0,0.3568958678922095,1.0,0.8756986538612925,0.9999999999999999,1.0,1.0,0.1818181818181818,0.3333333333333333,0.5,0.9330127018922193,0.7320508075688774,0.9353978569087953,0.2500000000000001,0.7225209339563144,5.551115123125783e-17,0.7999999999999999,0.8777847752499408,0.8235294117647057,0.7777777777777777,1.0,0.1818181818181818,0.3666666666666667,0.6666666666666666,0.9330127018922193,0.7320508075688774,0.8736191374661523,0.16543469682057105,0.27747906604368566,0.0,0.7999999999999999,0.8798512162481305,0.8235294117647057,0.7777777777777777,1.0,0.1818181818181818,0.4,0.8333333333333333,0.9330127018922193,0.7320508075688774,0.7955114688927061,0.09549150281252633,0.0,0.3568958678922094,0.7999999999999999,0.8819963788081555,0.8235294117647057,0.7777777777777777,1.0,0.1818181818181818,0.43333333333333335,1.0,0.9330127018922193,0.7320508075688774,0.704488531107294,0.04322727117869962,0.0990311320975808,0.8019377358048383,0.7999999999999999,0.8841218609777219,0.8235294117647057,0.7777777777777777,1.0,0.1818181818181818,0.4666666666666667,0.0,0.9330127018922193,0.7320508075688774,0.6045284632676536,0.010926199633097211,0.5,1.0,0.7999999999999999,0.8862867039282061,0.8235294117647057,0.7777777777777777,1.0,0.1818181818181818,0.5,0.16666666666666666,0.9330127018922193,0.7320508075688774,0.5000000000000001,0.0,0.9009688679024191,0.8019377358048384,0.7999999999999999,0.8884121860977721,0.8235294117647057,0.7777777777777777,1.0,0.1818181818181818,0.5333333333333333,0.3333333333333333,0.9330127018922193,0.7320508075688774,0.3954715367323467,0.010926199633097156,1.0,0.3568958678922095,0.7999999999999999,0.8905179878768794,0.8235294117647057,0.7777777777777777,1.0,0.1818181818181818,0.5666666666666667,0.5,0.9330127018922193,0.7320508075688774,0.29551146889270624,0.043227271178699456,0.7225209339563144,5.551115123125783e-17,0.7999999999999999,0.8926041092655277,0.8235294117647057,0.7777777777777777,1.0,0.1818181818181818,0.6,0.6666666666666666,0.9330127018922193,0.7320508075688774,0.20448853110729398,0.09549150281252627,0.27747906604368566,0.0,0.7999999999999999,0.894690230654176,0.8235294117647057,0.7777777777777777,1.0,0.1818181818181818,0.6333333333333333,0.8333333333333333,0.9330127018922193,0.7320508075688774,0.12638086253384795,0.16543469682057077,0.0,0.3568958678922094,0.7999999999999999,0.8968353932142015,0.8235294117647057,0.7777777777777777,1.0,0.1818181818181818,0.6666666666666666,1.0,0.9330127018922193,0.7320508075688774,0.06460214309120482,0.24999999999999978,0.0990311320975808,0.8019377358048383,0.7999999999999999,0.8989411949933088,0.8235294117647057,0.7777777777777777,1.0,0.1818181818181818,0.7,0.0,0.9330127018922193,0.7320508075688774,0.021852399266194367,0.3454915028125262,0.5,1.0,0.7999999999999999,0.9010469967724157,0.8235294117647057,0.7777777777777777,1.0,0.1818181818181818,0.7333333333333333,0.16666666666666666,0.9330127018922193,0.7320508075688774,0.0,0.4477357683661729,0.9009688679024191,0.8019377358048384,0.7999999999999999,0.9031331181610645,0.8235294117647057,0.7777777777777777,1.0,0.1818181818181818,0.7666666666666667,0.3333333333333333,0.9330127018922193,0.7320508075688774,0.0,0.5522642316338265,1.0,0.3568958678922095,0.7999999999999999,0.9052192395497127,0.8235294117647057,0.7777777777777777,1.0,0.1818181818181818,0.8,0.5,0.9330127018922193,0.7320508075688774,0.02185239926619431,0.6545084971874736,0.7225209339563144,5.551115123125783e-17,0.7999999999999999,0.9073250413288201,0.8235294117647057,0.7777777777777777,1.0,0.1818181818181818,0.8333333333333334,0.6666666666666666,0.9330127018922193,0.7320508075688774,0.06460214309120454,0.7499999999999997,0.27747906604368566,0.0,0.7999999999999999,0.9093914823270093,0.8235294117647057,0.7777777777777777,1.0,0.1818181818181818,0.8666666666666667,0.8333333333333333,0.9330127018922193,0.7320508075688774,0.12638086253384767,0.8345653031794289,0.0,0.3568958678922094,0.7999999999999999,0.9114776037156576,0.8235294117647057,0.7777777777777777,1.0,0.1818181818181818,0.9,1.0,0.9330127018922193,0.7320508075688774,0.20448853110729381,0.9045084971874737,0.0990311320975808,0.8019377358048383,0.7999999999999999,0.9135243643233881,0.8235294117647057,0.7777777777777777,1.0,0.1818181818181818,0.9333333333333333,0.0,0.9330127018922193,0.7320508075688774,0.2955114688927057,0.9567727288213003,0.5,1.0,0.7999999999999999,0.9155711249311187,0.8235294117647057,0.7777777777777777,1.0,0.1818181818181818,0.9666666666666667,0.16666666666666666,0.9330127018922193,0.7320508075688774,0.39547153673234625,0.9890738003669028,0.9009688679024191,0.8019377358048384,0.8571428571428571,0.917558844367472,0.8823529411764705,0.8333333333333333,1.0,0.1818181818181818,0.9999999999999999,0.3333333333333333,0.9330127018922193,0.7320508075688774,0.4999999999999999,1.0,1.0,0.3568958678922095,0.8571428571428571,0.9195662441942849,0.8823529411764705,0.8333333333333333,1.0,0.2727272727272727,0.0,0.5,1.0,0.4641016151377547,0.5,1.0,0.7225209339563144,5.551115123125783e-17,0.8571428571428571,0.9215146028497205,0.8823529411764705,0.8333333333333333,1.0,0.2727272727272727,0.03333333333333333,0.6666666666666666,1.0,0.4641016151377547,0.6045284632676534,0.9890738003669028,0.27747906604368566,0.0,0.8571428571428571,0.9235810438479097,0.8823529411764705,0.8333333333333333,1.0,0.2727272727272727,0.06666666666666668,0.8333333333333333,1.0,0.4641016151377547,0.7044885311072939,0.9567727288213004,0.0,0.3568958678922094,0.8571428571428571,0.9256474848460994,0.8823529411764705,0.8333333333333333,1.0,0.2727272727272727,0.1,1.0,1.0,0.4641016151377547,0.7955114688927061,0.9045084971874737,0.0990311320975808,0.8019377358048383,0.8571428571428571,0.9277139258442886,0.8823529411764705,0.8333333333333333,1.0,0.2727272727272727,0.13333333333333333,0.0,1.0,0.4641016151377547,0.8736191374661522,0.8345653031794291,0.5,1.0,0.8571428571428571,0.9297606864520191,0.8823529411764705,0.8333333333333333,1.0,0.2727272727272727,0.16666666666666669,0.16666666666666666,1.0,0.4641016151377547,0.9353978569087953,0.75,0.9009688679024191,0.8019377358048384,0.7999999999999999,0.9318468078406674,0.8235294117647057,0.7777777777777777,1.0,0.2727272727272727,0.2,0.3333333333333333,1.0,0.4641016151377547,0.9781476007338057,0.6545084971874737,1.0,0.3568958678922095,0.7999999999999999,0.9338542076674803,0.8235294117647057,0.7777777777777777,1.0,0.2727272727272727,0.23333333333333334,0.5,1.0,0.4641016151377547,1.0,0.5522642316338269,0.7225209339563144,5.551115123125783e-17,0.7428571428571428,0.9359403290561286,0.764705882352941,0.7222222222222221,1.0,0.2727272727272727,0.26666666666666666,0.6666666666666666,1.0,0.4641016151377547,1.0,0.44773576836617335,0.27747906604368566,0.0,0.7999999999999999,0.9380658112256945,0.8235294117647057,0.7777777777777777,1.0,0.2727272727272727,0.3,0.8333333333333333,1.0,0.4641016151377547,0.9781476007338057,0.34549150281252633,0.0,0.3568958678922094,0.7999999999999999,0.9401716130048019,0.8235294117647057,0.7777777777777777,1.0,0.2727272727272727,0.3333333333333333,1.0,1.0,0.4641016151377547,0.9353978569087953,0.2500000000000001,0.0990311320975808,0.8019377358048383,0.7999999999999999,0.9422774147839093,0.8235294117647057,0.7777777777777777,1.0,0.2727272727272727,0.3666666666666667,0.0,1.0,0.4641016151377547,0.8736191374661523,0.16543469682057105,0.5,1.0,0.7999999999999999,0.9443635361725575,0.8235294117647057,0.7777777777777777,1.0,0.2727272727272727,0.4,0.16666666666666666,1.0,0.4641016151377547,0.7955114688927061,0.09549150281252633,0.9009688679024191,0.8019377358048384,0.7999999999999999,0.9464496575612058,0.8235294117647057,0.7777777777777777,1.0,0.2727272727272727,0.43333333333333335,0.3333333333333333,1.0,0.4641016151377547,0.704488531107294,0.04322727117869962,1.0,0.3568958678922095,0.7999999999999999,0.9484964181689364,0.8235294117647057,0.7777777777777777,1.0,0.2727272727272727,0.4666666666666667,0.5,1.0,0.4641016151377547,0.6045284632676536,0.010926199633097211,0.7225209339563144,5.551115123125783e-17,0.7999999999999999,0.9505431787766669,0.8235294117647057,0.7777777777777777,1.0,0.2727272727272727,0.5,0.6666666666666666,1.0,0.4641016151377547,0.5000000000000001,0.0,0.27747906604368566,0.0,0.7999999999999999,0.9526293001653152,0.8235294117647057,0.7777777777777777,1.0,0.2727272727272727,0.5333333333333333,0.8333333333333333,1.0,0.4641016151377547,0.3954715367323467,0.010926199633097156,0.0,0.3568958678922094,0.7999999999999999,0.9547154215539635,0.8235294117647057,0.7777777777777777,1.0,0.2727272727272727,0.5666666666666667,1.0,1.0,0.4641016151377547,0.29551146889270624,0.043227271178699456,0.0990311320975808,0.8019377358048383,0.7999999999999999,0.956860584113989,0.8235294117647057,0.7777777777777777,1.0,0.2727272727272727,0.6,0.0,1.0,0.4641016151377547,0.20448853110729398,0.09549150281252627,0.5,1.0,0.7999999999999999,0.9588876643312605,0.8235294117647057,0.7777777777777777,1.0,0.2727272727272727,0.6333333333333333,0.16666666666666666,1.0,0.4641016151377547,0.12638086253384795,0.16543469682057077,0.9009688679024191,0.8019377358048384,0.7999999999999999,0.9608950641580729,0.8235294117647057,0.7777777777777777,1.0,0.2727272727272727,0.6666666666666666,0.3333333333333333,1.0,0.4641016151377547,0.06460214309120482,0.24999999999999978,1.0,0.3568958678922095,0.7999999999999999,0.9627843816421318,0.8235294117647057,0.7777777777777777,1.0,0.2727272727272727,0.7,0.5,1.0,0.4641016151377547,0.021852399266194367,0.3454915028125262,0.7225209339563144,5.551115123125783e-17,0.7999999999999999,0.9646736991261906,0.8235294117647057,0.7777777777777777,1.0,0.2727272727272727,0.7333333333333333,0.6666666666666666,1.0,0.4641016151377547,0.0,0.4477357683661729,0.27747906604368566,0.0,0.7999999999999999,0.9665826970007085,0.8235294117647057,0.7777777777777777,1.0,0.2727272727272727,0.7666666666666667,0.8333333333333333,1.0,0.4641016151377547,0.0,0.5522642316338265,0.0,0.3568958678922094
0.8571428571428571,0.8473785719908684,0.8823529411764705,0.8333333333333333,1.0,0.09090909090909091,0.7666666666666667,0.3333333333333333,0.75,0.9282032302755092,0.0,0.5522642316338265,1.0,0.3568958678922095,0.8571428571428571,0.849326930646304,0.8823529411764705,0.8333333333333333,1.0,0.09090909090909091,0.8,0.5,0.75,0.9282032302755092,0.02185239926619431,0.6545084971874736,0.7225209339563144,5.551115123125783e-17,0.8571428571428571,0.8513343304731165,0.8823529411764705,0.8333333333333333,1.0,0.09090909090909091,0.8333333333333334,0.6666666666666666,0.75,0.9282032302755092,0.06460214309120454,0.7499999999999997,0.27747906604368566,0.0,0.8571428571428571,0.8532630087380935,0.8823529411764705,0.8333333333333333,1.0,0.09090909090909091,0.8666666666666667,0.8333333333333333,0.75,0.9282032302755092,0.12638086253384767,0.8345653031794289,0.0,0.3568958678922094,0.8571428571428571,0.8552310477839882,0.8823529411764705,0.8333333333333333,1.0,0.09090909090909091,0.9,1.0,0.75,0.9282032302755092,0.20448853110729381,0.9045084971874737,0.0990311320975808,0.8019377358048383,0.8571428571428571,0.8571990868298829,0.8823529411764705,0.8333333333333333,1.0,0.1818181818181818,0.0,0.0,0.9330127018922193,0.7320508075688774,0.5,1.0,0.5,1.0,0.8571428571428571,0.859245847437613,0.8823529411764705,0.8333333333333333,1.0,0.1818181818181818,0.03333333333333333,0.16666666666666666,0.9330127018922193,0.7320508075688774,0.6045284632676534,0.9890738003669028,0.9009688679024191,0.8019377358048384,0.8571428571428571,0.8612926080453436,0.8823529411764705,0.8333333333333333,1.0,0.1818181818181818,0.06666666666666668,0.3333333333333333,0.9330127018922193,0.7320508075688774,0.7044885311072939,0.9567727288213004,1.0,0.3568958678922095,0.8571428571428571,0.863300007872156,0.8823529411764705,0.8333333333333333,1.0,0.1818181818181818,0.13333333333333333,0.6666666666666666,0.9330127018922193,0.7320508075688774,0.8736191374661522,0.8345653031794291,0.27747906604368566,0.0,0.8571428571428571,0.8653467684798866,0.8823529411764705,0.8333333333333333,1.0,0.1818181818181818,0.16666666666666669,0.8333333333333333,0.9330127018922193,0.7320508075688774,0.9353978569087953,0.75,0.0,0.3568958678922094,0.8571428571428571,0.8673935290876171,0.8823529411764705,0.8333333333333333,1.0,0.1818181818181818,0.2,1.0,0.9330127018922193,0.7320508075688774,0.9781476007338057,0.6545084971874737,0.0990311320975808,0.8019377358048383,1.0,0.8694599700858063,0.9999999999999999,1.0,1.0,0.1818181818181818,0.23333333333333334,0.0,0.9330127018922193,0.7320508075688774,1.0,0.5522642316338269,0.5,1.0,1.0,0.871546091474455,0.9999999999999999,1.0,1.0,0.1818181818181818,0.26666666666666666,0.16666666666666666,0.9330127018922193,0.7320508075688774,1.0,0.44773576836617335,0.9009688679024191,0.8019377358048384,0.8571428571428571,0.8736125324726443,0.8823529411764705,0.8333333333333333,1.0,0.1818181818181818,0.3,0.3333333333333333,0.9330127018922193,0.7320508075688774,0.9781476007338057,0.34549150281252633,1.0,0.3568958678922095,1.0,0.8756986538612925,0.9999999999999999,1.0,1.0,0.1818181818181818,0.3333333333333333,0.5,0.9330127018922193,0.7320508075688774,0.9353978569087953,0.2500000000000001,0.7225209339563144,5.551115123125783e-17,0.7999999999999999,0.8777847752499408,0.8235294117647057,0.7777777777777777,1.0,0.1818181818181818,0.3666666666666667,0.6666666666666666,0.9330127018922193,0.7320508075688774,0.8736191374661523,0.16543469682057105,0.27747906604368566,0.0,0.7999999999999999,0.8798512162481305,0.8235294117647057,0.7777777777777777,1.0,0.1818181818181818,0.4,0.8333333333333333,0.9330127018922193,0.7320508075688774,0.7955114688927061,0.09549150281252633,0.0,0.3568958678922094,0.7999999999999999,0.8819963788081555,0.8235294117647057,0.7777777777777777,1.0,0.1818181818181818,0.43333333333333335,1.0,0.9330127018922193,0.7320508075688774,0.704488531107294,0.04322727117869962,0.0990311320975808,0.8019377358048383,0.7999999999999999,0.8841218609777219,0.8235294117647057,0.7777777777777777,1.0,0.1818181818181818,0.4666666666666667,0.0,0.9330127018922193,0.7320508075688774,0.6045284632676536,0.010926199633097211,0.5,1.0,0.7999999999999999,0.8862867039282061,0.8235294117647057,0.7777777777777777,1.0,0.1818181818181818,0.5,0.16666666666666666,0.9330127018922193,0.7320508075688774,0.5000000000000001,0.0,0.9009688679024191,0.8019377358048384,0.7999999999999999,0.8884121860977721,0.8235294117647057,0.7777777777777777,1.0,0.1818181818181818,0.5333333333333333,0.3333333333333333,0.9330127018922193,0.7320508075688774,0.3954715367323467,0.010926199633097156,1.0,0.3568958678922095,0.7999999999999999,0.8905179878768794,0.8235294117647057,0.7777777777777777,1.0,0.1818181818181818,0.5666666666666667,0.5,0.9330127018922193,0.7320508075688774,0.29551146889270624,0.043227271178699456,0.7225209339563144,5.551115123125783e-17,0.7999999999999999,0.8926041092655277,0.8235294117647057,0.7777777777777777,1.0,0.1818181818181818,0.6,0.6666666666666666,0.9330127018922193,0.7320508075688774,0.20448853110729398,0.09549150281252627,0.27747906604368566,0.0,0.7999999999999999,0.894690230654176,0.8235294117647057,0.7777777777777777,1.0,0.1818181818181818,0.6333333333333333,0.8333333333333333,0.9330127018922193,0.7320508075688774,0.12638086253384795,0.16543469682057077,0.0,0.3568958678922094,0.7999999999999999,0.8968353932142015,0.8235294117647057,0.7777777777777777,1.0,0.1818181818181818,0.6666666666666666,1.0,0.9330127018922193,0.7320508075688774,0.06460214309120482,0.24999999999999978,0.0990311320975808,0.8019377358048383,0.7999999999999999,0.8989411949933088,0.8235294117647057,0.7777777777777777,1.0,0.1818181818181818,0.7,0.0,0.9330127018922193,0.7320508075688774,0.021852399266194367,0.3454915028125262,0.5,1.0,0.7999999999999999,0.9010469967724157,0.8235294117647057,0.7777777777777777,1.0,0.1818181818181818,0.7333333333333333,0.16666666666666666,0.9330127018922193,0.7320508075688774,0.0,0.4477357683661729,0.9009688679024191,0.8019377358048384,0.7999999999999999,0.9031331181610645,0.8235294117647057,0.7777777777777777,1.0,0.1818181818181818,0.7666666666666667,0.3333333333333333,0.9330127018922193,0.7320508075688774,0.0,0.5522642316338265,1.0,0.3568958678922095,0.7999999999999999,0.9052192395497127,0.8235294117647057,0.7777777777777777,1.0,0.1818181818181818,0.8,0.5,0.9330127018922193,0.7320508075688774,0.02185239926619431,0.6545084971874736,0.7225209339563144,5.551115123125783e-17,0.7999999999999999,0.9073250413288201,0.8235294117647057,0.7777777777777777,1.0,0.1818181818181818,0.8333333333333334,0.6666666666666666,0.9330127018922193,0.7320508075688774,0.06460214309120454,0.7499999999999997,0.27747906604368566,0.0,0.7999999999999999,0.9093914823270093,0.8235294117647057,0.7777777777777777,1.0,0.1818181818181818,0.8666666666666667,0.8333333333333333,0.9330127018922193,0.7320508075688774,0.12638086253384767,0.8345653031794289,0.0,0.3568958678922094,0.7999999999999999,0.9114776037156576,0.8235294117647057,0.7777777777777777,1.0,0.1818181818181818,0.9,1.0,0.9330127018922193,0.7320508075688774,0.20448853110729381,0.9045084971874737,0.0990311320975808,0.8019377358048383,0.7999999999999999,0.9135243643233881,0.8235294117647057,0.7777777777777777,1.0,0.1818181818181818,0.9333333333333333,0.0,0.9330127018922193,0.7320508075688774,0.2955114688927057,0.9567727288213003,0.5,1.0,0.7999999999999999,0.9155711249311187,0.8235294117647057,0.7777777777777777,1.0,0.1818181818181818,0.9666666666666667,0.16666666666666666,0.9330127018922193,0.7320508075688774,0.39547153673234625,0.9890738003669028,0.9009688679024191,0.8019377358048384,0.8571428571428571,0.917558844367472,0.8823529411764705,0.8333333333333333,1.0,0.1818181818181818,0.9999999999999999,0.3333333333333333,0.9330127018922193,0.7320508075688774,0.4999999999999999,1.0,1.0,0.3568958678922095,0.8571428571428571,0.9195662441942849,0.8823529411764705,0.8333333333333333,1.0,0.2727272727272727,0.0,0.5,1.0,0.4641016151377547,0.5,1.0,0.7225209339563144,5.551115123125783e-17,0.8571428571428571,0.9215146028497205,0.8823529411764705,0.8333333333333333,1.0,0.2727272727272727,0.03333333333333333,0.6666666666666666,1.0,0.4641016151377547,0.6045284632676534,0.9890738003669028,0.27747906604368566,0.0,0.8571428571428571,0.9235810438479097,0.8823529411764705,0.8333333333333333,1.0,0.2727272727272727,0.06666666666666668,0.8333333333333333,1.0,0.4641016151377547,0.7044885311072939,0.9567727288213004,0.0,0.3568958678922094,0.8571428571428571,0.9256474848460994,0.8823529411764705,0.8333333333333333,1.0,0.2727272727272727,0.1,1.0,1.0,0.4641016151377547,0.7955114688927061,0.9045084971874737,0.0990311320975808,0.8019377358048383,0.8571428571428571,0.9277139258442886,0.8823529411764705,0.8333333333333333,1.0,0.2727272727272727,0.13333333333333333,0.0,1.0,0.4641016151377547,0.8736191374661522,0.8345653031794291,0.5,1.0,0.8571428571428571,0.9297606864520191,0.8823529411764705,0.8333333333333333,1.0,0.2727272727272727,0.16666666666666669,0.16666666666666666,1.0,0.4641016151377547,0.9353978569087953,0.75,0.9009688679024191,0.8019377358048384,0.7999999999999999,0.9318468078406674,0.8235294117647057,0.7777777777777777,1.0,0.2727272727272727,0.2,0.3333333333333333,1.0,0.4641016151377547,0.9781476007338057,0.6545084971874737,1.0,0.3568958678922095,0.7999999999999999,0.9338542076674803,0.8235294117647057,0.7777777777777777,1.0,0.2727272727272727,0.23333333333333334,0.5,1.0,0.4641016151377547,1.0,0.5522642316338269,0.7225209339563144,5.551115123125783e-17,0.7428571428571428,0.9359403290561286,0.764705882352941,0.7222222222222221,1.0,0.2727272727272727,0.26666666666666666,0.6666666666666666,1.0,0.4641016151377547,1.0,0.44773576836617335,0.27747906604368566,0.0,0.7999999999999999,0.9380658112256945,0.8235294117647057,0.7777777777777777,1.0,0.2727272727272727,0.3,0.8333333333333333,1.0,0.4641016151377547,0.9781476007338057,0.34549150281252633,0.0,0.3568958678922094,0.7999999999999999,0.9401716130048019,0.8235294117647057,0.7777777777777777,1.0,0.2727272727272727,0.3333333333333333,1.0,1.0,0.4641016151377547,0.9353978569087953,0.2500000000000001,0.0990311320975808,0.8019377358048383,0.7999999999999999,0.9422774147839093,0.8235294117647057,0.7777777777777777,1.0,0.2727272727272727,0.3666666666666667,0.0,1.0,0.4641016151377547,0.8736191374661523,0.16543469682057105,0.5,1.0,0.7999999999999999,0.9443635361725575,0.8235294117647057,0.7777777777777777,1.0,0.2727272727272727,0.4,0.16666666666666666,1.0,0.4641016151377547,0.7955114688927061,0.09549150281252633,0.9009688679024191,0.8019377358048384,0.7999999999999999,0.9464496575612058,0.8235294117647057,0.7777777777777777,1.0,0.2727272727272727,0.43333333333333335,0.3333333333333333,1.0,0.4641016151377547,0.704488531107294,0.04322727117869962,1.0,0.3568958678922095,0.7999999999999999,0.9484964181689364,0.8235294117647057,0.7777777777777777,1.0,0.2727272727272727,0.4666666666666667,0.5,1.0,0.4641016151377547,0.6045284632676536,0.010926199633097211,0.7225209339563144,5.551115123125783e-17,0.7999999999999999,0.9505431787766669,0.8235294117647057,0.7777777777777777,1.0,0.2727272727272727,0.5,0.6666666666666666,1.0,0.4641016151377547,0.5000000000000001,0.0,0.27747906604368566,0.0,0.7999999999999999,0.9526293001653152,0.8235294117647057,0.7777777777777777,1.0,0.2727272727272727,0.5333333333333333,0.8333333333333333,1.0,0.4641016151377547,0.3954715367323467,0.010926199633097156,0.0,0.3568958678922094,0.7999999999999999,0.9547154215539635,0.8235294117647057,0.7777777777777777,1.0,0.2727272727272727,0.5666666666666667,1.0,1.0,0.4641016151377547,0.29551146889270624,0.043227271178699456,0.0990311320975808,0.8019377358048383,0.7999999999999999,0.956860584113989,0.8235294117647057,0.7777777777777777,1.0,0.2727272727272727,0.6,0.0,1.0,0.4641016151377547,0.20448853110729398,0.09549150281252627,0.5,1.0,0.7999999999999999,0.9588876643312605,0.8235294117647057,0.7777777777777777,1.0,0.2727272727272727,0.6333333333333333,0.16666666666666666,1.0,0.4641016151377547,0.12638086253384795,0.16543469682057077,0.9009688679024191,0.8019377358048384,0.7999999999999999,0.9608950641580729,0.8235294117647057,0.7777777777777777,1.0,0.2727272727272727,0.6666666666666666,0.3333333333333333,1.0,0.4641016151377547,0.06460214309120482,0.24999999999999978,1.0,0.3568958678922095,0.7999999999999999,0.9627843816421318,0.8235294117647057,0.7777777777777777,1.0,0.2727272727272727,0.7,0.5,1.0,0.4641016151377547,0.021852399266194367,0.3454915028125262,0.7225209339563144,5.551115123125783e-17,0.7999999999999999,0.9646736991261906,0.8235294117647057,0.7777777777777777,1.0,0.2727272727272727,0.7333333333333333,0.6666666666666666,1.0,0.4641016151377547,0.0,0.4477357683661729,0.27747906604368566,0.0,0.7999999999999999,0.9665826970007085,0.8235294117647057,0.7777777777777777,1.0,0.2727272727272727,0.7666666666666667,0.8333333333333333,1.0,0.4641016151377547,0.0,0.5522642316338265,0.0,0.3568958678922094,0.7999999999999999,0.968590096827521,0.8235294117647057,0.7777777777777777,1.0,0.2727272727272727,0.8,1.0,1.0,0.4641016151377547,0.02185239926619431,0.6545084971874736,0.0990311320975808,0.8019377358048383
0.8571428571428571,0.849326930646304,0.8823529411764705,0.8333333333333333,1.0,0.09090909090909091,0.8,0.5,0.75,0.9282032302755092,0.02185239926619431,0.6545084971874736,0.7225209339563144,5.551115123125783e-17,0.8571428571428571,0.8513343304731165,0.8823529411764705,0.8333333333333333,1.0,0.09090909090909091,0.8333333333333334,0.6666666666666666,0.75,0.9282032302755092,0.06460214309120454,0.7499999999999997,0.27747906604368566,0.0,0.8571428571428571,0.8532630087380935,0.8823529411764705,0.8333333333333333,1.0,0.09090909090909091,0.8666666666666667,0.8333333333333333,0.75,0.9282032302755092,0.12638086253384767,0.8345653031794289,0.0,0.3568958678922094,0.8571428571428571,0.8552310477839882,0.8823529411764705,0.8333333333333333,1.0,0.09090909090909091,0.9,1.0,0.75,0.9282032302755092,0.20448853110729381,0.9045084971874737,0.0990311320975808,0.8019377358048383,0.8571428571428571,0.8571990868298829,0.8823529411764705,0.8333333333333333,1.0,0.1818181818181818,0.0,0.0,0.9330127018922193,0.7320508075688774,0.5,1.0,0.5,1.0,0.8571428571428571,0.859245847437613,0.8823529411764705,0.8333333333333333,1.0,0.1818181818181818,0.03333333333333333,0.16666666666666666,0.9330127018922193,0.7320508075688774,0.6045284632676534,0.9890738003669028,0.9009688679024191,0.8019377358048384,0.8571428571428571,0.8612926080453436,0.8823529411764705,0.8333333333333333,1.0,0.1818181818181818,0.06666666666666668,0.3333333333333333,0.9330127018922193,0.7320508075688774,0.7044885311072939,0.9567727288213004,1.0,0.3568958678922095,0.8571428571428571,0.863300007872156,0.8823529411764705,0.8333333333333333,1.0,0.1818181818181818,0.13333333333333333,0.6666666666666666,0.9330127018922193,0.7320508075688774,0.8736191374661522,0.8345653031794291,0.27747906604368566,0.0,0.8571428571428571,0.8653467684798866,0.8823529411764705,0.8333333333333333,1.0,0.1818181818181818,0.16666666666666669,0.8333333333333333,0.9330127018922193,0.7320508075688774,0.9353978569087953,0.75,0.0,0.3568958678922094,0.8571428571428571,0.8673935290876171,0.8823529411764705,0.8333333333333333,1.0,0.1818181818181818,0.2,1.0,0.9330127018922193,0.7320508075688774,0.9781476007338057,0.6545084971874737,0.0990311320975808,0.8019377358048383,1.0,0.8694599700858063,0.9999999999999999,1.0,1.0,0.1818181818181818,0.23333333333333334,0.0,0.9330127018922193,0.7320508075688774,1.0,0.5522642316338269,0.5,1.0,1.0,0.871546091474455,0.9999999999999999,1.0,1.0,0.1818181818181818,0.26666666666666666,0.16666666666666666,0.9330127018922193,0.7320508075688774,1.0,0.44773576836617335,0.9009688679024191,0.8019377358048384,0.8571428571428571,0.8736125324726443,0.8823529411764705,0.8333333333333333,1.0,0.1818181818181818,0.3,0.3333333333333333,0.9330127018922193,0.7320508075688774,0.9781476007338057,0.34549150281252633,1.0,0.3568958678922095,1.0,0.8756986538612925,0.9999999999999999,1.0,1.0,0.1818181818181818,0.3333333333333333,0.5,0.9330127018922193,0.7320508075688774,0.9353978569087953,0.2500000000000001,0.7225209339563144,5.551115123125783e-17,0.7999999999999999,0.8777847752499408,0.8235294117647057,0.7777777777777777,1.0,0.1818181818181818,0.3666666666666667,0.6666666666666666,0.9330127018922193,0.7320508075688774,0.8736191374661523,0.16543469682057105,0.27747906604368566,0.0,0.7999999999999999,0.8798512162481305,0.8235294117647057,0.7777777777777777,1.0,0.1818181818181818,0.4,0.8333333333333333,0.9330127018922193,0.7320508075688774,0.7955114688927061,0.09549150281252633,0.0,0.3568958678922094,0.7999999999999999,0.8819963788081555,0.8235294117647057,0.7777777777777777,1.0,0.1818181818181818,0.43333333333333335,1.0,0.9330127018922193,0.7320508075688774,0.704488531107294,0.04322727117869962,0.0990311320975808,0.8019377358048383,0.7999999999999999,0.8841218609777219,0.8235294117647057,0.7777777777777777,1.0,0.1818181818181818,0.4666666666666667,0.0,0.9330127018922193,0.7320508075688774,0.6045284632676536,0.010926199633097211,0.5,1.0,0.7999999999999999,0.8862867039282061,0.8235294117647057,0.7777777777777777,1.0,0.1818181818181818,0.5,0.16666666666666666,0.9330127018922193,0.7320508075688774,0.5000000000000001,0.0,0.9009688679024191,0.8019377358048384,0.7999999999999999,0.8884121860977721,0.8235294117647057,0.7777777777777777,1.0,0.1818181818181818,0.5333333333333333,0.3333333333333333,0.9330127018922193,0.7320508075688774,0.3954715367323467,0.010926199633097156,1.0,0.3568958678922095,0.7999999999999999,0.8905179878768794,0.8235294117647057,0.7777777777777777,1.0,0.1818181818181818,0.5666666666666667,0.5,0.9330127018922193,0.7320508075688774,0.29551146889270624,0.043227271178699456,0.7225209339563144,5.551115123125783e-17,0.7999999999999999,0.8926041092655277,0.8235294117647057,0.7777777777777777,1.0,0.1818181818181818,0.6,0.6666666666666666,0.9330127018922193,0.7320508075688774,0.20448853110729398,0.09549150281252627,0.27747906604368566,0.0,0.7999999999999999,0.894690230654176,0.8235294117647057,0.7777777777777777,1.0,0.1818181818181818,0.6333333333333333,0.8333333333333333,0.9330127018922193,0.7320508075688774,0.12638086253384795,0.16543469682057077,0.0,0.3568958678922094,0.7999999999999999,0.8968353932142015,0.8235294117647057,0.7777777777777777,1.0,0.1818181818181818,0.6666666666666666,1.0,0.9330127018922193,0.7320508075688774,0.06460214309120482,0.24999999999999978,0.0990311320975808,0.8019377358048383,0.7999999999999999,0.8989411949933088,0.8235294117647057,0.7777777777777777,1.0,0.1818181818181818,0.7,0.0,0.9330127018922193,0.7320508075688774,0.021852399266194367,0.3454915028125262,0.5,1.0,0.7999999999999999,0.9010469967724157,0.8235294117647057,0.7777777777777777,1.0,0.1818181818181818,0.7333333333333333,0.16666666666666666,0.9330127018922193,0.7320508075688774,0.0,0.4477357683661729,0.9009688679024191,0.8019377358048384,0.7999999999999999,0.9031331181610645,0.8235294117647057,0.7777777777777777,1.0,0.1818181818181818,0.7666666666666667,0.3333333333333333,0.9330127018922193,0.7320508075688774,0.0,0.5522642316338265,1.0,0.3568958678922095,0.7999999999999999,0.9052192395497127,0.8235294117647057,0.7777777777777777,1.0,0.1818181818181818,0.8,0.5,0.9330127018922193,0.7320508075688774,0.02185239926619431,0.6545084971874736,0.7225209339563144,5.551115123125783e-17,0.7999999999999999,0.9073250413288201,0.8235294117647057,0.7777777777777777,1.0,0.1818181818181818,0.8333333333333334,0.6666666666666666,0.9330127018922193,0.7320508075688774,0.06460214309120454,0.7499999999999997,0.27747906604368566,0.0,0.7999999999999999,0.9093914823270093,0.8235294117647057,0.7777777777777777,1.0,0.1818181818181818,0.8666666666666667,0.8333333333333333,0.9330127018922193,0.7320508075688774,0.12638086253384767,0.8345653031794289,0.0,0.3568958678922094,0.7999999999999999,0.9114776037156576,0.8235294117647057,0.7777777777777777,1.0,0.1818181818181818,0.9,1.0,0.9330127018922193,0.7320508075688774,0.20448853110729381,0.9045084971874737,0.0990311320975808,0.8019377358048383,0.7999999999999999,0.9135243643233881,0.8235294117647057,0.7777777777777777,1.0,0.1818181818181818,0.9333333333333333,0.0,0.9330127018922193,0.7320508075688774,0.2955114688927057,0.9567727288213003,0.5,1.0,0.7999999999999999,0.9155711249311187,0.8235294117647057,0.7777777777777777,1.0,0.1818181818181818,0.9666666666666667,0.16666666666666666,0.9330127018922193,0.7320508075688774,0.39547153673234625,0.9890738003669028,0.9009688679024191,0.8019377358048384,0.8571428571428571,0.917558844367472,0.8823529411764705,0.8333333333333333,1.0,0.1818181818181818,0.9999999999999999,0.3333333333333333,0.9330127018922193,0.7320508075688774,0.4999999999999999,1.0,1.0,0.3568958678922095,0.8571428571428571,0.9195662441942849,0.8823529411764705,0.8333333333333333,1.0,0.2727272727272727,0.0,0.5,1.0,0.4641016151377547,0.5,1.0,0.7225209339563144,5.551115123125783e-17,0.8571428571428571,0.9215146028497205,0.8823529411764705,0.8333333333333333,1.0,0.2727272727272727,0.03333333333333333,0.6666666666666666,1.0,0.4641016151377547,0.6045284632676534,0.9890738003669028,0.27747906604368566,0.0,0.8571428571428571,0.9235810438479097,0.8823529411764705,0.8333333333333333,1.0,0.2727272727272727,0.06666666666666668,0.8333333333333333,1.0,0.4641016151377547,0.7044885311072939,0.9567727288213004,0.0,0.3568958678922094,0.8571428571428571,0.9256474848460994,0.8823529411764705,0.8333333333333333,1.0,0.2727272727272727,0.1,1.0,1.0,0.4641016151377547,0.7955114688927061,0.9045084971874737,0.0990311320975808,0.8019377358048383,0.8571428571428571,0.9277139258442886,0.8823529411764705,0.8333333333333333,1.0,0.2727272727272727,0.13333333333333333,0.0,1.0,0.4641016151377547,0.8736191374661522,0.8345653031794291,0.5,1.0,0.8571428571428571,0.9297606864520191,0.8823529411764705,0.8333333333333333,1.0,0.2727272727272727,0.16666666666666669,0.16666666666666666,1.0,0.4641016151377547,0.9353978569087953,0.75,0.9009688679024191,0.8019377358048384,0.7999999999999999,0.9318468078406674,0.8235294117647057,0.7777777777777777,1.0,0.2727272727272727,0.2,0.3333333333333333,1.0,0.4641016151377547,0.9781476007338057,0.6545084971874737,1.0,0.3568958678922095,0.7999999999999999,0.9338542076674803,0.8235294117647057,0.7777777777777777,1.0,0.2727272727272727,0.23333333333333334,0.5,1.0,0.4641016151377547,1.0,0.5522642316338269,0.7225209339563144,5.551115123125783e-17,0.7428571428571428,0.9359403290561286,0.764705882352941,0.7222222222222221,1.0,0.2727272727272727,0.26666666666666666,0.6666666666666666,1.0,0.4641016151377547,1.0,0.44773576836617335,0.27747906604368566,0.0,0.7999999999999999,0.9380658112256945,0.8235294117647057,0.7777777777777777,1.0,0.2727272727272727,0.3,0.8333333333333333,1.0,0.4641016151377547,0.9781476007338057,0.34549150281252633,0.0,0.3568958678922094,0.7999999999999999,0.9401716130048019,0.8235294117647057,0.7777777777777777,1.0,0.2727272727272727,0.3333333333333333,1.0,1.0,0.4641016151377547,0.9353978569087953,0.2500000000000001,0.0990311320975808,0.8019377358048383,0.7999999999999999,0.9422774147839093,0.8235294117647057,0.7777777777777777,1.0,0.2727272727272727,0.3666666666666667,0.0,1.0,0.4641016151377547,0.8736191374661523,0.16543469682057105,0.5,1.0,0.7999999999999999,0.9443635361725575,0.8235294117647057,0.7777777777777777,1.0,0.2727272727272727,0.4,0.16666666666666666,1.0,0.4641016151377547,0.7955114688927061,0.09549150281252633,0.9009688679024191,0.8019377358048384,0.7999999999999999,0.9464496575612058,0.8235294117647057,0.7777777777777777,1.0,0.2727272727272727,0.43333333333333335,0.3333333333333333,1.0,0.4641016151377547,0.704488531107294,0.04322727117869962,1.0,0.3568958678922095,0.7999999999999999,0.9484964181689364,0.8235294117647057,0.7777777777777777,1.0,0.2727272727272727,0.4666666666666667,0.5,1.0,0.4641016151377547,0.6045284632676536,0.010926199633097211,0.7225209339563144,5.551115123125783e-17,0.7999999999999999,0.9505431787766669,0.8235294117647057,0.7777777777777777,1.0,0.2727272727272727,0.5,0.6666666666666666,1.0,0.4641016151377547,0.5000000000000001,0.0,0.27747906604368566,0.0,0.7999999999999999,0.9526293001653152,0.8235294117647057,0.7777777777777777,1.0,0.2727272727272727,0.5333333333333333,0.8333333333333333,1.0,0.4641016151377547,0.3954715367323467,0.010926199633097156,0.0,0.3568958678922094,0.7999999999999999,0.9547154215539635,0.8235294117647057,0.7777777777777777,1.0,0.2727272727272727,0.5666666666666667,1.0,1.0,0.4641016151377547,0.29551146889270624,0.043227271178699456,0.0990311320975808,0.8019377358048383,0.7999999999999999,0.956860584113989,0.8235294117647057,0.7777777777777777,1.0,0.2727272727272727,0.6,0.0,1.0,0.4641016151377547,0.20448853110729398,0.09549150281252627,0.5,1.0,0.7999999999999999,0.9588876643312605,0.8235294117647057,0.7777777777777777,1.0,0.2727272727272727,0.6333333333333333,0.16666666666666666,1.0,0.4641016151377547,0.12638086253384795,0.16543469682057077,0.9009688679024191,0.8019377358048384,0.7999999999999999,0.9608950641580729,0.8235294117647057,0.7777777777777777,1.0,0.2727272727272727,0.6666666666666666,0.3333333333333333,1.0,0.4641016151377547,0.06460214309120482,0.24999999999999978,1.0,0.3568958678922095,0.7999999999999999,0.9627843816421318,0.8235294117647057,0.7777777777777777,1.0,0.2727272727272727,0.7,0.5,1.0,0.4641016151377547,0.021852399266194367,0.3454915028125262,0.7225209339563144,5.551115123125783e-17,0.7999999999999999,0.9646736991261906,0.8235294117647057,0.7777777777777777,1.0,0.2727272727272727,0.7333333333333333,0.6666666666666666,1.0,0.4641016151377547,0.0,0.4477357683661729,0.27747906604368566,0.0,0.7999999999999999,0.9665826970007085,0.8235294117647057,0.7777777777777777,1.0,0.2727272727272727,0.7666666666666667,0.8333333333333333,1.0,0.4641016151377547,0.0,0.5522642316338265,0.0,0.3568958678922094,0.7999999999999999,0.968590096827521,0.8235294117647057,0.7777777777777777,1.0,0.2727272727272727,0.8,1.0,1.0,0.4641016151377547,0.02185239926619431,0.6545084971874736,0.0990311320975808,0.8019377358048383,0.8571428571428571,0.9706368574352515,0.8823529411764705,0.8333333333333333,1.0,0.2727272727272727,0.8333333333333334,0.0,1.0,0.4641016151377547,0.06460214309120454,0.7499999999999997,0.5,1.0
0.8571428571428571,0.8513343304731165,0.8823529411764705,0.8333333333333333,1.0,0.09090909090909091,0.8333333333333334,0.6666666666666666,0.75,0.9282032302755092,0.06460214309120454,0.7499999999999997,0.27747906604368566,0.0,0.8571428571428571,0.8532630087380935,0.8823529411764705,0.8333333333333333,1.0,0.09090909090909091,0.8666666666666667,0.8333333333333333,0.75,0.9282032302755092,0.12638086253384767,0.8345653031794289,0.0,0.3568958678922094,0.8571428571428571,0.8552310477839882,0.8823529411764705,0.8333333333333333,1.0,0.09090909090909091,0.9,1.0,0.75,0.9282032302755092,0.20448853110729381,0.9045084971874737,0.0990311320975808,0.8019377358048383,0.8571428571428571,0.8571990868298829,0.8823529411764705,0.8333333333333333,1.0,0.1818181818181818,0.0,0.0,0.9330127018922193,0.7320508075688774,0.5,1.0,0.5,1.0,0.8571428571428571,0.859245847437613,0.8823529411764705,0.8333333333333333,1.0,0.1818181818181818,0.03333333333333333,0.16666666666666666,0.9330127018922193,0.7320508075688774,0.6045284632676534,0.9890738003669028,0.9009688679024191,0.8019377358048384,0.8571428571428571,0.8612926080453436,0.8823529411764705,0.8333333333333333,1.0,0.1818181818181818,0.06666666666666668,0.3333333333333333,0.9330127018922193,0.7320508075688774,0.7044885311072939,0.9567727288213004,1.0,0.3568958678922095,0.8571428571428571,0.863300007872156,0.8823529411764705,0.8333333333333333,1.0,0.1818181818181818,0.13333333333333333,0.6666666666666666,0.9330127018922193,0.7320508075688774,0.8736191374661522,0.8345653031794291,0.27747906604368566,0.0,0.8571428571428571,0.8653467684798866,0.8823529411764705,0.8333333333333333,1.0,0.1818181818181818,0.16666666666666669,0.8333333333333333,0.9330127018922193,0.7320508075688774,0.9353978569087953,0.75,0.0,0.3568958678922094,0.8571428571428571,0.8673935290876171,0.8823529411764705,0.8333333333333333,1.0,0.1818181818181818,0.2,1.0,0.9330127018922193,0.7320508075688774,0.9781476007338057,0.6545084971874737,0.0990311320975808,0.8019377358048383,1.0,0.8694599700858063,0.9999999999999999,1.0,1.0,0.1818181818181818,0.23333333333333334,0.0,0.9330127018922193,0.7320508075688774,1.0,0.5522642316338269,0.5,1.0,1.0,0.871546091474455,0.9999999999999999,1.0,1.0,0.1818181818181818,0.26666666666666666,0.16666666666666666,0.9330127018922193,0.7320508075688774,1.0,0.44773576836617335,0.9009688679024191,0.8019377358048384,0.8571428571428571,0.8736125324726443,0.8823529411764705,0.8333333333333333,1.0,0.1818181818181818,0.3,0.3333333333333333,0.9330127018922193,0.7320508075688774,0.9781476007338057,0.34549150281252633,1.0,0.3568958678922095,1.0,0.8756986538612925,0.9999999999999999,1.0,1.0,0.1818181818181818,0.3333333333333333,0.5,0.9330127018922193,0.7320508075688774,0.9353978569087953,0.2500000000000001,0.7225209339563144,5.551115123125783e-17,0.7999999999999999,0.8777847752499408,0.8235294117647057,0.7777777777777777,1.0,0.1818181818181818,0.3666666666666667,0.6666666666666666,0.9330127018922193,0.7320508075688774,0.8736191374661523,0.16543469682057105,0.27747906604368566,0.0,0.7999999999999999,0.8798512162481305,0.8235294117647057,0.7777777777777777,1.0,0.1818181818181818,0.4,0.8333333333333333,0.9330127018922193,0.7320508075688774,0.7955114688927061,0.09549150281252633,0.0,0.3568958678922094,0.7999999999999999,0.8819963788081555,0.8235294117647057,0.7777777777777777,1.0,0.1818181818181818,0.43333333333333335,1.0,0.9330127018922193,0.7320508075688774,0.704488531107294,0.04322727117869962,0.0990311320975808,0.8019377358048383,0.7999999999999999,0.8841218609777219,0.8235294117647057,0.7777777777777777,1.0,0.1818181818181818,0.4666666666666667,0.0,0.9330127018922193,0.7320508075688774,0.6045284632676536,0.010926199633097211,0.5,1.0,0.7999999999999999,0.8862867039282061,0.8235294117647057,0.7777777777777777,1.0,0.1818181818181818,0.5,0.16666666666666666,0.9330127018922193,0.7320508075688774,0.5000000000000001,0.0,0.9009688679024191,0.8019377358048384,0.7999999999999999,0.8884121860977721,0.8235294117647057,0.7777777777777777,1.0,0.1818181818181818,0.5333333333333333,0.3333333333333333,0.9330127018922193,0.7320508075688774,0.3954715367323467,0.010926199633097156,1.0,0.3568958678922095,0.7999999999999999,0.8905179878768794,0.8235294117647057,0.7777777777777777,1.0,0.1818181818181818,0.5666666666666667,0.5,0.9330127018922193,0.7320508075688774,0.29551146889270624,0.043227271178699456,0.7225209339563144,5.551115123125783e-17,0.7999999999999999,0.8926041092655277,0.8235294117647057,0.7777777777777777,1.0,0.1818181818181818,0.6,0.6666666666666666,0.9330127018922193,0.7320508075688774,0.20448853110729398,0.09549150281252627,0.27747906604368566,0.0,0.7999999999999999,0.894690230654176,0.8235294117647057,0.7777777777777777,1.0,0.1818181818181818,0.6333333333333333,0.8333333333333333,0.9330127018922193,0.7320508075688774,0.12638086253384795,0.16543469682057077,0.0,0.3568958678922094,0.7999999999999999,0.8968353932142015,0.8235294117647057,0.7777777777777777,1.0,0.1818181818181818,0.6666666666666666,1.0,0.9330127018922193,0.7320508075688774,0.06460214309120482,0.24999999999999978,0.0990311320975808,0.8019377358048383,0.7999999999999999,0.8989411949933088,0.8235294117647057,0.7777777777777777,1.0,0.1818181818181818,0.7,0.0,0.9330127018922193,0.7320508075688774,0.021852399266194367,0.3454915028125262,0.5,1.0,0.7999999999999999,0.9010469967724157,0.8235294117647057,0.7777777777777777,1.0,0.1818181818181818,0.7333333333333333,0.16666666666666666,0.9330127018922193,0.7320508075688774,0.0,0.4477357683661729,0.9009688679024191,0.8019377358048384,0.7999999999999999,0.9031331181610645,0.8235294117647057,0.7777777777777777,1.0,0.1818181818181818,0.7666666666666667,0.3333333333333333,0.9330127018922193,0.7320508075688774,0.0,0.5522642316338265,1.0,0.3568958678922095,0.7999999999999999,0.9052192395497127,0.8235294117647057,0.7777777777777777,1.0,0.1818181818181818,0.8,0.5,0.9330127018922193,0.7320508075688774,0.02185239926619431,0.6545084971874736,0.7225209339563144,5.551115123125783e-17,0.7999999999999999,0.9073250413288201,0.8235294117647057,0.7777777777777777,1.0,0.1818181818181818,0.8333333333333334,0.6666666666666666,0.9330127018922193,0.7320508075688774,0.06460214309120454,0.7499999999999997,0.27747906604368566,0.0,0.7999999999999999,0.9093914823270093,0.8235294117647057,0.7777777777777777,1.0,0.1818181818181818,0.8666666666666667,0.8333333333333333,0.9330127018922193,0.7320508075688774,0.12638086253384767,0.8345653031794289,0.0,0.3568958678922094,0.7999999999999999,0.9114776037156576,0.8235294117647057,0.7777777777777777,1.0,0.1818181818181818,0.9,1.0,0.9330127018922193,0.7320508075688774,0.20448853110729381,0.9045084971874737,0.0990311320975808,0.8019377358048383,0.7999999999999999,0.9135243643233881,0.8235294117647057,0.7777777777777777,1.0,0.1818181818181818,0.9333333333333333,0.0,0.9330127018922193,0.7320508075688774,0.2955114688927057,0.9567727288213003,0.5,1.0,0.7999999999999999,0.9155711249311187,0.8235294117647057,0.7777777777777777,1.0,0.1818181818181818,0.9666666666666667,0.16666666666666666,0.9330127018922193,0.7320508075688774,0.39547153673234625,0.9890738003669028,0.9009688679024191,0.8019377358048384,0.8571428571428571,0.917558844367472,0.8823529411764705,0.8333333333333333,1.0,0.1818181818181818,0.9999999999999999,0.3333333333333333,0.9330127018922193,0.7320508075688774,0.4999999999999999,1.0,1.0,0.3568958678922095,0.8571428571428571,0.9195662441942849,0.8823529411764705,0.8333333333333333,1.0,0.2727272727272727,0.0,0.5,1.0,0.4641016151377547,0.5,1.0,0.7225209339563144,5.551115123125783e-17,0.8571428571428571,0.9215146028497205,0.8823529411764705,0.8333333333333333,1.0,0.2727272727272727,0.03333333333333333,0.6666666666666666,1.0,0.4641016151377547,0.6045284632676534,0.9890738003669028,0.27747906604368566,0.0,0.8571428571428571,0.9235810438479097,0.8823529411764705,0.8333333333333333,1.0,0.2727272727272727,0.06666666666666668,0.8333333333333333,1.0,0.4641016151377547,0.7044885311072939,0.9567727288213004,0.0,0.3568958678922094,0.8571428571428571,0.9256474848460994,0.8823529411764705,0.8333333333333333,1.0,0.2727272727272727,0.1,1.0,1.0,0.4641016151377547,0.7955114688927061,0.9045084971874737,0.0990311320975808,0.8019377358048383,0.8571428571428571,0.9277139258442886,0.8823529411764705,0.8333333333333333,1.0,0.2727272727272727,0.13333333333333333,0.0,1.0,0.4641016151377547,0.8736191374661522,0.8345653031794291,0.5,1.0,0.8571428571428571,0.9297606864520191,0.8823529411764705,0.8333333333333333,1.0,0.2727272727272727,0.16666666666666669,0.16666666666666666,1.0,0.4641016151377547,0.9353978569087953,0.75,0.9009688679024191,0.8019377358048384,0.7999999999999999,0.9318468078406674,0.8235294117647057,0.7777777777777777,1.0,0.2727272727272727,0.2,0.3333333333333333,1.0,0.4641016151377547,0.9781476007338057,0.6545084971874737,1.0,0.3568958678922095,0.7999999999999999,0.9338542076674803,0.8235294117647057,0.7777777777777777,1.0,0.2727272727272727,0.23333333333333334,0.5,1.0,0.4641016151377547,1.0,0.5522642316338269,0.7225209339563144,5.551115123125783e-17,0.7428571428571428,0.9359403290561286,0.764705882352941,0.7222222222222221,1.0,0.2727272727272727,0.26666666666666666,0.6666666666666666,1.0,0.4641016151377547,1.0,0.44773576836617335,0.27747906604368566,0.0,0.7999999999999999,0.9380658112256945,0.8235294117647057,0.7777777777777777,1.0,0.2727272727272727,0.3,0.8333333333333333,1.0,0.4641016151377547,0.9781476007338057,0.34549150281252633,0.0,0.3568958678922094,0.7999999999999999,0.9401716130048019,0.8235294117647057,0.7777777777777777,1.0,0.2727272727272727,0.3333333333333333,1.0,1.0,0.4641016151377547,0.9353978569087953,0.2500000000000001,0.0990311320975808,0.8019377358048383,0.7999999999999999,0.9422774147839093,0.8235294117647057,0.7777777777777777,1.0,0.2727272727272727,0.3666666666666667,0.0,1.0,0.4641016151377547,0.8736191374661523,0.16543469682057105,0.5,1.0,0.7999999999999999,0.9443635361725575,0.8235294117647057,0.7777777777777777,1.0,0.2727272727272727,0.4,0.16666666666666666,1.0,0.4641016151377547,0.7955114688927061,0.09549150281252633,0.9009688679024191,0.8019377358048384,0.7999999999999999,0.9464496575612058,0.8235294117647057,0.7777777777777777,1.0,0.2727272727272727,0.43333333333333335,0.3333333333333333,1.0,0.4641016151377547,0.704488531107294,0.04322727117869962,1.0,0.3568958678922095,0.7999999999999999,0.9484964181689364,0.8235294117647057,0.7777777777777777,1.0,0.2727272727272727,0.4666666666666667,0.5,1.0,0.4641016151377547,0.6045284632676536,0.010926199633097211,0.7225209339563144,5.551115123125783e-17,0.7999999999999999,0.9505431787766669,0.8235294117647057,0.7777777777777777,1.0,0.2727272727272727,0.5,0.6666666666666666,1.0,0.4641016151377547,0.5000000000000001,0.0,0.27747906604368566,0.0,0.7999999999999999,0.9526293001653152,0.8235294117647057,0.7777777777777777,1.0,0.2727272727272727,0.5333333333333333,0.8333333333333333,1.0,0.4641016151377547,0.3954715367323467,0.010926199633097156,0.0,0.3568958678922094,0.7999999999999999,0.9547154215539635,0.8235294117647057,0.7777777777777777,1.0,0.2727272727272727,0.5666666666666667,1.0,1.0,0.4641016151377547,0.29551146889270624,0.043227271178699456,0.0990311320975808,0.8019377358048383,0.7999999999999999,0.956860584113989,0.8235294117647057,0.7777777777777777,1.0,0.2727272727272727,0.6,0.0,1.0,0.4641016151377547,0.20448853110729398,0.09549150281252627,0.5,1.0,0.7999999999999999,0.9588876643312605,0.8235294117647057,0.7777777777777777,1.0,0.2727272727272727,0.6333333333333333,0.16666666666666666,1.0,0.4641016151377547,0.12638086253384795,0.16543469682057077,0.9009688679024191,0.8019377358048384,0.7999999999999999,0.9608950641580729,0.8235294117647057,0.7777777777777777,1.0,0.2727272727272727,0.6666666666666666,0.3333333333333333,1.0,0.4641016151377547,0.06460214309120482,0.24999999999999978,1.0,0.3568958678922095,0.7999999999999999,0.9627843816421318,0.8235294117647057,0.7777777777777777,1.0,0.2727272727272727,0.7,0.5,1.0,0.4641016151377547,0.021852399266194367,0.3454915028125262,0.7225209339563144,5.551115123125783e-17,0.7999999999999999,0.9646736991261906,0.8235294117647057,0.7777777777777777,1.0,0.2727272727272727,0.7333333333333333,0.6666666666666666,1.0,0.4641016151377547,0.0,0.4477357683661729,0.27747906604368566,0.0,0.7999999999999999,0.9665826970007085,0.8235294117647057,0.7777777777777777,1.0,0.2727272727272727,0.7666666666666667,0.8333333333333333,1.0,0.4641016151377547,0.0,0.5522642316338265,0.0,0.3568958678922094,0.7999999999999999,0.968590096827521,0.8235294117647057,0.7777777777777777,1.0,0.2727272727272727,0.8,1.0,1.0,0.4641016151377547,0.02185239926619431,0.6545084971874736,0.0990311320975808,0.8019377358048383,0.8571428571428571,0.9706368574352515,0.8823529411764705,0.8333333333333333,1.0,0.2727272727272727,0.8333333333333334,0.0,1.0,0.4641016151377547,0.06460214309120454,0.7499999999999997,0.5,1.0,0.8571428571428571,0.9726836180429821,0.8823529411764705,0.8333333333333333,1.0,0.2727272727272727,0.8666666666666667,0.16666666666666666,1.0,0.4641016151377547,0.12638086253384767,0.8345653031794289,0.9009688679024191,0.8019377358048384
0.8571428571428571,0.8532630087380935,0.8823529411764705,0.8333333333333333,1.0,0.09090909090909091,0.8666666666666667,0.8333333333333333,0.75,0.9282032302755092,0.12638086253384767,0.8345653031794289,0.0,0.3568958678922094,0.8571428571428571,0.8552310477839882,0.8823529411764705,0.8333333333333333,1.0,0.09090909090909091,0.9,1.0,0.75,0.9282032302755092,0.20448853110729381,0.9045084971874737,0.0990311320975808,0.8019377358048383,0.8571428571428571,0.8571990868298829,0.8823529411764705,0.8333333333333333,1.0,0.1818181818181818,0.0,0.0,0.9330127018922193,0.7320508075688774,0.5,1.0,0.5,1.0,0.8571428571428571,0.859245847437613,0.8823529411764705,0.8333333333333333,1.0,0.1818181818181818,0.03333333333333333,0.16666666666666666,0.9330127018922193,0.7320508075688774,0.6045284632676534,0.9890738003669028,0.9009688679024191,0.8019377358048384,0.8571428571428571,0.8612926080453436,0.8823529411764705,0.8333333333333333,1.0,0.1818181818181818,0.06666666666666668,0.3333333333333333,0.9330127018922193,0.7320508075688774,0.7044885311072939,0.9567727288213004,1.0,0.3568958678922095,0.8571428571428571,0.863300007872156,0.8823529411764705,0.8333333333333333,1.0,0.1818181818181818,0.13333333333333333,0.6666666666666666,0.9330127018922193,0.7320508075688774,0.8736191374661522,0.8345653031794291,0.27747906604368566,0.0,0.8571428571428571,0.8653467684798866,0.8823529411764705,0.8333333333333333,1.0,0.1818181818181818,0.16666666666666669,0.8333333333333333,0.9330127018922193,0.7320508075688774,0.9353978569087953,0.75,0.0,0.3568958678922094,0.8571428571428571,0.8673935290876171,0.8823529411764705,0.8333333333333333,1.0,0.1818181818181818,0.2,1.0,0.9330127018922193,0.7320508075688774,0.9781476007338057,0.6545084971874737,0.0990311320975808,0.8019377358048383,1.0,0.8694599700858063,0.9999999999999999,1.0,1.0,0.1818181818181818,0.23333333333333334,0.0,0.9330127018922193,0.7320508075688774,1.0,0.5522642316338269,0.5,1.0,1.0,0.871546091474455,0.9999999999999999,1.0,1.0,0.1818181818181818,0.26666666666666666,0.16666666666666666,0.9330127018922193,0.7320508075688774,1.0,0.44773576836617335,0.9009688679024191,0.8019377358048384,0.8571428571428571,0.8736125324726443,0.8823529411764705,0.8333333333333333,1.0,0.1818181818181818,0.3,0.3333333333333333,0.9330127018922193,0.7320508075688774,0.9781476007338057,0.34549150281252633,1.0,0.3568958678922095,1.0,0.8756986538612925,0.9999999999999999,1.0,1.0,0.1818181818181818,0.3333333333333333,0.5,0.9330127018922193,0.7320508075688774,0.9353978569087953,0.2500000000000001,0.7225209339563144,5.551115123125783e-17,0.7999999999999999,0.8777847752499408,0.8235294117647057,0.7777777777777777,1.0,0.1818181818181818,0.3666666666666667,0.6666666666666666,0.9330127018922193,0.7320508075688774,0.8736191374661523,0.16543469682057105,0.27747906604368566,0.0,0.7999999999999999,0.8798512162481305,0.8235294117647057,0.7777777777777777,1.0,0.1818181818181818,0.4,0.8333333333333333,0.9330127018922193,0.7320508075688774,0.7955114688927061,0.09549150281252633,0.0,0.3568958678922094,0.7999999999999999,0.8819963788081555,0.8235294117647057,0.7777777777777777,1.0,0.1818181818181818,0.43333333333333335,1.0,0.9330127018922193,0.7320508075688774,0.704488531107294,0.04322727117869962,0.0990311320975808,0.8019377358048383,0.7999999999999999,0.8841218609777219,0.8235294117647057,0.7777777777777777,1.0,0.1818181818181818,0.4666666666666667,0.0,0.9330127018922193,0.7320508075688774,0.6045284632676536,0.010926199633097211,0.5,1.0,0.7999999999999999,0.8862867039282061,0.8235294117647057,0.7777777777777777,1.0,0.1818181818181818,0.5,0.16666666666666666,0.9330127018922193,0.7320508075688774,0.5000000000000001,0.0,0.9009688679024191,0.8019377358048384,0.7999999999999999,0.8884121860977721,0.8235294117647057,0.7777777777777777,1.0,0.1818181818181818,0.5333333333333333,0.3333333333333333,0.9330127018922193,0.7320508075688774,0.3954715367323467,0.010926199633097156,1.0,0.3568958678922095,0.7999999999999999,0.8905179878768794,0.8235294117647057,0.7777777777777777,1.0,0.1818181818181818,0.5666666666666667,0.5,0.9330127018922193,0.7320508075688774,0.29551146889270624,0.043227271178699456,0.7225209339563144,5.551115123125783e-17,0.7999999999999999,0.8926041092655277,0.8235294117647057,0.7777777777777777,1.0,0.1818181818181818,0.6,0.6666666666666666,0.9330127018922193,0.7320508075688774,0.20448853110729398,0.09549150281252627,0.27747906604368566,0.0,0.7999999999999999,0.894690230654176,0.8235294117647057,0.7777777777777777,1.0,0.1818181818181818,0.6333333333333333,0.8333333333333333,0.9330127018922193,0.7320508075688774,0.12638086253384795,0.16543469682057077,0.0,0.3568958678922094,0.7999999999999999,0.8968353932142015,0.8235294117647057,0.7777777777777777,1.0,0.1818181818181818,0.6666666666666666,1.0,0.9330127018922193,0.7320508075688774,0.06460214309120482,0.24999999999999978,0.0990311320975808,0.8019377358048383,0.7999999999999999,0.8989411949933088,0.8235294117647057,0.7777777777777777,1.0,0.1818181818181818,0.7,0.0,0.9330127018922193,0.7320508075688774,0.021852399266194367,0.3454915028125262,0.5,1.0,0.7999999999999999,0.9010469967724157,0.8235294117647057,0.7777777777777777,1.0,0.1818181818181818,0.7333333333333333,0.16666666666666666,0.9330127018922193,0.7320508075688774,0.0,0.4477357683661729,0.9009688679024191,0.8019377358048384,0.7999999999999999,0.9031331181610645,0.8235294117647057,0.7777777777777777,1.0,0.1818181818181818,0.7666666666666667,0.3333333333333333,0.9330127018922193,0.7320508075688774,0.0,0.5522642316338265,1.0,0.3568958678922095,0.7999999999999999,0.9052192395497127,0.8235294117647057,0.7777777777777777,1.0,0.1818181818181818,0.8,0.5,0.9330127018922193,0.7320508075688774,0.02185239926619431,0.6545084971874736,0.7225209339563144,5.551115123125783e-17,0.7999999999999999,0.9073250413288201,0.8235294117647057,0.7777777777777777,1.0,0.1818181818181818,0.8333333333333334,0.6666666666666666,0.9330127018922193,0.7320508075688774,0.06460214309120454,0.7499999999999997,0.27747906604368566,0.0,0.7999999999999999,0.9093914823270093,0.8235294117647057,0.7777777777777777,1.0,0.1818181818181818,0.8666666666666667,0.8333333333333333,0.9330127018922193,0.7320508075688774,0.12638086253384767,0.8345653031794289,0.0,0.3568958678922094,0.7999999999999999,0.9114776037156576,0.8235294117647057,0.7777777777777777,1.0,0.1818181818181818,0.9,1.0,0.9330127018922193,0.7320508075688774,0.20448853110729381,0.9045084971874737,0.0990311320975808,0.8019377358048383,0.7999999999999999,0.9135243643233881,0.8235294117647057,0.7777777777777777,1.0,0.1818181818181818,0.9333333333333333,0.0,0.9330127018922193,0.7320508075688774,0.2955114688927057,0.9567727288213003,0.5,1.0,0.7999999999999999,0.9155711249311187,0.8235294117647057,0.7777777777777777,1.0,0.1818181818181818,0.9666666666666667,0.16666666666666666,0.9330127018922193,0.7320508075688774,0.39547153673234625,0.9890738003669028,0.9009688679024191,0.8019377358048384,0.8571428571428571,0.917558844367472,0.8823529411764705,0.8333333333333333,1.0,0.1818181818181818,0.9999999999999999,0.3333333333333333,0.9330127018922193,0.7320508075688774,0.4999999999999999,1.0,1.0,0.3568958678922095,0.8571428571428571,0.9195662441942849,0.8823529411764705,0.8333333333333333,1.0,0.2727272727272727,0.0,0.5,1.0,0.4641016151377547,0.5,1.0,0.7225209339563144,5.551115123125783e-17,0.8571428571428571,0.9215146028497205,0.8823529411764705,0.8333333333333333,1.0,0.2727272727272727,0.03333333333333333,0.6666666666666666,1.0,0.4641016151377547,0.6045284632676534,0.9890738003669028,0.27747906604368566,0.0,0.8571428571428571,0.9235810438479097,0.8823529411764705,0.8333333333333333,1.0,0.2727272727272727,0.06666666666666668,0.8333333333333333,1.0,0.4641016151377547,0.7044885311072939,0.9567727288213004,0.0,0.3568958678922094,0.8571428571428571,0.9256474848460994,0.8823529411764705,0.8333333333333333,1.0,0.2727272727272727,0.1,1.0,1.0,0.4641016151377547,0.7955114688927061,0.9045084971874737,0.0990311320975808,0.8019377358048383,0.8571428571428571,0.9277139258442886,0.8823529411764705,0.8333333333333333,1.0,0.2727272727272727,0.13333333333333333,0.0,1.0,0.4641016151377547,0.8736191374661522,0.8345653031794291,0.5,1.0,0.8571428571428571,0.9297606864520191,0.8823529411764705,0.8333333333333333,1.0,0.2727272727272727,0.16666666666666669,0.16666666666666666,1.0,0.4641016151377547,0.9353978569087953,0.75,0.9009688679024191,0.8019377358048384,0.7999999999999999,0.9318468078406674,0.8235294117647057,0.7777777777777777,1.0,0.2727272727272727,0.2,0.3333333333333333,1.0,0.4641016151377547,0.9781476007338057,0.6545084971874737,1.0,0.3568958678922095,0.7999999999999999,0.9338542076674803,0.8235294117647057,0.7777777777777777,1.0,0.2727272727272727,0.23333333333333334,0.5,1.0,0.4641016151377547,1.0,0.5522642316338269,0.7225209339563144,5.551115123125783e-17,0.7428571428571428,0.9359403290561286,0.764705882352941,0.7222222222222221,1.0,0.2727272727272727,0.26666666666666666,0.6666666666666666,1.0,0.4641016151377547,1.0,0.44773576836617335,0.27747906604368566,0.0,0.7999999999999999,0.9380658112256945,0.8235294117647057,0.7777777777777777,1.0,0.2727272727272727,0.3,0.8333333333333333,1.0,0.4641016151377547,0.9781476007338057,0.34549150281252633,0.0,0.3568958678922094,0.7999999999999999,0.9401716130048019,0.8235294117647057,0.7777777777777777,1.0,0.2727272727272727,0.3333333333333333,1.0,1.0,0.4641016151377547,0.9353978569087953,0.2500000000000001,0.0990311320975808,0.8019377358048383,0.7999999999999999,0.9422774147839093,0.8235294117647057,0.7777777777777777,1.0,0.2727272727272727,0.3666666666666667,0.0,1.0,0.4641016151377547,0.8736191374661523,0.16543469682057105,0.5,1.0,0.7999999999999999,0.9443635361725575,0.8235294117647057,0.7777777777777777,1.0,0.2727272727272727,0.4,0.16666666666666666,1.0,0.4641016151377547,0.7955114688927061,0.09549150281252633,0.9009688679024191,0.8019377358048384,0.7999999999999999,0.9464496575612058,0.8235294117647057,0.7777777777777777,1.0,0.2727272727272727,0.43333333333333335,0.3333333333333333,1.0,0.4641016151377547,0.704488531107294,0.04322727117869962,1.0,0.3568958678922095,0.7999999999999999,0.9484964181689364,0.8235294117647057,0.7777777777777777,1.0,0.2727272727272727,0.4666666666666667,0.5,1.0,0.4641016151377547,0.6045284632676536,0.010926199633097211,0.7225209339563144,5.551115123125783e-17,0.7999999999999999,0.9505431787766669,0.8235294117647057,0.7777777777777777,1.0,0.2727272727272727,0.5,0.6666666666666666,1.0,0.4641016151377547,0.5000000000000001,0.0,0.27747906604368566,0.0,0.7999999999999999,0.9526293001653152,0.8235294117647057,0.7777777777777777,1.0,0.2727272727272727,0.5333333333333333,0.8333333333333333,1.0,0.4641016151377547,0.3954715367323467,0.010926199633097156,0.0,0.3568958678922094,0.7999999999999999,0.9547154215539635,0.8235294117647057,0.7777777777777777,1.0,0.2727272727272727,0.5666666666666667,1.0,1.0,0.4641016151377547,0.29551146889270624,0.043227271178699456,0.0990311320975808,0.8019377358048383,0.7999999999999999,0.956860584113989,0.8235294117647057,0.7777777777777777,1.0,0.2727272727272727,0.6,0.0,1.0,0.4641016151377547,0.20448853110729398,0.09549150281252627,0.5,1.0,0.7999999999999999,0.9588876643312605,0.8235294117647057,0.7777777777777777,1.0,0.2727272727272727,0.6333333333333333,0.16666666666666666,1.0,0.4641016151377547,0.12638086253384795,0.16543469682057077,0.9009688679024191,0.8019377358048384,0.7999999999999999,0.9608950641580729,0.8235294117647057,0.7777777777777777,1.0,0.2727272727272727,0.6666666666666666,0.3333333333333333,1.0,0.4641016151377547,0.06460214309120482,0.24999999999999978,1.0,0.3568958678922095,0.7999999999999999,0.9627843816421318,0.8235294117647057,0.7777777777777777,1.0,0.2727272727272727,0.7,0.5,1.0,0.4641016151377547,0.021852399266194367,0.3454915028125262,0.7225209339563144,5.551115123125783e-17,0.7999999999999999,0.9646736991261906,0.8235294117647057,0.7777777777777777,1.0,0.2727272727272727,0.7333333333333333,0.6666666666666666,1.0,0.4641016151377547,0.0,0.4477357683661729,0.27747906604368566,0.0,0.7999999999999999,0.9665826970007085,0.8235294117647057,0.7777777777777777,1.0,0.2727272727272727,0.7666666666666667,0.8333333333333333,1.0,0.4641016151377547,0.0,0.5522642316338265,0.0,0.3568958678922094,0.7999999999999999,0.968590096827521,0.8235294117647057,0.7777777777777777,1.0,0.2727272727272727,0.8,1.0,1.0,0.4641016151377547,0.02185239926619431,0.6545084971874736,0.0990311320975808,0.8019377358048383,0.8571428571428571,0.9706368574352515,0.8823529411764705,0.8333333333333333,1.0,0.2727272727272727,0.8333333333333334,0.0,1.0,0.4641016151377547,0.06460214309120454,0.7499999999999997,0.5,1.0,0.8571428571428571,0.9726836180429821,0.8823529411764705,0.8333333333333333,1.0,0.2727272727272727,0.8666666666666667,0.16666666666666666,1.0,0.4641016151377547,0.12638086253384767,0.8345653031794289,0.9009688679024191,0.8019377358048384,0.8571428571428571,0.9745926159174996,0.8823529411764705,0.8333333333333333,1.0,0.2727272727272727,0.9,0.3333333333333333,1.0,0.4641016151377547,0.20448853110729381,0.9045084971874737,1.0,0.3568958678922095
0.8571428571428571,0.8552310477839882,0.8823529411764705,0.8333333333333333,1.0,0.09090909090909091,0.9,1.0,0.75,0.9282032302755092,0.20448853110729381,0.9045084971874737,0.0990311320975808,0.8019377358048383,0.8571428571428571,0.8571990868298829,0.8823529411764705,0.8333333333333333,1.0,0.1818181818181818,0.0,0.0,0.9330127018922193,0.7320508075688774,0.5,1.0,0.5,1.0,0.8571428571428571,0.859245847437613,0.8823529411764705,0.8333333333333333,1.0,0.1818181818181818,0.03333333333333333,0.16666666666666666,0.9330127018922193,0.7320508075688774,0.6045284632676534,0.9890738003669028,0.9009688679024191,0.8019377358048384,0.8571428571428571,0.8612926080453436,0.8823529411764705,0.8333333333333333,1.0,0.1818181818181818,0.06666666666666668,0.3333333333333333,0.9330127018922193,0.7320508075688774,0.7044885311072939,0.9567727288213004,1.0,0.3568958678922095,0.8571428571428571,0.863300007872156,0.8823529411764705,0.8333333333333333,1.0,0.1818181818181818,0.13333333333333333,0.6666666666666666,0.9330127018922193,0.7320508075688774,0.8736191374661522,0.8345653031794291,0.27747906604368566,0.0,0.8571428571428571,0.8653467684798866,0.8823529411764705,0.8333333333333333,1.0,0.1818181818181818,0.16666666666666669,0.8333333333333333,0.9330127018922193,0.7320508075688774,0.9353978569087953,0.75,0.0,0.3568958678922094,0.8571428571428571,0.8673935290876171,0.8823529411764705,0.8333333333333333,1.0,0.1818181818181818,0.2,1.0,0.9330127018922193,0.7320508075688774,0.9781476007338057,0.6545084971874737,0.0990311320975808,0.8019377358048383,1.0,0.8694599700858063,0.9999999999999999,1.0,1.0,0.1818181818181818,0.23333333333333334,0.0,0.9330127018922193,0.7320508075688774,1.0,0.5522642316338269,0.5,1.0,1.0,0.871546091474455,0.9999999999999999,1.0,1.0,0.1818181818181818,0.26666666666666666,0.16666666666666666,0.9330127018922193,0.7320508075688774,1.0,0.44773576836617335,0.9009688679024191,0.8019377358048384,0.8571428571428571,0.8736125324726443,0.8823529411764705,0.8333333333333333,1.0,0.1818181818181818,0.3,0.3333333333333333,0.9330127018922193,0.7320508075688774,0.9781476007338057,0.34549150281252633,1.0,0.3568958678922095,1.0,0.8756986538612925,0.9999999999999999,1.0,1.0,0.1818181818181818,0.3333333333333333,0.5,0.9330127018922193,0.7320508075688774,0.9353978569087953,0.2500000000000001,0.7225209339563144,5.551115123125783e-17,0.7999999999999999,0.8777847752499408,0.8235294117647057,0.7777777777777777,1.0,0.1818181818181818,0.3666666666666667,0.6666666666666666,0.9330127018922193,0.7320508075688774,0.8736191374661523,0.16543469682057105,0.27747906604368566,0.0,0.7999999999999999,0.8798512162481305,0.8235294117647057,0.7777777777777777,1.0,0.1818181818181818,0.4,0.8333333333333333,0.9330127018922193,0.7320508075688774,0.7955114688927061,0.09549150281252633,0.0,0.3568958678922094,0.7999999999999999,0.8819963788081555,0.8235294117647057,0.7777777777777777,1.0,0.1818181818181818,0.43333333333333335,1.0,0.9330127018922193,0.7320508075688774,0.704488531107294,0.04322727117869962,0.0990311320975808,0.8019377358048383,0.7999999999999999,0.8841218609777219,0.8235294117647057,0.7777777777777777,1.0,0.1818181818181818,0.4666666666666667,0.0,0.9330127018922193,0.7320508075688774,0.6045284632676536,0.010926199633097211,0.5,1.0,0.7999999999999999,0.8862867039282061,0.8235294117647057,0.7777777777777777,1.0,0.1818181818181818,0.5,0.16666666666666666,0.9330127018922193,0.7320508075688774,0.5000000000000001,0.0,0.9009688679024191,0.8019377358048384,0.7999999999999999,0.8884121860977721,0.8235294117647057,0.7777777777777777,1.0,0.1818181818181818,0.5333333333333333,0.3333333333333333,0.9330127018922193,0.7320508075688774,0.3954715367323467,0.010926199633097156,1.0,0.3568958678922095,0.7999999999999999,0.8905179878768794,0.8235294117647057,0.7777777777777777,1.0,0.1818181818181818,0.5666666666666667,0.5,0.9330127018922193,0.7320508075688774,0.29551146889270624,0.043227271178699456,0.7225209339563144,5.551115123125783e-17,0.7999999999999999,0.8926041092655277,0.8235294117647057,0.7777777777777777,1.0,0.1818181818181818,0.6,0.6666666666666666,0.9330127018922193,0.7320508075688774,0.20448853110729398,0.09549150281252627,0.27747906604368566,0.0,0.7999999999999999,0.894690230654176,0.8235294117647057,0.7777777777777777,1.0,0.1818181818181818,0.6333333333333333,0.8333333333333333,0.9330127018922193,0.7320508075688774,0.12638086253384795,0.16543469682057077,0.0,0.3568958678922094,0.7999999999999999,0.8968353932142015,0.8235294117647057,0.7777777777777777,1.0,0.1818181818181818,0.6666666666666666,1.0,0.9330127018922193,0.7320508075688774,0.06460214309120482,0.24999999999999978,0.0990311320975808,0.8019377358048383,0.7999999999999999,0.8989411949933088,0.8235294117647057,0.7777777777777777,1.0,0.1818181818181818,0.7,0.0,0.9330127018922193,0.7320508075688774,0.021852399266194367,0.3454915028125262,0.5,1.0,0.7999999999999999,0.9010469967724157,0.8235294117647057,0.7777777777777777,1.0,0.1818181818181818,0.7333333333333333,0.16666666666666666,0.9330127018922193,0.7320508075688774,0.0,0.4477357683661729,0.9009688679024191,0.8019377358048384,0.7999999999999999,0.9031331181610645,0.8235294117647057,0.7777777777777777,1.0,0.1818181818181818,0.7666666666666667,0.3333333333333333,0.9330127018922193,0.7320508075688774,0.0,0.5522642316338265,1.0,0.3568958678922095,0.7999999999999999,0.9052192395497127,0.8235294117647057,0.7777777777777777,1.0,0.1818181818181818,0.8,0.5,0.9330127018922193,0.7320508075688774,0.02185239926619431,0.6545084971874736,0.7225209339563144,5.551115123125783e-17,0.7999999999999999,0.9073250413288201,0.8235294117647057,0.7777777777777777,1.0,0.1818181818181818,0.8333333333333334,0.6666666666666666,0.9330127018922193,0.7320508075688774,0.06460214309120454,0.7499999999999997,0.27747906604368566,0.0,0.7999999999999999,0.9093914823270093,0.8235294117647057,0.7777777777777777,1.0,0.1818181818181818,0.8666666666666667,0.8333333333333333,0.9330127018922193,0.7320508075688774,0.12638086253384767,0.8345653031794289,0.0,0.3568958678922094,0.7999999999999999,0.9114776037156576,0.8235294117647057,0.7777777777777777,1.0,0.1818181818181818,0.9,1.0,0.9330127018922193,0.7320508075688774,0.20448853110729381,0.9045084971874737,0.0990311320975808,0.8019377358048383,0.7999999999999999,0.9135243643233881,0.8235294117647057,0.7777777777777777,1.0,0.1818181818181818,0.9333333333333333,0.0,0.9330127018922193,0.7320508075688774,0.2955114688927057,0.9567727288213003,0.5,1.0,0.7999999999999999,0.9155711249311187,0.8235294117647057,0.7777777777777777,1.0,0.1818181818181818,0.9666666666666667,0.16666666666666666,0.9330127018922193,0.7320508075688774,0.39547153673234625,0.9890738003669028,0.9009688679024191,0.8019377358048384,0.8571428571428571,0.917558844367472,0.8823529411764705,0.8333333333333333,1.0,0.1818181818181818,0.9999999999999999,0.3333333333333333,0.9330127018922193,0.7320508075688774,0.4999999999999999,1.0,1.0,0.3568958678922095,0.8571428571428571,0.9195662441942849,0.8823529411764705,0.8333333333333333,1.0,0.2727272727272727,0.0,0.5,1.0,0.4641016151377547,0.5,1.0,0.7225209339563144,5.551115123125783e-17,0.8571428571428571,0.9215146028497205,0.8823529411764705,0.8333333333333333,1.0,0.2727272727272727,0.03333333333333333,0.6666666666666666,1.0,0.4641016151377547,0.6045284632676534,0.9890738003669028,0.27747906604368566,0.0,0.8571428571428571,0.9235810438479097,0.8823529411764705,0.8333333333333333,1.0,0.2727272727272727,0.06666666666666668,0.8333333333333333,1.0,0.4641016151377547,0.7044885311072939,0.9567727288213004,0.0,0.3568958678922094,0.8571428571428571,0.9256474848460994,0.8823529411764705,0.8333333333333333,1.0,0.2727272727272727,0.1,1.0,1.0,0.4641016151377547,0.7955114688927061,0.9045084971874737,0.0990311320975808,0.8019377358048383,0.8571428571428571,0.9277139258442886,0.8823529411764705,0.8333333333333333,1.0,0.2727272727272727,0.13333333333333333,0.0,1.0,0.4641016151377547,0.8736191374661522,0.8345653031794291,0.5,1.0,0.8571428571428571,0.9297606864520191,0.8823529411764705,0.8333333333333333,1.0,0.2727272727272727,0.16666666666666669,0.16666666666666666,1.0,0.4641016151377547,0.9353978569087953,0.75,0.9009688679024191,0.8019377358048384,0.7999999999999999,0.9318468078406674,0.8235294117647057,0.7777777777777777,1.0,0.2727272727272727,0.2,0.3333333333333333,1.0,0.4641016151377547,0.9781476007338057,0.6545084971874737,1.0,0.3568958678922095,0.7999999999999999,0.9338542076674803,0.8235294117647057,0.7777777777777777,1.0,0.2727272727272727,0.23333333333333334,0.5,1.0,0.4641016151377547,1.0,0.5522642316338269,0.7225209339563144,5.551115123125783e-17,0.7428571428571428,0.9359403290561286,0.764705882352941,0.7222222222222221,1.0,0.2727272727272727,0.26666666666666666,0.6666666666666666,1.0,0.4641016151377547,1.0,0.44773576836617335,0.27747906604368566,0.0,0.7999999999999999,0.9380658112256945,0.8235294117647057,0.7777777777777777,1.0,0.2727272727272727,0.3,0.8333333333333333,1.0,0.4641016151377547,0.9781476007338057,0.34549150281252633,0.0,0.3568958678922094,0.7999999999999999,0.9401716130048019,0.8235294117647057,0.7777777777777777,1.0,0.2727272727272727,0.3333333333333333,1.0,1.0,0.4641016151377547,0.9353978569087953,0.2500000000000001,0.0990311320975808,0.8019377358048383,0.7999999999999999,0.9422774147839093,0.8235294117647057,0.7777777777777777,1.0,0.2727272727272727,0.3666666666666667,0.0,1.0,0.4641016151377547,0.8736191374661523,0.16543469682057105,0.5,1.0,0.7999999999999999,0.9443635361725575,0.8235294117647057,0.7777777777777777,1.0,0.2727272727272727,0.4,0.16666666666666666,1.0,0.4641016151377547,0.7955114688927061,0.09549150281252633,0.9009688679024191,0.8019377358048384,0.7999999999999999,0.9464496575612058,0.8235294117647057,0.7777777777777777,1.0,0.2727272727272727,0.43333333333333335,0.3333333333333333,1.0,0.4641016151377547,0.704488531107294,0.04322727117869962,1.0,0.3568958678922095,0.7999999999999999,0.9484964181689364,0.8235294117647057,0.7777777777777777,1.0,0.2727272727272727,0.4666666666666667,0.5,1.0,0.4641016151377547,0.6045284632676536,0.010926199633097211,0.7225209339563144,5.551115123125783e-17,0.7999999999999999,0.9505431787766669,0.8235294117647057,0.7777777777777777,1.0,0.2727272727272727,0.5,0.6666666666666666,1.0,0.4641016151377547,0.5000000000000001,0.0,0.27747906604368566,0.0,0.7999999999999999,0.9526293001653152,0.8235294117647057,0.7777777777777777,1.0,0.2727272727272727,0.5333333333333333,0.8333333333333333,1.0,0.4641016151377547,0.3954715367323467,0.010926199633097156,0.0,0.3568958678922094,0.7999999999999999,0.9547154215539635,0.8235294117647057,0.7777777777777777,1.0,0.2727272727272727,0.5666666666666667,1.0,1.0,0.4641016151377547,0.29551146889270624,0.043227271178699456,0.0990311320975808,0.8019377358048383,0.7999999999999999,0.956860584113989,0.8235294117647057,0.7777777777777777,1.0,0.2727272727272727,0.6,0.0,1.0,0.4641016151377547,0.20448853110729398,0.09549150281252627,0.5,1.0,0.7999999999999999,0.9588876643312605,0.8235294117647057,0.7777777777777777,1.0,0.2727272727272727,0.6333333333333333,0.16666666666666666,1.0,0.4641016151377547,0.12638086253384795,0.16543469682057077,0.9009688679024191,0.8019377358048384,0.7999999999999999,0.9608950641580729,0.8235294117647057,0.7777777777777777,1.0,0.2727272727272727,0.6666666666666666,0.3333333333333333,1.0,0.4641016151377547,0.06460214309120482,0.24999999999999978,1.0,0.3568958678922095,0.7999999999999999,0.9627843816421318,0.8235294117647057,0.7777777777777777,1.0,0.2727272727272727,0.7,0.5,1.0,0.4641016151377547,0.021852399266194367,0.3454915028125262,0.7225209339563144,5.551115123125783e-17,0.7999999999999999,0.9646736991261906,0.8235294117647057,0.7777777777777777,1.0,0.2727272727272727,0.7333333333333333,0.6666666666666666,1.0,0.4641016151377547,0.0,0.4477357683661729,0.27747906604368566,0.0,0.7999999999999999,0.9665826970007085,0.8235294117647057,0.7777777777777777,1.0,0.2727272727272727,0.7666666666666667,0.8333333333333333,1.0,0.4641016151377547,0.0,0.5522642316338265,0.0,0.3568958678922094,0.7999999999999999,0.968590096827521,0.8235294117647057,0.7777777777777777,1.0,0.2727272727272727,0.8,1.0,1.0,0.4641016151377547,0.02185239926619431,0.6545084971874736,0.0990311320975808,0.8019377358048383,0.8571428571428571,0.9706368574352515,0.8823529411764705,0.8333333333333333,1.0,0.2727272727272727,0.8333333333333334,0.0,1.0,0.4641016151377547,0.06460214309120454,0.7499999999999997,0.5,1.0,0.8571428571428571,0.9726836180429821,0.8823529411764705,0.8333333333333333,1.0,0.2727272727272727,0.8666666666666667,0.16666666666666666,1.0,0.4641016151377547,0.12638086253384767,0.8345653031794289,0.9009688679024191,0.8019377358048384,0.8571428571428571,0.9745926159174996,0.8823529411764705,0.8333333333333333,1.0,0.2727272727272727,0.9,0.3333333333333333,1.0,0.4641016151377547,0.20448853110729381,0.9045084971874737,1.0,0.3568958678922095,0.8571428571428571,0.9763835314492639,0.8823529411764705,0.8333333333333333,1.0,0.2727272727272727,0.9333333333333333,0.5,1.0,0.4641016151377547,0.2955114688927057,0.9567727288213003,0.7225209339563144,5.551115123125783e-17
0.8571428571428571,0.8571990868298829,0.8823529411764705,0.8333333333333333,1.0,0.1818181818181818,0.0,0.0,0.9330127018922193,0.7320508075688774,0.5,1.0,0.5,1.0,0.8571428571428571,0.859245847437613,0.8823529411764705,0.8333333333333333,1.0,0.1818181818181818,0.03333333333333333,0.16666666666666666,0.9330127018922193,0.7320508075688774,0.6045284632676534,0.9890738003669028,0.9009688679024191,0.8019377358048384,0.8571428571428571,0.8612926080453436,0.8823529411764705,0.8333333333333333,1.0,0.1818181818181818,0.06666666666666668,0.3333333333333333,0.9330127018922193,0.7320508075688774,0.7044885311072939,0.9567727288213004,1.0,0.3568958678922095,0.8571428571428571,0.863300007872156,0.8823529411764705,0.8333333333333333,1.0,0.1818181818181818,0.13333333333333333,0.6666666666666666,0.9330127018922193,0.7320508075688774,0.8736191374661522,0.8345653031794291,0.27747906604368566,0.0,0.8571428571428571,0.8653467684798866,0.8823529411764705,0.8333333333333333,1.0,0.1818181818181818,0.16666666666666669,0.8333333333333333,0.9330127018922193,0.7320508075688774,0.9353978569087953,0.75,0.0,0.3568958678922094,0.8571428571428571,0.8673935290876171,0.8823529411764705,0.8333333333333333,1.0,0.1818181818181818,0.2,1.0,0.9330127018922193,0.7320508075688774,0.9781476007338057,0.6545084971874737,0.0990311320975808,0.8019377358048383,1.0,0.8694599700858063,0.9999999999999999,1.0,1.0,0.1818181818181818,0.23333333333333334,0.0,0.9330127018922193,0.7320508075688774,1.0,0.5522642316338269,0.5,1.0,1.0,0.871546091474455,0.9999999999999999,1.0,1.0,0.1818181818181818,0.26666666666666666,0.16666666666666666,0.9330127018922193,0.7320508075688774,1.0,0.44773576836617335,0.9009688679024191,0.8019377358048384,0.8571428571428571,0.8736125324726443,0.8823529411764705,0.8333333333333333,1.0,0.1818181818181818,0.3,0.3333333333333333,0.9330127018922193,0.7320508075688774,0.9781476007338057,0.34549150281252633,1.0,0.3568958678922095,1.0,0.8756986538612925,0.9999999999999999,1.0,1.0,0.1818181818181818,0.3333333333333333,0.5,0.9330127018922193,0.7320508075688774,0.9353978569087953,0.2500000000000001,0.7225209339563144,5.551115123125783e-17,0.7999999999999999,0.8777847752499408,0.8235294117647057,0.7777777777777777,1.0,0.1818181818181818,0.3666666666666667,0.6666666666666666,0.9330127018922193,0.7320508075688774,0.8736191374661523,0.16543469682057105,0.27747906604368566,0.0,0.7999999999999999,0.8798512162481305,0.8235294117647057,0.7777777777777777,1.0,0.1818181818181818,0.4,0.8333333333333333,0.9330127018922193,0.7320508075688774,0.7955114688927061,0.09549150281252633,0.0,0.3568958678922094,0.7999999999999999,0.8819963788081555,0.8235294117647057,0.7777777777777777,1.0,0.1818181818181818,0.43333333333333335,1.0,0.9330127018922193,0.7320508075688774,0.704488531107294,0.04322727117869962,0.0990311320975808,0.8019377358048383,0.7999999999999999,0.8841218609777219,0.8235294117647057,0.7777777777777777,1.0,0.1818181818181818,0.4666666666666667,0.0,0.9330127018922193,0.7320508075688774,0.6045284632676536,0.010926199633097211,0.5,1.0,0.7999999999999999,0.8862867039282061,0.8235294117647057,0.7777777777777777,1.0,0.1818181818181818,0.5,0.16666666666666666,0.9330127018922193,0.7320508075688774,0.5000000000000001,0.0,0.9009688679024191,0.8019377358048384,0.7999999999999999,0.8884121860977721,0.8235294117647057,0.7777777777777777,1.0,0.1818181818181818,0.5333333333333333,0.3333333333333333,0.9330127018922193,0.7320508075688774,0.3954715367323467,0.010926199633097156,1.0,0.3568958678922095,0.7999999999999999,0.8905179878768794,0.8235294117647057,0.7777777777777777,1.0,0.1818181818181818,0.5666666666666667,0.5,0.9330127018922193,0.7320508075688774,0.29551146889270624,0.043227271178699456,0.7225209339563144,5.551115123125783e-17,0.7999999999999999,0.8926041092655277,0.8235294117647057,0.7777777777777777,1.0,0.1818181818181818,0.6,0.6666666666666666,0.9330127018922193,0.7320508075688774,0.20448853110729398,0.09549150281252627,0.27747906604368566,0.0,0.7999999999999999,0.894690230654176,0.8235294117647057,0.7777777777777777,1.0,0.1818181818181818,0.6333333333333333,0.8333333333333333,0.9330127018922193,0.7320508075688774,0.12638086253384795,0.16543469682057077,0.0,0.3568958678922094,0.7999999999999999,0.8968353932142015,0.8235294117647057,0.7777777777777777,1.0,0.1818181818181818,0.6666666666666666,1.0,0.9330127018922193,0.7320508075688774,0.06460214309120482,0.24999999999999978,0.0990311320975808,0.8019377358048383,0.7999999999999999,0.8989411949933088,0.8235294117647057,0.7777777777777777,1.0,0.1818181818181818,0.7,0.0,0.9330127018922193,0.7320508075688774,0.021852399266194367,0.3454915028125262,0.5,1.0,0.7999999999999999,0.9010469967724157,0.8235294117647057,0.7777777777777777,1.0,0.1818181818181818,0.7333333333333333,0.16666666666666666,0.9330127018922193,0.7320508075688774,0.0,0.4477357683661729,0.9009688679024191,0.8019377358048384,0.7999999999999999,0.9031331181610645,0.8235294117647057,0.7777777777777777,1.0,0.1818181818181818,0.7666666666666667,0.3333333333333333,0.9330127018922193,0.7320508075688774,0.0,0.5522642316338265,1.0,0.3568958678922095,0.7999999999999999,0.9052192395497127,0.8235294117647057,0.7777777777777777,1.0,0.1818181818181818,0.8,0.5,0.9330127018922193,0.7320508075688774,0.02185239926619431,0.6545084971874736,0.7225209339563144,5.551115123125783e-17,0.7999999999999999,0.9073250413288201,0.8235294117647057,0.7777777777777777,1.0,0.1818181818181818,0.8333333333333334,0.6666666666666666,0.9330127018922193,0.7320508075688774,0.06460214309120454,0.7499999999999997,0.27747906604368566,0.0,0.7999999999999999,0.9093914823270093,0.8235294117647057,0.7777777777777777,1.0,0.1818181818181818,0.8666666666666667,0.8333333333333333,0.9330127018922193,0.7320508075688774,0.12638086253384767,0.8345653031794289,0.0,0.3568958678922094,0.7999999999999999,0.9114776037156576,0.8235294117647057,0.7777777777777777,1.0,0.1818181818181818,0.9,1.0,0.9330127018922193,0.7320508075688774,0.20448853110729381,0.9045084971874737,0.0990311320975808,0.8019377358048383,0.7999999999999999,0.9135243643233881,0.8235294117647057,0.7777777777777777,1.0,0.1818181818181818,0.9333333333333333,0.0,0.9330127018922193,0.7320508075688774,0.2955114688927057,0.9567727288213003,0.5,1.0,0.7999999999999999,0.9155711249311187,0.8235294117647057,0.7777777777777777,1.0,0.1818181818181818,0.9666666666666667,0.16666666666666666,0.9330127018922193,0.7320508075688774,0.39547153673234625,0.9890738003669028,0.9009688679024191,0.8019377358048384,0.8571428571428571,0.917558844367472,0.8823529411764705,0.8333333333333333,1.0,0.1818181818181818,0.9999999999999999,0.3333333333333333,0.9330127018922193,0.7320508075688774,0.4999999999999999,1.0,1.0,0.3568958678922095,0.8571428571428571,0.9195662441942849,0.8823529411764705,0.8333333333333333,1.0,0.2727272727272727,0.0,0.5,1.0,0.4641016151377547,0.5,1.0,0.7225209339563144,5.551115123125783e-17,0.8571428571428571,0.9215146028497205,0.8823529411764705,0.8333333333333333,1.0,0.2727272727272727,0.03333333333333333,0.6666666666666666,1.0,0.4641016151377547,0.6045284632676534,0.9890738003669028,0.27747906604368566,0.0,0.8571428571428571,0.9235810438479097,0.8823529411764705,0.8333333333333333,1.0,0.2727272727272727,0.06666666666666668,0.8333333333333333,1.0,0.4641016151377547,0.7044885311072939,0.9567727288213004,0.0,0.3568958678922094,0.8571428571428571,0.9256474848460994,0.8823529411764705,0.8333333333333333,1.0,0.2727272727272727,0.1,1.0,1.0,0.4641016151377547,0.7955114688927061,0.9045084971874737,0.0990311320975808,0.8019377358048383,0.8571428571428571,0.9277139258442886,0.8823529411764705,0.8333333333333333,1.0,0.2727272727272727,0.13333333333333333,0.0,1.0,0.4641016151377547,0.8736191374661522,0.8345653031794291,0.5,1.0,0.8571428571428571,0.9297606864520191,0.8823529411764705,0.8333333333333333,1.0,0.2727272727272727,0.16666666666666669,0.16666666666666666,1.0,0.4641016151377547,0.9353978569087953,0.75,0.9009688679024191,0.8019377358048384,0.7999999999999999,0.9318468078406674,0.8235294117647057,0.7777777777777777,1.0,0.2727272727272727,0.2,0.3333333333333333,1.0,0.4641016151377547,0.9781476007338057,0.6545084971874737,1.0,0.3568958678922095,0.7999999999999999,0.9338542076674803,0.8235294117647057,0.7777777777777777,1.0,0.2727272727272727,0.23333333333333334,0.5,1.0,0.4641016151377547,1.0,0.5522642316338269,0.7225209339563144,5.551115123125783e-17,0.7428571428571428,0.9359403290561286,0.764705882352941,0.7222222222222221,1.0,0.2727272727272727,0.26666666666666666,0.6666666666666666,1.0,0.4641016151377547,1.0,0.44773576836617335,0.27747906604368566,0.0,0.7999999999999999,0.9380658112256945,0.8235294117647057,0.7777777777777777,1.0,0.2727272727272727,0.3,0.8333333333333333,1.0,0.4641016151377547,0.9781476007338057,0.34549150281252633,0.0,0.3568958678922094,0.7999999999999999,0.9401716130048019,0.8235294117647057,0.7777777777777777,1.0,0.2727272727272727,0.3333333333333333,1.0,1.0,0.4641016151377547,0.9353978569087953,0.2500000000000001,0.0990311320975808,0.8019377358048383,0.7999999999999999,0.9422774147839093,0.8235294117647057,0.7777777777777777,1.0,0.2727272727272727,0.3666666666666667,0.0,1.0,0.4641016151377547,0.8736191374661523,0.16543469682057105,0.5,1.0,0.7999999999999999,0.9443635361725575,0.8235294117647057,0.7777777777777777,1.0,0.2727272727272727,0.4,0.16666666666666666,1.0,0.4641016151377547,0.7955114688927061,0.09549150281252633,0.9009688679024191,0.8019377358048384,0.7999999999999999,0.9464496575612058,0.8235294117647057,0.7777777777777777,1.0,0.2727272727272727,0.43333333333333335,0.3333333333333333,1.0,0.4641016151377547,0.704488531107294,0.04322727117869962,1.0,0.3568958678922095,0.7999999999999999,0.9484964181689364,0.8235294117647057,0.7777777777777777,1.0,0.2727272727272727,0.4666666666666667,0.5,1.0,0.4641016151377547,0.6045284632676536,0.010926199633097211,0.7225209339563144,5.551115123125783e-17,0.7999999999999999,0.9505431787766669,0.8235294117647057,0.7777777777777777,1.0,0.2727272727272727,0.5,0.6666666666666666,1.0,0.4641016151377547,0.5000000000000001,0.0,0.27747906604368566,0.0,0.7999999999999999,0.9526293001653152,0.8235294117647057,0.7777777777777777,1.0,0.2727272727272727,0.5333333333333333,0.8333333333333333,1.0,0.4641016151377547,0.3954715367323467,0.010926199633097156,0.0,0.3568958678922094,0.7999999999999999,0.9547154215539635,0.8235294117647057,0.7777777777777777,1.0,0.2727272727272727,0.5666666666666667,1.0,1.0,0.4641016151377547,0.29551146889270624,0.043227271178699456,0.0990311320975808,0.8019377358048383,0.7999999999999999,0.956860584113989,0.8235294117647057,0.7777777777777777,1.0,0.2727272727272727,0.6,0.0,1.0,0.4641016151377547,0.20448853110729398,0.09549150281252627,0.5,1.0,0.7999999999999999,0.9588876643312605,0.8235294117647057,0.7777777777777777,1.0,0.2727272727272727,0.6333333333333333,0.16666666666666666,1.0,0.4641016151377547,0.12638086253384795,0.16543469682057077,0.9009688679024191,0.8019377358048384,0.7999999999999999,0.9608950641580729,0.8235294117647057,0.7777777777777777,1.0,0.2727272727272727,0.6666666666666666,0.3333333333333333,1.0,0.4641016151377547,0.06460214309120482,0.24999999999999978,1.0,0.3568958678922095,0.7999999999999999,0.9627843816421318,0.8235294117647057,0.7777777777777777,1.0,0.2727272727272727,0.7,0.5,1.0,0.4641016151377547,0.021852399266194367,0.3454915028125262,0.7225209339563144,5.551115123125783e-17,0.7999999999999999,0.9646736991261906,0.8235294117647057,0.7777777777777777,1.0,0.2727272727272727,0.7333333333333333,0.6666666666666666,1.0,0.4641016151377547,0.0,0.4477357683661729,0.27747906604368566,0.0,0.7999999999999999,0.9665826970007085,0.8235294117647057,0.7777777777777777,1.0,0.2727272727272727,0.7666666666666667,0.8333333333333333,1.0,0.4641016151377547,0.0,0.5522642316338265,0.0,0.3568958678922094,0.7999999999999999,0.968590096827521,0.8235294117647057,0.7777777777777777,1.0,0.2727272727272727,0.8,1.0,1.0,0.4641016151377547,0.02185239926619431,0.6545084971874736,0.0990311320975808,0.8019377358048383,0.8571428571428571,0.9706368574352515,0.8823529411764705,0.8333333333333333,1.0,0.2727272727272727,0.8333333333333334,0.0,1.0,0.4641016151377547,0.06460214309120454,0.7499999999999997,0.5,1.0,0.8571428571428571,0.9726836180429821,0.8823529411764705,0.8333333333333333,1.0,0.2727272727272727,0.8666666666666667,0.16666666666666666,1.0,0.4641016151377547,0.12638086253384767,0.8345653031794289,0.9009688679024191,0.8019377358048384,0.8571428571428571,0.9745926159174996,0.8823529411764705,0.8333333333333333,1.0,0.2727272727272727,0.9,0.3333333333333333,1.0,0.4641016151377547,0.20448853110729381,0.9045084971874737,1.0,0.3568958678922095,0.8571428571428571,0.9763835314492639,0.8823529411764705,0.8333333333333333,1.0,0.2727272727272727,0.9333333333333333,0.5,1.0,0.4641016151377547,0.2955114688927057,0.9567727288213003,0.7225209339563144,5.551115123125783e-17,0.8571428571428571,0.9779973234668975,0.8823529411764705,0.8333333333333333,1.0,0.2727272727272727,0.9666666666666667,0.6666666666666666,1.0,0.4641016151377547,0.39547153673234625,0.9890738003669028,0.27747906604368566,0.0
0.8571428571428571,0.859245847437613,0.8823529411764705,0.8333333333333333,1.0,0.1818181818181818,0.03333333333333333,0.16666666666666666,0.9330127018922193,0.7320508075688774,0.6045284632676534,0.9890738003669028,0.9009688679024191,0.8019377358048384,0.8571428571428571,0.8612926080453436,0.8823529411764705,0.8333333333333333,1.0,0.1818181818181818,0.06666666666666668,0.3333333333333333,0.9330127018922193,0.7320508075688774,0.7044885311072939,0.9567727288213004,1.0,0.3568958678922095,0.8571428571428571,0.863300007872156,0.8823529411764705,0.8333333333333333,1.0,0.1818181818181818,0.13333333333333333,0.6666666666666666,0.9330127018922193,0.7320508075688774,0.8736191374661522,0.8345653031794291,0.27747906604368566,0.0,0.8571428571428571,0.8653467684798866,0.8823529411764705,0.8333333333333333,1.0,0.1818181818181818,0.16666666666666669,0.8333333333333333,0.9330127018922193,0.7320508075688774,0.9353978569087953,0.75,0.0,0.3568958678922094,0.8571428571428571,0.8673935290876171,0.8823529411764705,0.8333333333333333,1.0,0.1818181818181818,0.2,1.0,0.9330127018922193,0.7320508075688774,0.9781476007338057,0.6545084971874737,0.0990311320975808,0.8019377358048383,1.0,0.8694599700858063,0.9999999999999999,1.0,1.0,0.1818181818181818,0.23333333333333334,0.0,0.9330127018922193,0.7320508075688774,1.0,0.5522642316338269,0.5,1.0,1.0,0.871546091474455,0.9999999999999999,1.0,1.0,0.1818181818181818,0.26666666666666666,0.16666666666666666,0.9330127018922193,0.7320508075688774,1.0,0.44773576836617335,0.9009688679024191,0.8019377358048384,0.8571428571428571,0.8736125324726443,0.8823529411764705,0.8333333333333333,1.0,0.1818181818181818,0.3,0.3333333333333333,0.9330127018922193,0.7320508075688774,0.9781476007338057,0.34549150281252633,1.0,0.3568958678922095,1.0,0.8756986538612925,0.9999999999999999,1.0,1.0,0.1818181818181818,0.3333333333333333,0.5,0.9330127018922193,0.7320508075688774,0.9353978569087953,0.2500000000000001,0.7225209339563144,5.551115123125783e-17,0.7999999999999999,0.8777847752499408,0.8235294117647057,0.7777777777777777,1.0,0.1818181818181818,0.3666666666666667,0.6666666666666666,0.9330127018922193,0.7320508075688774,0.8736191374661523,0.16543469682057105,0.27747906604368566,0.0,0.7999999999999999,0.8798512162481305,0.8235294117647057,0.7777777777777777,1.0,0.1818181818181818,0.4,0.8333333333333333,0.9330127018922193,0.7320508075688774,0.7955114688927061,0.09549150281252633,0.0,0.3568958678922094,0.7999999999999999,0.8819963788081555,0.8235294117647057,0.7777777777777777,1.0,0.1818181818181818,0.43333333333333335,1.0,0.9330127018922193,0.7320508075688774,0.704488531107294,0.04322727117869962,0.0990311320975808,0.8019377358048383,0.7999999999999999,0.8841218609777219,0.8235294117647057,0.7777777777777777,1.0,0.1818181818181818,0.4666666666666667,0.0,0.9330127018922193,0.7320508075688774,0.6045284632676536,0.010926199633097211,0.5,1.0,0.7999999999999999,0.8862867039282061,0.8235294117647057,0.7777777777777777,1.0,0.1818181818181818,0.5,0.16666666666666666,0.9330127018922193,0.7320508075688774,0.5000000000000001,0.0,0.9009688679024191,0.8019377358048384,0.7999999999999999,0.8884121860977721,0.8235294117647057,0.7777777777777777,1.0,0.1818181818181818,0.5333333333333333,0.3333333333333333,0.9330127018922193,0.7320508075688774,0.3954715367323467,0.010926199633097156,1.0,0.3568958678922095,0.7999999999999999,0.8905179878768794,0.8235294117647057,0.7777777777777777,1.0,0.1818181818181818,0.5666666666666667,0.5,0.9330127018922193,0.7320508075688774,0.29551146889270624,0.043227271178699456,0.7225209339563144,5.551115123125783e-17,0.7999999999999999,0.8926041092655277,0.8235294117647057,0.7777777777777777,1.0,0.1818181818181818,0.6,0.6666666666666666,0.9330127018922193,0.7320508075688774,0.20448853110729398,0.09549150281252627,0.27747906604368566,0.0,0.7999999999999999,0.894690230654176,0.8235294117647057,0.7777777777777777,1.0,0.1818181818181818,0.6333333333333333,0.8333333333333333,0.9330127018922193,0.7320508075688774,0.12638086253384795,0.16543469682057077,0.0,0.3568958678922094,0.7999999999999999,0.8968353932142015,0.8235294117647057,0.7777777777777777,1.0,0.1818181818181818,0.6666666666666666,1.0,0.9330127018922193,0.7320508075688774,0.06460214309120482,0.24999999999999978,0.0990311320975808,0.8019377358048383,0.7999999999999999,0.8989411949933088,0.8235294117647057,0.7777777777777777,1.0,0.1818181818181818,0.7,0.0,0.9330127018922193,0.7320508075688774,0.021852399266194367,0.3454915028125262,0.5,1.0,0.7999999999999999,0.9010469967724157,0.8235294117647057,0.7777777777777777,1.0,0.1818181818181818,0.7333333333333333,0.16666666666666666,0.9330127018922193,0.7320508075688774,0.0,0.4477357683661729,0.9009688679024191,0.8019377358048384,0.7999999999999999,0.9031331181610645,0.8235294117647057,0.7777777777777777,1.0,0.1818181818181818,0.7666666666666667,0.3333333333333333,0.9330127018922193,0.7320508075688774,0.0,0.5522642316338265,1.0,0.3568958678922095,0.7999999999999999,0.9052192395497127,0.8235294117647057,0.7777777777777777,1.0,0.1818181818181818,0.8,0.5,0.9330127018922193,0.7320508075688774,0.02185239926619431,0.6545084971874736,0.7225209339563144,5.551115123125783e-17,0.7999999999999999,0.9073250413288201,0.8235294117647057,0.7777777777777777,1.0,0.1818181818181818,0.8333333333333334,0.6666666666666666,0.9330127018922193,0.7320508075688774,0.06460214309120454,0.7499999999999997,0.27747906604368566,0.0,0.7999999999999999,0.9093914823270093,0.8235294117647057,0.7777777777777777,1.0,0.1818181818181818,0.8666666666666667,0.8333333333333333,0.9330127018922193,0.7320508075688774,0.12638086253384767,0.8345653031794289,0.0,0.3568958678922094,0.7999999999999999,0.9114776037156576,0.8235294117647057,0.7777777777777777,1.0,0.1818181818181818,0.9,1.0,0.9330127018922193,0.7320508075688774,0.20448853110729381,0.9045084971874737,0.0990311320975808,0.8019377358048383,0.7999999999999999,0.9135243643233881,0.8235294117647057,0.7777777777777777,1.0,0.1818181818181818,0.9333333333333333,0.0,0.9330127018922193,0.7320508075688774,0.2955114688927057,0.9567727288213003,0.5,1.0,0.7999999999999999,0.9155711249311187,0.8235294117647057,0.7777777777777777,1.0,0.1818181818181818,0.9666666666666667,0.16666666666666666,0.9330127018922193,0.7320508075688774,0.39547153673234625,0.9890738003669028,0.9009688679024191,0.8019377358048384,0.8571428571428571,0.917558844367472,0.8823529411764705,0.8333333333333333,1.0,0.1818181818181818,0.9999999999999999,0.3333333333333333,0.9330127018922193,0.7320508075688774,0.4999999999999999,1.0,1.0,0.3568958678922095,0.8571428571428571,0.9195662441942849,0.8823529411764705,0.8333333333333333,1.0,0.2727272727272727,0.0,0.5,1.0,0.4641016151377547,0.5,1.0,0.7225209339563144,5.551115123125783e-17,0.8571428571428571,0.9215146028497205,0.8823529411764705,0.8333333333333333,1.0,0.2727272727272727,0.03333333333333333,0.6666666666666666,1.0,0.4641016151377547,0.6045284632676534,0.9890738003669028,0.27747906604368566,0.0,0.8571428571428571,0.9235810438479097,0.8823529411764705,0.8333333333333333,1.0,0.2727272727272727,0.06666666666666668,0.8333333333333333,1.0,0.4641016151377547,0.7044885311072939,0.9567727288213004,0.0,0.3568958678922094,0.8571428571428571,0.9256474848460994,0.8823529411764705,0.8333333333333333,1.0,0.2727272727272727,0.1,1.0,1.0,0.4641016151377547,0.7955114688927061,0.9045084971874737,0.0990311320975808,0.8019377358048383,0.8571428571428571,0.9277139258442886,0.8823529411764705,0.8333333333333333,1.0,0.2727272727272727,0.13333333333333333,0.0,1.0,0.4641016151377547,0.8736191374661522,0.8345653031794291,0.5,1.0,0.8571428571428571,0.9297606864520191,0.8823529411764705,0.8333333333333333,1.0,0.2727272727272727,0.16666666666666669,0.16666666666666666,1.0,0.4641016151377547,0.9353978569087953,0.75,0.9009688679024191,0.8019377358048384,0.7999999999999999,0.9318468078406674,0.8235294117647057,0.7777777777777777,1.0,0.2727272727272727,0.2,0.3333333333333333,1.0,0.4641016151377547,0.9781476007338057,0.6545084971874737,1.0,0.3568958678922095,0.7999999999999999,0.9338542076674803,0.8235294117647057,0.7777777777777777,1.0,0.2727272727272727,0.23333333333333334,0.5,1.0,0.4641016151377547,1.0,0.5522642316338269,0.7225209339563144,5.551115123125783e-17,0.7428571428571428,0.9359403290561286,0.764705882352941,0.7222222222222221,1.0,0.2727272727272727,0.26666666666666666,0.6666666666666666,1.0,0.4641016151377547,1.0,0.44773576836617335,0.27747906604368566,0.0,0.7999999999999999,0.9380658112256945,0.8235294117647057,0.7777777777777777,1.0,0.2727272727272727,0.3,0.8333333333333333,1.0,0.4641016151377547,0.9781476007338057,0.34549150281252633,0.0,0.3568958678922094,0.7999999999999999,0.9401716130048019,0.8235294117647057,0.7777777777777777,1.0,0.2727272727272727,0.3333333333333333,1.0,1.0,0.4641016151377547,0.9353978569087953,0.2500000000000001,0.0990311320975808,0.8019377358048383,0.7999999999999999,0.9422774147839093,0.8235294117647057,0.7777777777777777,1.0,0.2727272727272727,0.3666666666666667,0.0,1.0,0.4641016151377547,0.8736191374661523,0.16543469682057105,0.5,1.0,0.7999999999999999,0.9443635361725575,0.8235294117647057,0.7777777777777777,1.0,0.2727272727272727,0.4,0.16666666666666666,1.0,0.4641016151377547,0.7955114688927061,0.09549150281252633,0.9009688679024191,0.8019377358048384,0.7999999999999999,0.9464496575612058,0.8235294117647057,0.7777777777777777,1.0,0.2727272727272727,0.43333333333333335,0.3333333333333333,1.0,0.4641016151377547,0.704488531107294,0.04322727117869962,1.0,0.3568958678922095,0.7999999999999999,0.9484964181689364,0.8235294117647057,0.7777777777777777,1.0,0.2727272727272727,0.4666666666666667,0.5,1.0,0.4641016151377547,0.6045284632676536,0.010926199633097211,0.7225209339563144,5.551115123125783e-17,0.7999999999999999,0.9505431787766669,0.8235294117647057,0.7777777777777777,1.0,0.2727272727272727,0.5,0.6666666666666666,1.0,0.4641016151377547,0.5000000000000001,0.0,0.27747906604368566,0.0,0.7999999999999999,0.9526293001653152,0.8235294117647057,0.7777777777777777,1.0,0.2727272727272727,0.5333333333333333,0.8333333333333333,1.0,0.4641016151377547,0.3954715367323467,0.010926199633097156,0.0,0.3568958678922094,0.7999999999999999,0.9547154215539635,0.8235294117647057,0.7777777777777777,1.0,0.2727272727272727,0.5666666666666667,1.0,1.0,0.4641016151377547,0.29551146889270624,0.043227271178699456,0.0990311320975808,0.8019377358048383,0.7999999999999999,0.956860584113989,0.8235294117647057,0.7777777777777777,1.0,0.2727272727272727,0.6,0.0,1.0,0.4641016151377547,0.20448853110729398,0.09549150281252627,0.5,1.0,0.7999999999999999,0.9588876643312605,0.8235294117647057,0.7777777777777777,1.0,0.2727272727272727,0.6333333333333333,0.16666666666666666,1.0,0.4641016151377547,0.12638086253384795,0.16543469682057077,0.9009688679024191,0.8019377358048384,0.7999999999999999,0.9608950641580729,0.8235294117647057,0.7777777777777777,1.0,0.2727272727272727,0.6666666666666666,0.3333333333333333,1.0,0.4641016151377547,0.06460214309120482,0.24999999999999978,1.0,0.3568958678922095,0.7999999999999999,0.9627843816421318,0.8235294117647057,0.7777777777777777,1.0,0.2727272727272727,0.7,0.5,1.0,0.4641016151377547,0.021852399266194367,0.3454915028125262,0.7225209339563144,5.551115123125783e-17,0.7999999999999999,0.9646736991261906,0.8235294117647057,0.7777777777777777,1.0,0.2727272727272727,0.7333333333333333,0.6666666666666666,1.0,0.4641016151377547,0.0,0.4477357683661729,0.27747906604368566,0.0,0.7999999999999999,0.9665826970007085,0.8235294117647057,0.7777777777777777,1.0,0.2727272727272727,0.7666666666666667,0.8333333333333333,1.0,0.4641016151377547,0.0,0.5522642316338265,0.0,0.3568958678922094,0.7999999999999999,0.968590096827521,0.8235294117647057,0.7777777777777777,1.0,0.2727272727272727,0.8,1.0,1.0,0.4641016151377547,0.02185239926619431,0.6545084971874736,0.0990311320975808,0.8019377358048383,0.8571428571428571,0.9706368574352515,0.8823529411764705,0.8333333333333333,1.0,0.2727272727272727,0.8333333333333334,0.0,1.0,0.4641016151377547,0.06460214309120454,0.7499999999999997,0.5,1.0,0.8571428571428571,0.9726836180429821,0.8823529411764705,0.8333333333333333,1.0,0.2727272727272727,0.8666666666666667,0.16666666666666666,1.0,0.4641016151377547,0.12638086253384767,0.8345653031794289,0.9009688679024191,0.8019377358048384,0.8571428571428571,0.9745926159174996,0.8823529411764705,0.8333333333333333,1.0,0.2727272727272727,0.9,0.3333333333333333,1.0,0.4641016151377547,0.20448853110729381,0.9045084971874737,1.0,0.3568958678922095,0.8571428571428571,0.9763835314492639,0.8823529411764705,0.8333333333333333,1.0,0.2727272727272727,0.9333333333333333,0.5,1.0,0.4641016151377547,0.2955114688927057,0.9567727288213003,0.7225209339563144,5.551115123125783e-17,0.8571428571428571,0.9779973234668975,0.8823529411764705,0.8333333333333333,1.0,0.2727272727272727,0.9666666666666667,0.6666666666666666,1.0,0.4641016151377547,0.39547153673234625,0.9890738003669028,0.27747906604368566,0.0,0.8571428571428571,0.9795323939226952,0.8823529411764705,0.8333333333333333,1.0,0.36363636363636365,0.0,0.8333333333333333,0.9330127018922194,0.19615242270663208,0.5,1.0,0.0,0.3568958678922094
0.8571428571428571,0.8612926080453436,0.8823529411764705,0.8333333333333333,1.0,0.1818181818181818,0.06666666666666668,0.3333333333333333,0.9330127018922193,0.7320508075688774,0.7044885311072939,0.9567727288213004,1.0,0.3568958678922095,0.8571428571428571,0.863300007872156,0.8823529411764705,0.8333333333333333,1.0,0.1818181818181818,0.13333333333333333,0.6666666666666666,0.9330127018922193,0.7320508075688774,0.8736191374661522,0.8345653031794291,0.27747906604368566,0.0,0.8571428571428571,0.8653467684798866,0.8823529411764705,0.8333333333333333,1.0,0.1818181818181818,0.16666666666666669,0.8333333333333333,0.9330127018922193,0.7320508075688774,0.9353978569087953,0.75,0.0,0.3568958678922094,0.8571428571428571,0.8673935290876171,0.8823529411764705,0.8333333333333333,1.0,0.1818181818181818,0.2,1.0,0.9330127018922193,0.7320508075688774,0.9781476007338057,0.6545084971874737,0.0990311320975808,0.8019377358048383,1.0,0.8694599700858063,0.9999999999999999,1.0,1.0,0.1818181818181818,0.23333333333333334,0.0,0.9330127018922193,0.7320508075688774,1.0,0.5522642316338269,0.5,1.0,1.0,0.871546091474455,0.9999999999999999,1.0,1.0,0.1818181818181818,0.26666666666666666,0.16666666666666666,0.9330127018922193,0.7320508075688774,1.0,0.44773576836617335,0.9009688679024191,0.8019377358048384,0.8571428571428571,0.8736125324726443,0.8823529411764705,0.8333333333333333,1.0,0.1818181818181818,0.3,0.3333333333333333,0.9330127018922193,0.7320508075688774,0.9781476007338057,0.34549150281252633,1.0,0.3568958678922095,1.0,0.8756986538612925,0.9999999999999999,1.0,1.0,0.1818181818181818,0.3333333333333333,0.5,0.9330127018922193,0.7320508075688774,0.9353978569087953,0.2500000000000001,0.7225209339563144,5.551115123125783e-17,0.7999999999999999,0.8777847752499408,0.8235294117647057,0.7777777777777777,1.0,0.1818181818181818,0.3666666666666667,0.6666666666666666,0.9330127018922193,0.7320508075688774,0.8736191374661523,0.16543469682057105,0.27747906604368566,0.0,0.7999999999999999,0.8798512162481305,0.8235294117647057,0.7777777777777777,1.0,0.1818181818181818,0.4,0.8333333333333333,0.9330127018922193,0.7320508075688774,0.7955114688927061,0.09549150281252633,0.0,0.3568958678922094,0.7999999999999999,0.8819963788081555,0.8235294117647057,0.7777777777777777,1.0,0.1818181818181818,0.43333333333333335,1.0,0.9330127018922193,0.7320508075688774,0.704488531107294,0.04322727117869962,0.0990311320975808,0.8019377358048383,0.7999999999999999,0.8841218609777219,0.8235294117647057,0.7777777777777777,1.0,0.1818181818181818,0.4666666666666667,0.0,0.9330127018922193,0.7320508075688774,0.6045284632676536,0.010926199633097211,0.5,1.0,0.7999999999999999,0.8862867039282061,0.8235294117647057,0.7777777777777777,1.0,0.1818181818181818,0.5,0.16666666666666666,0.9330127018922193,0.7320508075688774,0.5000000000000001,0.0,0.9009688679024191,0.8019377358048384,0.7999999999999999,0.8884121860977721,0.8235294117647057,0.7777777777777777,1.0,0.1818181818181818,0.5333333333333333,0.3333333333333333,0.9330127018922193,0.7320508075688774,0.3954715367323467,0.010926199633097156,1.0,0.3568958678922095,0.7999999999999999,0.8905179878768794,0.8235294117647057,0.7777777777777777,1.0,0.1818181818181818,0.5666666666666667,0.5,0.9330127018922193,0.7320508075688774,0.29551146889270624,0.043227271178699456,0.7225209339563144,5.551115123125783e-17,0.7999999999999999,0.8926041092655277,0.8235294117647057,0.7777777777777777,1.0,0.1818181818181818,0.6,0.6666666666666666,0.9330127018922193,0.7320508075688774,0.20448853110729398,0.09549150281252627,0.27747906604368566,0.0,0.7999999999999999,0.894690230654176,0.8235294117647057,0.7777777777777777,1.0,0.1818181818181818,0.6333333333333333,0.8333333333333333,0.9330127018922193,0.7320508075688774,0.12638086253384795,0.16543469682057077,0.0,0.3568958678922094,0.7999999999999999,0.8968353932142015,0.8235294117647057,0.7777777777777777,1.0,0.1818181818181818,0.6666666666666666,1.0,0.9330127018922193,0.7320508075688774,0.06460214309120482,0.24999999999999978,0.0990311320975808,0.8019377358048383,0.7999999999999999,0.8989411949933088,0.8235294117647057,0.7777777777777777,1.0,0.1818181818181818,0.7,0.0,0.9330127018922193,0.7320508075688774,0.021852399266194367,0.3454915028125262,0.5,1.0,0.7999999999999999,0.9010469967724157,0.8235294117647057,0.7777777777777777,1.0,0.1818181818181818,0.7333333333333333,0.16666666666666666,0.9330127018922193,0.7320508075688774,0.0,0.4477357683661729,0.9009688679024191,0.8019377358048384,0.7999999999999999,0.9031331181610645,0.8235294117647057,0.7777777777777777,1.0,0.1818181818181818,0.7666666666666667,0.3333333333333333,0.9330127018922193,0.7320508075688774,0.0,0.5522642316338265,1.0,0.3568958678922095,0.7999999999999999,0.9052192395497127,0.8235294117647057,0.7777777777777777,1.0,0.1818181818181818,0.8,0.5,0.9330127018922193,0.7320508075688774,0.02185239926619431,0.6545084971874736,0.7225209339563144,5.551115123125783e-17,0.7999999999999999,0.9073250413288201,0.8235294117647057,0.7777777777777777,1.0,0.1818181818181818,0.8333333333333334,0.6666666666666666,0.9330127018922193,0.7320508075688774,0.06460214309120454,0.7499999999999997,0.27747906604368566,0.0,0.7999999999999999,0.9093914823270093,0.8235294117647057,0.7777777777777777,1.0,0.1818181818181818,0.8666666666666667,0.8333333333333333,0.9330127018922193,0.7320508075688774,0.12638086253384767,0.8345653031794289,0.0,0.3568958678922094,0.7999999999999999,0.9114776037156576,0.8235294117647057,0.7777777777777777,1.0,0.1818181818181818,0.9,1.0,0.9330127018922193,0.7320508075688774,0.20448853110729381,0.9045084971874737,0.0990311320975808,0.8019377358048383,0.7999999999999999,0.9135243643233881,0.8235294117647057,0.7777777777777777,1.0,0.1818181818181818,0.9333333333333333,0.0,0.9330127018922193,0.7320508075688774,0.2955114688927057,0.9567727288213003,0.5,1.0,0.7999999999999999,0.9155711249311187,0.8235294117647057,0.7777777777777777,1.0,0.1818181818181818,0.9666666666666667,0.16666666666666666,0.9330127018922193,0.7320508075688774,0.39547153673234625,0.9890738003669028,0.9009688679024191,0.8019377358048384,0.8571428571428571,0.917558844367472,0.8823529411764705,0.8333333333333333,1.0,0.1818181818181818,0.9999999999999999,0.3333333333333333,0.9330127018922193,0.7320508075688774,0.4999999999999999,1.0,1.0,0.3568958678922095,0.8571428571428571,0.9195662441942849,0.8823529411764705,0.8333333333333333,1.0,0.2727272727272727,0.0,0.5,1.0,0.4641016151377547,0.5,1.0,0.7225209339563144,5.551115123125783e-17,0.8571428571428571,0.9215146028497205,0.8823529411764705,0.8333333333333333,1.0,0.2727272727272727,0.03333333333333333,0.6666666666666666,1.0,0.4641016151377547,0.6045284632676534,0.9890738003669028,0.27747906604368566,0.0,0.8571428571428571,0.9235810438479097,0.8823529411764705,0.8333333333333333,1.0,0.2727272727272727,0.06666666666666668,0.8333333333333333,1.0,0.4641016151377547,0.7044885311072939,0.9567727288213004,0.0,0.3568958678922094,0.8571428571428571,0.9256474848460994,0.8823529411764705,0.8333333333333333,1.0,0.2727272727272727,0.1,1.0,1.0,0.4641016151377547,0.7955114688927061,0.9045084971874737,0.0990311320975808,0.8019377358048383,0.8571428571428571,0.9277139258442886,0.8823529411764705,0.8333333333333333,1.0,0.2727272727272727,0.13333333333333333,0.0,1.0,0.4641016151377547,0.8736191374661522,0.8345653031794291,0.5,1.0,0.8571428571428571,0.9297606864520191,0.8823529411764705,0.8333333333333333,1.0,0.2727272727272727,0.16666666666666669,0.16666666666666666,1.0,0.4641016151377547,0.9353978569087953,0.75,0.9009688679024191,0.8019377358048384,0.7999999999999999,0.9318468078406674,0.8235294117647057,0.7777777777777777,1.0,0.2727272727272727,0.2,0.3333333333333333,1.0,0.4641016151377547,0.9781476007338057,0.6545084971874737,1.0,0.3568958678922095,0.7999999999999999,0.9338542076674803,0.8235294117647057,0.7777777777777777,1.0,0.2727272727272727,0.23333333333333334,0.5,1.0,0.4641016151377547,1.0,0.5522642316338269,0.7225209339563144,5.551115123125783e-17,0.7428571428571428,0.9359403290561286,0.764705882352941,0.7222222222222221,1.0,0.2727272727272727,0.26666666666666666,0.6666666666666666,1.0,0.4641016151377547,1.0,0.44773576836617335,0.27747906604368566,0.0,0.7999999999999999,0.9380658112256945,0.8235294117647057,0.7777777777777777,1.0,0.2727272727272727,0.3,0.8333333333333333,1.0,0.4641016151377547,0.9781476007338057,0.34549150281252633,0.0,0.3568958678922094,0.7999999999999999,0.9401716130048019,0.8235294117647057,0.7777777777777777,1.0,0.2727272727272727,0.3333333333333333,1.0,1.0,0.4641016151377547,0.9353978569087953,0.2500000000000001,0.0990311320975808,0.8019377358048383,0.7999999999999999,0.9422774147839093,0.8235294117647057,0.7777777777777777,1.0,0.2727272727272727,0.3666666666666667,0.0,1.0,0.4641016151377547,0.8736191374661523,0.16543469682057105,0.5,1.0,0.7999999999999999,0.9443635361725575,0.8235294117647057,0.7777777777777777,1.0,0.2727272727272727,0.4,0.16666666666666666,1.0,0.4641016151377547,0.7955114688927061,0.09549150281252633,0.9009688679024191,0.8019377358048384,0.7999999999999999,0.9464496575612058,0.8235294117647057,0.7777777777777777,1.0,0.2727272727272727,0.43333333333333335,0.3333333333333333,1.0,0.4641016151377547,0.704488531107294,0.04322727117869962,1.0,0.3568958678922095,0.7999999999999999,0.9484964181689364,0.8235294117647057,0.7777777777777777,1.0,0.2727272727272727,0.4666666666666667,0.5,1.0,0.4641016151377547,0.6045284632676536,0.010926199633097211,0.7225209339563144,5.551115123125783e-17,0.7999999999999999,0.9505431787766669,0.8235294117647057,0.7777777777777777,1.0,0.2727272727272727,0.5,0.6666666666666666,1.0,0.4641016151377547,0.5000000000000001,0.0,0.27747906604368566,0.0,0.7999999999999999,0.9526293001653152,0.8235294117647057,0.7777777777777777,1.0,0.2727272727272727,0.5333333333333333,0.8333333333333333,1.0,0.4641016151377547,0.3954715367323467,0.010926199633097156,0.0,0.3568958678922094,0.7999999999999999,0.9547154215539635,0.8235294117647057,0.7777777777777777,1.0,0.2727272727272727,0.5666666666666667,1.0,1.0,0.4641016151377547,0.29551146889270624,0.043227271178699456,0.0990311320975808,0.8019377358048383,0.7999999999999999,0.956860584113989,0.8235294117647057,0.7777777777777777,1.0,0.2727272727272727,0.6,0.0,1.0,0.4641016151377547,0.20448853110729398,0.09549150281252627,0.5,1.0,0.7999999999999999,0.9588876643312605,0.8235294117647057,0.7777777777777777,1.0,0.2727272727272727,0.6333333333333333,0.16666666666666666,1.0,0.4641016151377547,0.12638086253384795,0.16543469682057077,0.9009688679024191,0.8019377358048384,0.7999999999999999,0.9608950641580729,0.8235294117647057,0.7777777777777777,1.0,0.2727272727272727,0.6666666666666666,0.3333333333333333,1.0,0.4641016151377547,0.06460214309120482,0.24999999999999978,1.0,0.3568958678922095,0.7999999999999999,0.9627843816421318,0.8235294117647057,0.7777777777777777,1.0,0.2727272727272727,0.7,0.5,1.0,0.4641016151377547,0.021852399266194367,0.3454915028125262,0.7225209339563144,5.551115123125783e-17,0.7999999999999999,0.9646736991261906,0.8235294117647057,0.7777777777777777,1.0,0.2727272727272727,0.7333333333333333,0.6666666666666666,1.0,0.4641016151377547,0.0,0.4477357683661729,0.27747906604368566,0.0,0.7999999999999999,0.9665826970007085,0.8235294117647057,0.7777777777777777,1.0,0.2727272727272727,0.7666666666666667,0.8333333333333333,1.0,0.4641016151377547,0.0,0.5522642316338265,0.0,0.3568958678922094,0.7999999999999999,0.968590096827521,0.8235294117647057,0.7777777777777777,1.0,0.2727272727272727,0.8,1.0,1.0,0.4641016151377547,0.02185239926619431,0.6545084971874736,0.0990311320975808,0.8019377358048383,0.8571428571428571,0.9706368574352515,0.8823529411764705,0.8333333333333333,1.0,0.2727272727272727,0.8333333333333334,0.0,1.0,0.4641016151377547,0.06460214309120454,0.7499999999999997,0.5,1.0,0.8571428571428571,0.9726836180429821,0.8823529411764705,0.8333333333333333,1.0,0.2727272727272727,0.8666666666666667,0.16666666666666666,1.0,0.4641016151377547,0.12638086253384767,0.8345653031794289,0.9009688679024191,0.8019377358048384,0.8571428571428571,0.9745926159174996,0.8823529411764705,0.8333333333333333,1.0,0.2727272727272727,0.9,0.3333333333333333,1.0,0.4641016151377547,0.20448853110729381,0.9045084971874737,1.0,0.3568958678922095,0.8571428571428571,0.9763835314492639,0.8823529411764705,0.8333333333333333,1.0,0.2727272727272727,0.9333333333333333,0.5,1.0,0.4641016151377547,0.2955114688927057,0.9567727288213003,0.7225209339563144,5.551115123125783e-17,0.8571428571428571,0.9779973234668975,0.8823529411764705,0.8333333333333333,1.0,0.2727272727272727,0.9666666666666667,0.6666666666666666,1.0,0.4641016151377547,0.39547153673234625,0.9890738003669028,0.27747906604368566,0.0,0.8571428571428571,0.9795323939226952,0.8823529411764705,0.8333333333333333,1.0,0.36363636363636365,0.0,0.8333333333333333,0.9330127018922194,0.19615242270663208,0.5,1.0,0.0,0.3568958678922094,0.8571428571428571,0.9813036290640005,0.8823529411764705,0.8333333333333333,1.0,0.36363636363636365,0.03333333333333333,1.0,0.9330127018922194,0.19615242270663208,0.6045284632676534,0.9890738003669028,0.0990311320975808,0.8019377358048383
0.8571428571428571,0.863300007872156,0.8823529411764705,0.8333333333333333,1.0,0.1818181818181818,0.13333333333333333,0.6666666666666666,0.9330127018922193,0.7320508075688774,0.8736191374661522,0.8345653031794291,0.27747906604368566,0.0,0.8571428571428571,0.8653467684798866,0.8823529411764705,0.8333333333333333,1.0,0.1818181818181818,0.16666666666666669,0.8333333333333333,0.9330127018922193,0.7320508075688774,0.9353978569087953,0.75,0.0,0.3568958678922094,0.8571428571428571,0.8673935290876171,0.8823529411764705,0.8333333333333333,1.0,0.1818181818181818,0.2,1.0,0.9330127018922193,0.7320508075688774,0.9781476007338057,0.6545084971874737,0.0990311320975808,0.8019377358048383,1.0,0.8694599700858063,0.9999999999999999,1.0,1.0,0.1818181818181818,0.23333333333333334,0.0,0.9330127018922193,0.7320508075688774,1.0,0.5522642316338269,0.5,1.0,1.0,0.871546091474455,0.9999999999999999,1.0,1.0,0.1818181818181818,0.26666666666666666,0.16666666666666666,0.9330127018922193,0.7320508075688774,1.0,0.44773576836617335,0.9009688679024191,0.8019377358048384,0.8571428571428571,0.8736125324726443,0.8823529411764705,0.8333333333333333,1.0,0.1818181818181818,0.3,0.3333333333333333,0.9330127018922193,0.7320508075688774,0.9781476007338057,0.34549150281252633,1.0,0.3568958678922095,1.0,0.8756986538612925,0.9999999999999999,1.0,1.0,0.1818181818181818,0.3333333333333333,0.5,0.9330127018922193,0.7320508075688774,0.9353978569087953,0.2500000000000001,0.7225209339563144,5.551115123125783e-17,0.7999999999999999,0.8777847752499408,0.8235294117647057,0.7777777777777777,1.0,0.1818181818181818,0.3666666666666667,0.6666666666666666,0.9330127018922193,0.7320508075688774,0.8736191374661523,0.16543469682057105,0.27747906604368566,0.0,0.7999999999999999,0.8798512162481305,0.8235294117647057,0.7777777777777777,1.0,0.1818181818181818,0.4,0.8333333333333333,0.9330127018922193,0.7320508075688774,0.7955114688927061,0.09549150281252633,0.0,0.3568958678922094,0.7999999999999999,0.8819963788081555,0.8235294117647057,0.7777777777777777,1.0,0.1818181818181818,0.43333333333333335,1.0,0.9330127018922193,0.7320508075688774,0.704488531107294,0.04322727117869962,0.0990311320975808,0.8019377358048383,0.7999999999999999,0.8841218609777219,0.8235294117647057,0.7777777777777777,1.0,0.1818181818181818,0.4666666666666667,0.0,0.9330127018922193,0.7320508075688774,0.6045284632676536,0.010926199633097211,0.5,1.0,0.7999999999999999,0.8862867039282061,0.8235294117647057,0.7777777777777777,1.0,0.1818181818181818,0.5,0.16666666666666666,0.9330127018922193,0.7320508075688774,0.5000000000000001,0.0,0.9009688679024191,0.8019377358048384,0.7999999999999999,0.8884121860977721,0.8235294117647057,0.7777777777777777,1.0,0.1818181818181818,0.5333333333333333,0.3333333333333333,0.9330127018922193,0.7320508075688774,0.3954715367323467,0.010926199633097156,1.0,0.3568958678922095,0.7999999999999999,0.8905179878768794,0.8235294117647057,0.7777777777777777,1.0,0.1818181818181818,0.5666666666666667,0.5,0.9330127018922193,0.7320508075688774,0.29551146889270624,0.043227271178699456,0.7225209339563144,5.551115123125783e-17,0.7999999999999999,0.8926041092655277,0.8235294117647057,0.7777777777777777,1.0,0.1818181818181818,0.6,0.6666666666666666,0.9330127018922193,0.7320508075688774,0.20448853110729398,0.09549150281252627,0.27747906604368566,0.0,0.7999999999999999,0.894690230654176,0.8235294117647057,0.7777777777777777,1.0,0.1818181818181818,0.6333333333333333,0.8333333333333333,0.9330127018922193,0.7320508075688774,0.12638086253384795,0.16543469682057077,0.0,0.3568958678922094,0.7999999999999999,0.8968353932142015,0.8235294117647057,0.7777777777777777,1.0,0.1818181818181818,0.6666666666666666,1.0,0.9330127018922193,0.7320508075688774,0.06460214309120482,0.24999999999999978,0.0990311320975808,0.8019377358048383,0.7999999999999999,0.8989411949933088,0.8235294117647057,0.7777777777777777,1.0,0.1818181818181818,0.7,0.0,0.9330127018922193,0.7320508075688774,0.021852399266194367,0.3454915028125262,0.5,1.0,0.7999999999999999,0.9010469967724157,0.8235294117647057,0.7777777777777777,1.0,0.1818181818181818,0.7333333333333333,0.16666666666666666,0.9330127018922193,0.7320508075688774,0.0,0.4477357683661729,0.9009688679024191,0.8019377358048384,0.7999999999999999,0.9031331181610645,0.8235294117647057,0.7777777777777777,1.0,0.1818181818181818,0.7666666666666667,0.3333333333333333,0.9330127018922193,0.7320508075688774,0.0,0.5522642316338265,1.0,0.3568958678922095,0.7999999999999999,0.9052192395497127,0.8235294117647057,0.7777777777777777,1.0,0.1818181818181818,0.8,0.5,0.9330127018922193,0.7320508075688774,0.02185239926619431,0.6545084971874736,0.7225209339563144,5.551115123125783e-17,0.7999999999999999,0.9073250413288201,0.8235294117647057,0.7777777777777777,1.0,0.1818181818181818,0.8333333333333334,0.6666666666666666,0.9330127018922193,0.7320508075688774,0.06460214309120454,0.7499999999999997,0.27747906604368566,0.0,0.7999999999999999,0.9093914823270093,0.8235294117647057,0.7777777777777777,1.0,0.1818181818181818,0.8666666666666667,0.8333333333333333,0.9330127018922193,0.7320508075688774,0.12638086253384767,0.8345653031794289,0.0,0.3568958678922094,0.7999999999999999,0.9114776037156576,0.8235294117647057,0.7777777777777777,1.0,0.1818181818181818,0.9,1.0,0.9330127018922193,0.7320508075688774,0.20448853110729381,0.9045084971874737,0.0990311320975808,0.8019377358048383,0.7999999999999999,0.9135243643233881,0.8235294117647057,0.7777777777777777,1.0,0.1818181818181818,0.9333333333333333,0.0,0.9330127018922193,0.7320508075688774,0.2955114688927057,0.9567727288213003,0.5,1.0,0.7999999999999999,0.9155711249311187,0.8235294117647057,0.7777777777777777,1.0,0.1818181818181818,0.9666666666666667,0.16666666666666666,0.9330127018922193,0.7320508075688774,0.39547153673234625,0.9890738003669028,0.9009688679024191,0.8019377358048384,0.8571428571428571,0.917558844367472,0.8823529411764705,0.8333333333333333,1.0,0.1818181818181818,0.9999999999999999,0.3333333333333333,0.9330127018922193,0.7320508075688774,0.4999999999999999,1.0,1.0,0.3568958678922095,0.8571428571428571,0.9195662441942849,0.8823529411764705,0.8333333333333333,1.0,0.2727272727272727,0.0,0.5,1.0,0.4641016151377547,0.5,1.0,0.7225209339563144,5.551115123125783e-17,0.8571428571428571,0.9215146028497205,0.8823529411764705,0.8333333333333333,1.0,0.2727272727272727,0.03333333333333333,0.6666666666666666,1.0,0.4641016151377547,0.6045284632676534,0.9890738003669028,0.27747906604368566,0.0,0.8571428571428571,0.9235810438479097,0.8823529411764705,0.8333333333333333,1.0,0.2727272727272727,0.06666666666666668,0.8333333333333333,1.0,0.4641016151377547,0.7044885311072939,0.9567727288213004,0.0,0.3568958678922094,0.8571428571428571,0.9256474848460994,0.8823529411764705,0.8333333333333333,1.0,0.2727272727272727,0.1,1.0,1.0,0.4641016151377547,0.7955114688927061,0.9045084971874737,0.0990311320975808,0.8019377358048383,0.8571428571428571,0.9277139258442886,0.8823529411764705,0.8333333333333333,1.0,0.2727272727272727,0.13333333333333333,0.0,1.0,0.4641016151377547,0.8736191374661522,0.8345653031794291,0.5,1.0,0.8571428571428571,0.9297606864520191,0.8823529411764705,0.8333333333333333,1.0,0.2727272727272727,0.16666666666666669,0.16666666666666666,1.0,0.4641016151377547,0.9353978569087953,0.75,0.9009688679024191,0.8019377358048384,0.7999999999999999,0.9318468078406674,0.8235294117647057,0.7777777777777777,1.0,0.2727272727272727,0.2,0.3333333333333333,1.0,0.4641016151377547,0.9781476007338057,0.6545084971874737,1.0,0.3568958678922095,0.7999999999999999,0.9338542076674803,0.8235294117647057,0.7777777777777777,1.0,0.2727272727272727,0.23333333333333334,0.5,1.0,0.4641016151377547,1.0,0.5522642316338269,0.7225209339563144,5.551115123125783e-17,0.7428571428571428,0.9359403290561286,0.764705882352941,0.7222222222222221,1.0,0.2727272727272727,0.26666666666666666,0.6666666666666666,1.0,0.4641016151377547,1.0,0.44773576836617335,0.27747906604368566,0.0,0.7999999999999999,0.9380658112256945,0.8235294117647057,0.7777777777777777,1.0,0.2727272727272727,0.3,0.8333333333333333,1.0,0.4641016151377547,0.9781476007338057,0.34549150281252633,0.0,0.3568958678922094,0.7999999999999999,0.9401716130048019,0.8235294117647057,0.7777777777777777,1.0,0.2727272727272727,0.3333333333333333,1.0,1.0,0.4641016151377547,0.9353978569087953,0.2500000000000001,0.0990311320975808,0.8019377358048383,0.7999999999999999,0.9422774147839093,0.8235294117647057,0.7777777777777777,1.0,0.2727272727272727,0.3666666666666667,0.0,1.0,0.4641016151377547,0.8736191374661523,0.16543469682057105,0.5,1.0,0.7999999999999999,0.9443635361725575,0.8235294117647057,0.7777777777777777,1.0,0.2727272727272727,0.4,0.16666666666666666,1.0,0.4641016151377547,0.7955114688927061,0.09549150281252633,0.9009688679024191,0.8019377358048384,0.7999999999999999,0.9464496575612058,0.8235294117647057,0.7777777777777777,1.0,0.2727272727272727,0.43333333333333335,0.3333333333333333,1.0,0.4641016151377547,0.704488531107294,0.04322727117869962,1.0,0.3568958678922095,0.7999999999999999,0.9484964181689364,0.8235294117647057,0.7777777777777777,1.0,0.2727272727272727,0.4666666666666667,0.5,1.0,0.4641016151377547,0.6045284632676536,0.010926199633097211,0.7225209339563144,5.551115123125783e-17,0.7999999999999999,0.9505431787766669,0.8235294117647057,0.7777777777777777,1.0,0.2727272727272727,0.5,0.6666666666666666,1.0,0.4641016151377547,0.5000000000000001,0.0,0.27747906604368566,0.0,0.7999999999999999,0.9526293001653152,0.8235294117647057,0.7777777777777777,1.0,0.2727272727272727,0.5333333333333333,0.8333333333333333,1.0,0.4641016151377547,0.3954715367323467,0.010926199633097156,0.0,0.3568958678922094,0.7999999999999999,0.9547154215539635,0.8235294117647057,0.7777777777777777,1.0,0.2727272727272727,0.5666666666666667,1.0,1.0,0.4641016151377547,0.29551146889270624,0.043227271178699456,0.0990311320975808,0.8019377358048383,0.7999999999999999,0.956860584113989,0.8235294117647057,0.7777777777777777,1.0,0.2727272727272727,0.6,0.0,1.0,0.4641016151377547,0.20448853110729398,0.09549150281252627,0.5,1.0,0.7999999999999999,0.9588876643312605,0.8235294117647057,0.7777777777777777,1.0,0.2727272727272727,0.6333333333333333,0.16666666666666666,1.0,0.4641016151377547,0.12638086253384795,0.16543469682057077,0.9009688679024191,0.8019377358048384,0.7999999999999999,0.9608950641580729,0.8235294117647057,0.7777777777777777,1.0,0.2727272727272727,0.6666666666666666,0.3333333333333333,1.0,0.4641016151377547,0.06460214309120482,0.24999999999999978,1.0,0.3568958678922095,0.7999999999999999,0.9627843816421318,0.8235294117647057,0.7777777777777777,1.0,0.2727272727272727,0.7,0.5,1.0,0.4641016151377547,0.021852399266194367,0.3454915028125262,0.7225209339563144,5.551115123125783e-17,0.7999999999999999,0.9646736991261906,0.8235294117647057,0.7777777777777777,1.0,0.2727272727272727,0.7333333333333333,0.6666666666666666,1.0,0.4641016151377547,0.0,0.4477357683661729,0.27747906604368566,0.0,0.7999999999999999,0.9665826970007085,0.8235294117647057,0.7777777777777777,1.0,0.2727272727272727,0.7666666666666667,0.8333333333333333,1.0,0.4641016151377547,0.0,0.5522642316338265,0.0,0.3568958678922094,0.7999999999999999,0.968590096827521,0.8235294117647057,0.7777777777777777,1.0,0.2727272727272727,0.8,1.0,1.0,0.4641016151377547,0.02185239926619431,0.6545084971874736,0.0990311320975808,0.8019377358048383,0.8571428571428571,0.9706368574352515,0.8823529411764705,0.8333333333333333,1.0,0.2727272727272727,0.8333333333333334,0.0,1.0,0.4641016151377547,0.06460214309120454,0.7499999999999997,0.5,1.0,0.8571428571428571,0.9726836180429821,0.8823529411764705,0.8333333333333333,1.0,0.2727272727272727,0.8666666666666667,0.16666666666666666,1.0,0.4641016151377547,0.12638086253384767,0.8345653031794289,0.9009688679024191,0.8019377358048384,0.8571428571428571,0.9745926159174996,0.8823529411764705,0.8333333333333333,1.0,0.2727272727272727,0.9,0.3333333333333333,1.0,0.4641016151377547,0.20448853110729381,0.9045084971874737,1.0,0.3568958678922095,0.8571428571428571,0.9763835314492639,0.8823529411764705,0.8333333333333333,1.0,0.2727272727272727,0.9333333333333333,0.5,1.0,0.4641016151377547,0.2955114688927057,0.9567727288213003,0.7225209339563144,5.551115123125783e-17,0.8571428571428571,0.9779973234668975,0.8823529411764705,0.8333333333333333,1.0,0.2727272727272727,0.9666666666666667,0.6666666666666666,1.0,0.4641016151377547,0.39547153673234625,0.9890738003669028,0.27747906604368566,0.0,0.8571428571428571,0.9795323939226952,0.8823529411764705,0.8333333333333333,1.0,0.36363636363636365,0.0,0.8333333333333333,0.9330127018922194,0.19615242270663208,0.5,1.0,0.0,0.3568958678922094,0.8571428571428571,0.9813036290640005,0.8823529411764705,0.8333333333333333,1.0,0.36363636363636365,0.03333333333333333,1.0,0.9330127018922194,0.19615242270663208,0.6045284632676534,0.9890738003669028,0.0990311320975808,0.8019377358048383,0.8571428571428571,0.9911044635125559,0.8823529411764705,0.8333333333333333,1.0,0.36363636363636365,0.23333333333333334,0.8333333333333333,0.9330127018922194,0.19615242270663208,1.0,0.5522642316338269,0.0,0.3568958678922094
0.8571428571428571,0.8653467684798866,0.8823529411764705,0.8333333333333333,1.0,0.1818181818181818,0.16666666666666669,0.8333333333333333,0.9330127018922193,0.7320508075688774,0.9353978569087953,0.75,0.0,0.3568958678922094,0.8571428571428571,0.8673935290876171,0.8823529411764705,0.8333333333333333,1.0,0.1818181818181818,0.2,1.0,0.9330127018922193,0.7320508075688774,0.9781476007338057,0.6545084971874737,0.0990311320975808,0.8019377358048383,1.0,0.8694599700858063,0.9999999999999999,1.0,1.0,0.1818181818181818,0.23333333333333334,0.0,0.9330127018922193,0.7320508075688774,1.0,0.5522642316338269,0.5,1.0,1.0,0.871546091474455,0.9999999999999999,1.0,1.0,0.1818181818181818,0.26666666666666666,0.16666666666666666,0.9330127018922193,0.7320508075688774,1.0,0.44773576836617335,0.9009688679024191,0.8019377358048384,0.8571428571428571,0.8736125324726443,0.8823529411764705,0.8333333333333333,1.0,0.1818181818181818,0.3,0.3333333333333333,0.9330127018922193,0.7320508075688774,0.9781476007338057,0.34549150281252633,1.0,0.3568958678922095,1.0,0.8756986538612925,0.9999999999999999,1.0,1.0,0.1818181818181818,0.3333333333333333,0.5,0.9330127018922193,0.7320508075688774,0.9353978569087953,0.2500000000000001,0.7225209339563144,5.551115123125783e-17,0.7999999999999999,0.8777847752499408,0.8235294117647057,0.7777777777777777,1.0,0.1818181818181818,0.3666666666666667,0.6666666666666666,0.9330127018922193,0.7320508075688774,0.8736191374661523,0.16543469682057105,0.27747906604368566,0.0,0.7999999999999999,0.8798512162481305,0.8235294117647057,0.7777777777777777,1.0,0.1818181818181818,0.4,0.8333333333333333,0.9330127018922193,0.7320508075688774,0.7955114688927061,0.09549150281252633,0.0,0.3568958678922094,0.7999999999999999,0.8819963788081555,0.8235294117647057,0.7777777777777777,1.0,0.1818181818181818,0.43333333333333335,1.0,0.9330127018922193,0.7320508075688774,0.704488531107294,0.04322727117869962,0.0990311320975808,0.8019377358048383,0.7999999999999999,0.8841218609777219,0.8235294117647057,0.7777777777777777,1.0,0.1818181818181818,0.4666666666666667,0.0,0.9330127018922193,0.7320508075688774,0.6045284632676536,0.010926199633097211,0.5,1.0,0.7999999999999999,0.8862867039282061,0.8235294117647057,0.7777777777777777,1.0,0.1818181818181818,0.5,0.16666666666666666,0.9330127018922193,0.7320508075688774,0.5000000000000001,0.0,0.9009688679024191,0.8019377358048384,0.7999999999999999,0.8884121860977721,0.8235294117647057,0.7777777777777777,1.0,0.1818181818181818,0.5333333333333333,0.3333333333333333,0.9330127018922193,0.7320508075688774,0.3954715367323467,0.010926199633097156,1.0,0.3568958678922095,0.7999999999999999,0.8905179878768794,0.8235294117647057,0.7777777777777777,1.0,0.1818181818181818,0.5666666666666667,0.5,0.9330127018922193,0.7320508075688774,0.29551146889270624,0.043227271178699456,0.7225209339563144,5.551115123125783e-17,0.7999999999999999,0.8926041092655277,0.8235294117647057,0.7777777777777777,1.0,0.1818181818181818,0.6,0.6666666666666666,0.9330127018922193,0.7320508075688774,0.20448853110729398,0.09549150281252627,0.27747906604368566,0.0,0.7999999999999999,0.894690230654176,0.8235294117647057,0.7777777777777777,1.0,0.1818181818181818,0.6333333333333333,0.8333333333333333,0.9330127018922193,0.7320508075688774,0.12638086253384795,0.16543469682057077,0.0,0.3568958678922094,0.7999999999999999,0.8968353932142015,0.8235294117647057,0.7777777777777777,1.0,0.1818181818181818,0.6666666666666666,1.0,0.9330127018922193,0.7320508075688774,0.06460214309120482,0.24999999999999978,0.0990311320975808,0.8019377358048383,0.7999999999999999,0.8989411949933088,0.8235294117647057,0.7777777777777777,1.0,0.1818181818181818,0.7,0.0,0.9330127018922193,0.7320508075688774,0.021852399266194367,0.3454915028125262,0.5,1.0,0.7999999999999999,0.9010469967724157,0.8235294117647057,0.7777777777777777,1.0,0.1818181818181818,0.7333333333333333,0.16666666666666666,0.9330127018922193,0.7320508075688774,0.0,0.4477357683661729,0.9009688679024191,0.8019377358048384,0.7999999999999999,0.9031331181610645,0.8235294117647057,0.7777777777777777,1.0,0.1818181818181818,0.7666666666666667,0.3333333333333333,0.9330127018922193,0.7320508075688774,0.0,0.5522642316338265,1.0,0.3568958678922095,0.7999999999999999,0.9052192395497127,0.8235294117647057,0.7777777777777777,1.0,0.1818181818181818,0.8,0.5,0.9330127018922193,0.7320508075688774,0.02185239926619431,0.6545084971874736,0.7225209339563144,5.551115123125783e-17,0.7999999999999999,0.9073250413288201,0.8235294117647057,0.7777777777777777,1.0,0.1818181818181818,0.8333333333333334,0.6666666666666666,0.9330127018922193,0.7320508075688774,0.06460214309120454,0.7499999999999997,0.27747906604368566,0.0,0.7999999999999999,0.9093914823270093,0.8235294117647057,0.7777777777777777,1.0,0.1818181818181818,0.8666666666666667,0.8333333333333333,0.9330127018922193,0.7320508075688774,0.12638086253384767,0.8345653031794289,0.0,0.3568958678922094,0.7999999999999999,0.9114776037156576,0.8235294117647057,0.7777777777777777,1.0,0.1818181818181818,0.9,1.0,0.9330127018922193,0.7320508075688774,0.20448853110729381,0.9045084971874737,0.0990311320975808,0.8019377358048383,0.7999999999999999,0.9135243643233881,0.8235294117647057,0.7777777777777777,1.0,0.1818181818181818,0.9333333333333333,0.0,0.9330127018922193,0.7320508075688774,0.2955114688927057,0.9567727288213003,0.5,1.0,0.7999999999999999,0.9155711249311187,0.8235294117647057,0.7777777777777777,1.0,0.1818181818181818,0.9666666666666667,0.16666666666666666,0.9330127018922193,0.7320508075688774,0.39547153673234625,0.9890738003669028,0.9009688679024191,0.8019377358048384,0.8571428571428571,0.917558844367472,0.8823529411764705,0.8333333333333333,1.0,0.1818181818181818,0.9999999999999999,0.3333333333333333,0.9330127018922193,0.7320508075688774,0.4999999999999999,1.0,1.0,0.3568958678922095,0.8571428571428571,0.9195662441942849,0.8823529411764705,0.8333333333333333,1.0,0.2727272727272727,0.0,0.5,1.0,0.4641016151377547,0.5,1.0,0.7225209339563144,5.551115123125783e-17,0.8571428571428571,0.9215146028497205,0.8823529411764705,0.8333333333333333,1.0,0.2727272727272727,0.03333333333333333,0.6666666666666666,1.0,0.4641016151377547,0.6045284632676534,0.9890738003669028,0.27747906604368566,0.0,0.8571428571428571,0.9235810438479097,0.8823529411764705,0.8333333333333333,1.0,0.2727272727272727,0.06666666666666668,0.8333333333333333,1.0,0.4641016151377547,0.7044885311072939,0.9567727288213004,0.0,0.3568958678922094,0.8571428571428571,0.9256474848460994,0.8823529411764705,0.8333333333333333,1.0,0.2727272727272727,0.1,1.0,1.0,0.4641016151377547,0.7955114688927061,0.9045084971874737,0.0990311320975808,0.8019377358048383,0.8571428571428571,0.9277139258442886,0.8823529411764705,0.8333333333333333,1.0,0.2727272727272727,0.13333333333333333,0.0,1.0,0.4641016151377547,0.8736191374661522,0.8345653031794291,0.5,1.0,0.8571428571428571,0.9297606864520191,0.8823529411764705,0.8333333333333333,1.0,0.2727272727272727,0.16666666666666669,0.16666666666666666,1.0,0.4641016151377547,0.9353978569087953,0.75,0.9009688679024191,0.8019377358048384,0.7999999999999999,0.9318468078406674,0.8235294117647057,0.7777777777777777,1.0,0.2727272727272727,0.2,0.3333333333333333,1.0,0.4641016151377547,0.9781476007338057,0.6545084971874737,1.0,0.3568958678922095,0.7999999999999999,0.9338542076674803,0.8235294117647057,0.7777777777777777,1.0,0.2727272727272727,0.23333333333333334,0.5,1.0,0.4641016151377547,1.0,0.5522642316338269,0.7225209339563144,5.551115123125783e-17,0.7428571428571428,0.9359403290561286,0.764705882352941,0.7222222222222221,1.0,0.2727272727272727,0.26666666666666666,0.6666666666666666,1.0,0.4641016151377547,1.0,0.44773576836617335,0.27747906604368566,0.0,0.7999999999999999,0.9380658112256945,0.8235294117647057,0.7777777777777777,1.0,0.2727272727272727,0.3,0.8333333333333333,1.0,0.4641016151377547,0.9781476007338057,0.34549150281252633,0.0,0.3568958678922094,0.7999999999999999,0.9401716130048019,0.8235294117647057,0.7777777777777777,1.0,0.2727272727272727,0.3333333333333333,1.0,1.0,0.4641016151377547,0.9353978569087953,0.2500000000000001,0.0990311320975808,0.8019377358048383,0.7999999999999999,0.9422774147839093,0.8235294117647057,0.7777777777777777,1.0,0.2727272727272727,0.3666666666666667,0.0,1.0,0.4641016151377547,0.8736191374661523,0.16543469682057105,0.5,1.0,0.7999999999999999,0.9443635361725575,0.8235294117647057,0.7777777777777777,1.0,0.2727272727272727,0.4,0.16666666666666666,1.0,0.4641016151377547,0.7955114688927061,0.09549150281252633,0.9009688679024191,0.8019377358048384,0.7999999999999999,0.9464496575612058,0.8235294117647057,0.7777777777777777,1.0,0.2727272727272727,0.43333333333333335,0.3333333333333333,1.0,0.4641016151377547,0.704488531107294,0.04322727117869962,1.0,0.3568958678922095,0.7999999999999999,0.9484964181689364,0.8235294117647057,0.7777777777777777,1.0,0.2727272727272727,0.4666666666666667,0.5,1.0,0.4641016151377547,0.6045284632676536,0.010926199633097211,0.7225209339563144,5.551115123125783e-17,0.7999999999999999,0.9505431787766669,0.8235294117647057,0.7777777777777777,1.0,0.2727272727272727,0.5,0.6666666666666666,1.0,0.4641016151377547,0.5000000000000001,0.0,0.27747906604368566,0.0,0.7999999999999999,0.9526293001653152,0.8235294117647057,0.7777777777777777,1.0,0.2727272727272727,0.5333333333333333,0.8333333333333333,1.0,0.4641016151377547,0.3954715367323467,0.010926199633097156,0.0,0.3568958678922094,0.7999999999999999,0.9547154215539635,0.8235294117647057,0.7777777777777777,1.0,0.2727272727272727,0.5666666666666667,1.0,1.0,0.4641016151377547,0.29551146889270624,0.043227271178699456,0.0990311320975808,0.8019377358048383,0.7999999999999999,0.956860584113989,0.8235294117647057,0.7777777777777777,1.0,0.2727272727272727,0.6,0.0,1.0,0.4641016151377547,0.20448853110729398,0.09549150281252627,0.5,1.0,0.7999999999999999,0.9588876643312605,0.8235294117647057,0.7777777777777777,1.0,0.2727272727272727,0.6333333333333333,0.16666666666666666,1.0,0.4641016151377547,0.12638086253384795,0.16543469682057077,0.9009688679024191,0.8019377358048384,0.7999999999999999,0.9608950641580729,0.8235294117647057,0.7777777777777777,1.0,0.2727272727272727,0.6666666666666666,0.3333333333333333,1.0,0.4641016151377547,0.06460214309120482,0.24999999999999978,1.0,0.3568958678922095,0.7999999999999999,0.9627843816421318,0.8235294117647057,0.7777777777777777,1.0,0.2727272727272727,0.7,0.5,1.0,0.4641016151377547,0.021852399266194367,0.3454915028125262,0.7225209339563144,5.551115123125783e-17,0.7999999999999999,0.9646736991261906,0.8235294117647057,0.7777777777777777,1.0,0.2727272727272727,0.7333333333333333,0.6666666666666666,1.0,0.4641016151377547,0.0,0.4477357683661729,0.27747906604368566,0.0,0.7999999999999999,0.9665826970007085,0.8235294117647057,0.7777777777777777,1.0,0.2727272727272727,0.7666666666666667,0.8333333333333333,1.0,0.4641016151377547,0.0,0.5522642316338265,0.0,0.3568958678922094,0.7999999999999999,0.968590096827521,0.8235294117647057,0.7777777777777777,1.0,0.2727272727272727,0.8,1.0,1.0,0.4641016151377547,0.02185239926619431,0.6545084971874736,0.0990311320975808,0.8019377358048383,0.8571428571428571,0.9706368574352515,0.8823529411764705,0.8333333333333333,1.0,0.2727272727272727,0.8333333333333334,0.0,1.0,0.4641016151377547,0.06460214309120454,0.7499999999999997,0.5,1.0,0.8571428571428571,0.9726836180429821,0.8823529411764705,0.8333333333333333,1.0,0.2727272727272727,0.8666666666666667,0.16666666666666666,1.0,0.4641016151377547,0.12638086253384767,0.8345653031794289,0.9009688679024191,0.8019377358048384,0.8571428571428571,0.9745926159174996,0.8823529411764705,0.8333333333333333,1.0,0.2727272727272727,0.9,0.3333333333333333,1.0,0.4641016151377547,0.20448853110729381,0.9045084971874737,1.0,0.3568958678922095,0.8571428571428571,0.9763835314492639,0.8823529411764705,0.8333333333333333,1.0,0.2727272727272727,0.9333333333333333,0.5,1.0,0.4641016151377547,0.2955114688927057,0.9567727288213003,0.7225209339563144,5.551115123125783e-17,0.8571428571428571,0.9779973234668975,0.8823529411764705,0.8333333333333333,1.0,0.2727272727272727,0.9666666666666667,0.6666666666666666,1.0,0.4641016151377547,0.39547153673234625,0.9890738003669028,0.27747906604368566,0.0,0.8571428571428571,0.9795323939226952,0.8823529411764705,0.8333333333333333,1.0,0.36363636363636365,0.0,0.8333333333333333,0.9330127018922194,0.19615242270663208,0.5,1.0,0.0,0.3568958678922094,0.8571428571428571,0.9813036290640005,0.8823529411764705,0.8333333333333333,1.0,0.36363636363636365,0.03333333333333333,1.0,0.9330127018922194,0.19615242270663208,0.6045284632676534,0.9890738003669028,0.0990311320975808,0.8019377358048383,0.8571428571428571,0.9911044635125559,0.8823529411764705,0.8333333333333333,1.0,0.36363636363636365,0.23333333333333334,0.8333333333333333,0.9330127018922194,0.19615242270663208,1.0,0.5522642316338269,0.0,0.3568958678922094,0.5428571428571428,0.9928756986538612,0.5294117647058824,0.5555555555555556,1.0,0.36363636363636365,0.26666666666666666,1.0,0.9330127018922194,0.19615242270663208,1.0,0.44773576836617335,0.0990311320975808,0.8019377358048383
0.8571428571428571,0.8673935290876171,0.8823529411764705,0.8333333333333333,1.0,0.1818181818181818,0.2,1.0,0.9330127018922193,0.7320508075688774,0.9781476007338057,0.6545084971874737,0.0990311320975808,0.8019377358048383,1.0,0.8694599700858063,0.9999999999999999,1.0,1.0,0.1818181818181818,0.23333333333333334,0.0,0.9330127018922193,0.7320508075688774,1.0,0.5522642316338269,0.5,1.0,1.0,0.871546091474455,0.9999999999999999,1.0,1.0,0.1818181818181818,0.26666666666666666,0.16666666666666666,0.9330127018922193,0.7320508075688774,1.0,0.44773576836617335,0.9009688679024191,0.8019377358048384,0.8571428571428571,0.8736125324726443,0.8823529411764705,0.8333333333333333,1.0,0.1818181818181818,0.3,0.3333333333333333,0.9330127018922193,0.7320508075688774,0.9781476007338057,0.34549150281252633,1.0,0.3568958678922095,1.0,0.8756986538612925,0.9999999999999999,1.0,1.0,0.1818181818181818,0.3333333333333333,0.5,0.9330127018922193,0.7320508075688774,0.9353978569087953,0.2500000000000001,0.7225209339563144,5.551115123125783e-17,0.7999999999999999,0.8777847752499408,0.8235294117647057,0.7777777777777777,1.0,0.1818181818181818,0.3666666666666667,0.6666666666666666,0.9330127018922193,0.7320508075688774,0.8736191374661523,0.16543469682057105,0.27747906604368566,0.0,0.7999999999999999,0.8798512162481305,0.8235294117647057,0.7777777777777777,1.0,0.1818181818181818,0.4,0.8333333333333333,0.9330127018922193,0.7320508075688774,0.7955114688927061,0.09549150281252633,0.0,0.3568958678922094,0.7999999999999999,0.8819963788081555,0.8235294117647057,0.7777777777777777,1.0,0.1818181818181818,0.43333333333333335,1.0,0.9330127018922193,0.7320508075688774,0.704488531107294,0.04322727117869962,0.0990311320975808,0.8019377358048383,0.7999999999999999,0.8841218609777219,0.8235294117647057,0.7777777777777777,1.0,0.1818181818181818,0.4666666666666667,0.0,0.9330127018922193,0.7320508075688774,0.6045284632676536,0.010926199633097211,0.5,1.0,0.7999999999999999,0.8862867039282061,0.8235294117647057,0.7777777777777777,1.0,0.1818181818181818,0.5,0.16666666666666666,0.9330127018922193,0.7320508075688774,0.5000000000000001,0.0,0.9009688679024191,0.8019377358048384,0.7999999999999999,0.8884121860977721,0.8235294117647057,0.7777777777777777,1.0,0.1818181818181818,0.5333333333333333,0.3333333333333333,0.9330127018922193,0.7320508075688774,0.3954715367323467,0.010926199633097156,1.0,0.3568958678922095,0.7999999999999999,0.8905179878768794,0.8235294117647057,0.7777777777777777,1.0,0.1818181818181818,0.5666666666666667,0.5,0.9330127018922193,0.7320508075688774,0.29551146889270624,0.043227271178699456,0.7225209339563144,5.551115123125783e-17,0.7999999999999999,0.8926041092655277,0.8235294117647057,0.7777777777777777,1.0,0.1818181818181818,0.6,0.6666666666666666,0.9330127018922193,0.7320508075688774,0.20448853110729398,0.09549150281252627,0.27747906604368566,0.0,0.7999999999999999,0.894690230654176,0.8235294117647057,0.7777777777777777,1.0,0.1818181818181818,0.6333333333333333,0.8333333333333333,0.9330127018922193,0.7320508075688774,0.12638086253384795,0.16543469682057077,0.0,0.3568958678922094,0.7999999999999999,0.8968353932142015,0.8235294117647057,0.7777777777777777,1.0,0.1818181818181818,0.6666666666666666,1.0,0.9330127018922193,0.7320508075688774,0.06460214309120482,0.24999999999999978,0.0990311320975808,0.8019377358048383,0.7999999999999999,0.8989411949933088,0.8235294117647057,0.7777777777777777,1.0,0.1818181818181818,0.7,0.0,0.9330127018922193,0.7320508075688774,0.021852399266194367,0.3454915028125262,0.5,1.0,0.7999999999999999,0.9010469967724157,0.8235294117647057,0.7777777777777777,1.0,0.1818181818181818,0.7333333333333333,0.16666666666666666,0.9330127018922193,0.7320508075688774,0.0,0.4477357683661729,0.9009688679024191,0.8019377358048384,0.7999999999999999,0.9031331181610645,0.8235294117647057,0.7777777777777777,1.0,0.1818181818181818,0.7666666666666667,0.3333333333333333,0.9330127018922193,0.7320508075688774,0.0,0.5522642316338265,1.0,0.3568958678922095,0.7999999999999999,0.9052192395497127,0.8235294117647057,0.7777777777777777,1.0,0.1818181818181818,0.8,0.5,0.9330127018922193,0.7320508075688774,0.02185239926619431,0.6545084971874736,0.7225209339563144,5.551115123125783e-17,0.7999999999999999,0.9073250413288201,0.8235294117647057,0.7777777777777777,1.0,0.1818181818181818,0.8333333333333334,0.6666666666666666,0.9330127018922193,0.7320508075688774,0.06460214309120454,0.7499999999999997,0.27747906604368566,0.0,0.7999999999999999,0.9093914823270093,0.8235294117647057,0.7777777777777777,1.0,0.1818181818181818,0.8666666666666667,0.8333333333333333,0.9330127018922193,0.7320508075688774,0.12638086253384767,0.8345653031794289,0.0,0.3568958678922094,0.7999999999999999,0.9114776037156576,0.8235294117647057,0.7777777777777777,1.0,0.1818181818181818,0.9,1.0,0.9330127018922193,0.7320508075688774,0.20448853110729381,0.9045084971874737,0.0990311320975808,0.8019377358048383,0.7999999999999999,0.9135243643233881,0.8235294117647057,0.7777777777777777,1.0,0.1818181818181818,0.9333333333333333,0.0,0.9330127018922193,0.7320508075688774,0.2955114688927057,0.9567727288213003,0.5,1.0,0.7999999999999999,0.9155711249311187,0.8235294117647057,0.7777777777777777,1.0,0.1818181818181818,0.9666666666666667,0.16666666666666666,0.9330127018922193,0.7320508075688774,0.39547153673234625,0.9890738003669028,0.9009688679024191,0.8019377358048384,0.8571428571428571,0.917558844367472,0.8823529411764705,0.8333333333333333,1.0,0.1818181818181818,0.9999999999999999,0.3333333333333333,0.9330127018922193,0.7320508075688774,0.4999999999999999,1.0,1.0,0.3568958678922095,0.8571428571428571,0.9195662441942849,0.8823529411764705,0.8333333333333333,1.0,0.2727272727272727,0.0,0.5,1.0,0.4641016151377547,0.5,1.0,0.7225209339563144,5.551115123125783e-17,0.8571428571428571,0.9215146028497205,0.8823529411764705,0.8333333333333333,1.0,0.2727272727272727,0.03333333333333333,0.6666666666666666,1.0,0.4641016151377547,0.6045284632676534,0.9890738003669028,0.27747906604368566,0.0,0.8571428571428571,0.9235810438479097,0.8823529411764705,0.8333333333333333,1.0,0.2727272727272727,0.06666666666666668,0.8333333333333333,1.0,0.4641016151377547,0.7044885311072939,0.9567727288213004,0.0,0.3568958678922094,0.8571428571428571,0.9256474848460994,0.8823529411764705,0.8333333333333333,1.0,0.2727272727272727,0.1,1.0,1.0,0.4641016151377547,0.7955114688927061,0.9045084971874737,0.0990311320975808,0.8019377358048383,0.8571428571428571,0.9277139258442886,0.8823529411764705,0.8333333333333333,1.0,0.2727272727272727,0.13333333333333333,0.0,1.0,0.4641016151377547,0.8736191374661522,0.8345653031794291,0.5,1.0,0.8571428571428571,0.9297606864520191,0.8823529411764705,0.8333333333333333,1.0,0.2727272727272727,0.16666666666666669,0.16666666666666666,1.0,0.4641016151377547,0.9353978569087953,0.75,0.9009688679024191,0.8019377358048384,0.7999999999999999,0.9318468078406674,0.8235294117647057,0.7777777777777777,1.0,0.2727272727272727,0.2,0.3333333333333333,1.0,0.4641016151377547,0.9781476007338057,0.6545084971874737,1.0,0.3568958678922095,0.7999999999999999,0.9338542076674803,0.8235294117647057,0.7777777777777777,1.0,0.2727272727272727,0.23333333333333334,0.5,1.0,0.4641016151377547,1.0,0.5522642316338269,0.7225209339563144,5.551115123125783e-17,0.7428571428571428,0.9359403290561286,0.764705882352941,0.7222222222222221,1.0,0.2727272727272727,0.26666666666666666,0.6666666666666666,1.0,0.4641016151377547,1.0,0.44773576836617335,0.27747906604368566,0.0,0.7999999999999999,0.9380658112256945,0.8235294117647057,0.7777777777777777,1.0,0.2727272727272727,0.3,0.8333333333333333,1.0,0.4641016151377547,0.9781476007338057,0.34549150281252633,0.0,0.3568958678922094,0.7999999999999999,0.9401716130048019,0.8235294117647057,0.7777777777777777,1.0,0.2727272727272727,0.3333333333333333,1.0,1.0,0.4641016151377547,0.9353978569087953,0.2500000000000001,0.0990311320975808,0.8019377358048383,0.7999999999999999,0.9422774147839093,0.8235294117647057,0.7777777777777777,1.0,0.2727272727272727,0.3666666666666667,0.0,1.0,0.4641016151377547,0.8736191374661523,0.16543469682057105,0.5,1.0,0.7999999999999999,0.9443635361725575,0.8235294117647057,0.7777777777777777,1.0,0.2727272727272727,0.4,0.16666666666666666,1.0,0.4641016151377547,0.7955114688927061,0.09549150281252633,0.9009688679024191,0.8019377358048384,0.7999999999999999,0.9464496575612058,0.8235294117647057,0.7777777777777777,1.0,0.2727272727272727,0.43333333333333335,0.3333333333333333,1.0,0.4641016151377547,0.704488531107294,0.04322727117869962,1.0,0.3568958678922095,0.7999999999999999,0.9484964181689364,0.8235294117647057,0.7777777777777777,1.0,0.2727272727272727,0.4666666666666667,0.5,1.0,0.4641016151377547,0.6045284632676536,0.010926199633097211,0.7225209339563144,5.551115123125783e-17,0.7999999999999999,0.9505431787766669,0.8235294117647057,0.7777777777777777,1.0,0.2727272727272727,0.5,0.6666666666666666,1.0,0.4641016151377547,0.5000000000000001,0.0,0.27747906604368566,0.0,0.7999999999999999,0.9526293001653152,0.8235294117647057,0.7777777777777777,1.0,0.2727272727272727,0.5333333333333333,0.8333333333333333,1.0,0.4641016151377547,0.3954715367323467,0.010926199633097156,0.0,0.3568958678922094,0.7999999999999999,0.9547154215539635,0.8235294117647057,0.7777777777777777,1.0,0.2727272727272727,0.5666666666666667,1.0,1.0,0.4641016151377547,0.29551146889270624,0.043227271178699456,0.0990311320975808,0.8019377358048383,0.7999999999999999,0.956860584113989,0.8235294117647057,0.7777777777777777,1.0,0.2727272727272727,0.6,0.0,1.0,0.4641016151377547,0.20448853110729398,0.09549150281252627,0.5,1.0,0.7999999999999999,0.9588876643312605,0.8235294117647057,0.7777777777777777,1.0,0.2727272727272727,0.6333333333333333,0.16666666666666666,1.0,0.4641016151377547,0.12638086253384795,0.16543469682057077,0.9009688679024191,0.8019377358048384,0.7999999999999999,0.9608950641580729,0.8235294117647057,0.7777777777777777,1.0,0.2727272727272727,0.6666666666666666,0.3333333333333333,1.0,0.4641016151377547,0.06460214309120482,0.24999999999999978,1.0,0.3568958678922095,0.7999999999999999,0.9627843816421318,0.8235294117647057,0.7777777777777777,1.0,0.2727272727272727,0.7,0.5,1.0,0.4641016151377547,0.021852399266194367,0.3454915028125262,0.7225209339563144,5.551115123125783e-17,0.7999999999999999,0.9646736991261906,0.8235294117647057,0.7777777777777777,1.0,0.2727272727272727,0.7333333333333333,0.6666666666666666,1.0,0.4641016151377547,0.0,0.4477357683661729,0.27747906604368566,0.0,0.7999999999999999,0.9665826970007085,0.8235294117647057,0.7777777777777777,1.0,0.2727272727272727,0.7666666666666667,0.8333333333333333,1.0,0.4641016151377547,0.0,0.5522642316338265,0.0,0.3568958678922094,0.7999999999999999,0.968590096827521,0.8235294117647057,0.7777777777777777,1.0,0.2727272727272727,0.8,1.0,1.0,0.4641016151377547,0.02185239926619431,0.6545084971874736,0.0990311320975808,0.8019377358048383,0.8571428571428571,0.9706368574352515,0.8823529411764705,0.8333333333333333,1.0,0.2727272727272727,0.8333333333333334,0.0,1.0,0.4641016151377547,0.06460214309120454,0.7499999999999997,0.5,1.0,0.8571428571428571,0.9726836180429821,0.8823529411764705,0.8333333333333333,1.0,0.2727272727272727,0.8666666666666667,0.16666666666666666,1.0,0.4641016151377547,0.12638086253384767,0.8345653031794289,0.9009688679024191,0.8019377358048384,0.8571428571428571,0.9745926159174996,0.8823529411764705,0.8333333333333333,1.0,0.2727272727272727,0.9,0.3333333333333333,1.0,0.4641016151377547,0.20448853110729381,0.9045084971874737,1.0,0.3568958678922095,0.8571428571428571,0.9763835314492639,0.8823529411764705,0.8333333333333333,1.0,0.2727272727272727,0.9333333333333333,0.5,1.0,0.4641016151377547,0.2955114688927057,0.9567727288213003,0.7225209339563144,5.551115123125783e-17,0.8571428571428571,0.9779973234668975,0.8823529411764705,0.8333333333333333,1.0,0.2727272727272727,0.9666666666666667,0.6666666666666666,1.0,0.4641016151377547,0.39547153673234625,0.9890738003669028,0.27747906604368566,0.0,0.8571428571428571,0.9795323939226952,0.8823529411764705,0.8333333333333333,1.0,0.36363636363636365,0.0,0.8333333333333333,0.9330127018922194,0.19615242270663208,0.5,1.0,0.0,0.3568958678922094,0.8571428571428571,0.9813036290640005,0.8823529411764705,0.8333333333333333,1.0,0.36363636363636365,0.03333333333333333,1.0,0.9330127018922194,0.19615242270663208,0.6045284632676534,0.9890738003669028,0.0990311320975808,0.8019377358048383,0.8571428571428571,0.9911044635125559,0.8823529411764705,0.8333333333333333,1.0,0.36363636363636365,0.23333333333333334,0.8333333333333333,0.9330127018922194,0.19615242270663208,1.0,0.5522642316338269,0.0,0.3568958678922094,0.5428571428571428,0.9928756986538612,0.5294117647058824,0.5555555555555556,1.0,0.36363636363636365,0.26666666666666666,1.0,0.9330127018922194,0.19615242270663208,1.0,0.44773576836617335,0.0990311320975808,0.8019377358048383,0.7999999999999999,0.9946666141856255,0.8235294117647057,0.7777777777777777,1.0,0.36363636363636365,0.3,0.0,0.9330127018922194,0.19615242270663208,0.9781476007338057,0.34549150281252633,0.5,1.0
1.0,0.8694599700858063,0.9999999999999999,1.0,1.0,0.1818181818181818,0.23333333333333334,0.0,0.9330127018922193,0.7320508075688774,1.0,0.5522642316338269,0.5,1.0,1.0,0.871546091474455,0.9999999999999999,1.0,1.0,0.1818181818181818,0.26666666666666666,0.16666666666666666,0.9330127018922193,0.7320508075688774,1.0,0.44773576836617335,0.9009688679024191,0.8019377358048384,0.8571428571428571,0.8736125324726443,0.8823529411764705,0.8333333333333333,1.0,0.1818181818181818,0.3,0.3333333333333333,0.9330127018922193,0.7320508075688774,0.9781476007338057,0.34549150281252633,1.0,0.3568958678922095,1.0,0.8756986538612925,0.9999999999999999,1.0,1.0,0.1818181818181818,0.3333333333333333,0.5,0.9330127018922193,0.7320508075688774,0.9353978569087953,0.2500000000000001,0.7225209339563144,5.551115123125783e-17,0.7999999999999999,0.8777847752499408,0.8235294117647057,0.7777777777777777,1.0,0.1818181818181818,0.3666666666666667,0.6666666666666666,0.9330127018922193,0.7320508075688774,0.8736191374661523,0.16543469682057105,0.27747906604368566,0.0,0.7999999999999999,0.8798512162481305,0.8235294117647057,0.7777777777777777,1.0,0.1818181818181818,0.4,0.8333333333333333,0.9330127018922193,0.7320508075688774,0.7955114688927061,0.09549150281252633,0.0,0.3568958678922094,0.7999999999999999,0.8819963788081555,0.8235294117647057,0.7777777777777777,1.0,0.1818181818181818,0.43333333333333335,1.0,0.9330127018922193,0.7320508075688774,0.704488531107294,0.04322727117869962,0.0990311320975808,0.8019377358048383,0.7999999999999999,0.8841218609777219,0.8235294117647057,0.7777777777777777,1.0,0.1818181818181818,0.4666666666666667,0.0,0.9330127018922193,0.7320508075688774,0.6045284632676536,0.010926199633097211,0.5,1.0,0.7999999999999999,0.8862867039282061,0.8235294117647057,0.7777777777777777,1.0,0.1818181818181818,0.5,0.16666666666666666,0.9330127018922193,0.7320508075688774,0.5000000000000001,0.0,0.9009688679024191,0.8019377358048384,0.7999999999999999,0.8884121860977721,0.8235294117647057,0.7777777777777777,1.0,0.1818181818181818,0.5333333333333333,0.3333333333333333,0.9330127018922193,0.7320508075688774,0.3954715367323467,0.010926199633097156,1.0,0.3568958678922095,0.7999999999999999,0.8905179878768794,0.8235294117647057,0.7777777777777777,1.0,0.1818181818181818,0.5666666666666667,0.5,0.9330127018922193,0.7320508075688774,0.29551146889270624,0.043227271178699456,0.7225209339563144,5.551115123125783e-17,0.7999999999999999,0.8926041092655277,0.8235294117647057,0.7777777777777777,1.0,0.1818181818181818,0.6,0.6666666666666666,0.9330127018922193,0.7320508075688774,0.20448853110729398,0.09549150281252627,0.27747906604368566,0.0,0.7999999999999999,0.894690230654176,0.8235294117647057,0.7777777777777777,1.0,0.1818181818181818,0.6333333333333333,0.8333333333333333,0.9330127018922193,0.7320508075688774,0.12638086253384795,0.16543469682057077,0.0,0.3568958678922094,0.7999999999999999,0.8968353932142015,0.8235294117647057,0.7777777777777777,1.0,0.1818181818181818,0.6666666666666666,1.0,0.9330127018922193,0.7320508075688774,0.06460214309120482,0.24999999999999978,0.0990311320975808,0.8019377358048383,0.7999999999999999,0.8989411949933088,0.8235294117647057,0.7777777777777777,1.0,0.1818181818181818,0.7,0.0,0.9330127018922193,0.7320508075688774,0.021852399266194367,0.3454915028125262,0.5,1.0,0.7999999999999999,0.9010469967724157,0.8235294117647057,0.7777777777777777,1.0,0.1818181818181818,0.7333333333333333,0.16666666666666666,0.9330127018922193,0.7320508075688774,0.0,0.4477357683661729,0.9009688679024191,0.8019377358048384,0.7999999999999999,0.9031331181610645,0.8235294117647057,0.7777777777777777,1.0,0.1818181818181818,0.7666666666666667,0.3333333333333333,0.9330127018922193,0.7320508075688774,0.0,0.5522642316338265,1.0,0.3568958678922095,0.7999999999999999,0.9052192395497127,0.8235294117647057,0.7777777777777777,1.0,0.1818181818181818,0.8,0.5,0.9330127018922193,0.7320508075688774,0.02185239926619431,0.6545084971874736,0.7225209339563144,5.551115123125783e-17,0.7999999999999999,0.9073250413288201,0.8235294117647057,0.7777777777777777,1.0,0.1818181818181818,0.8333333333333334,0.6666666666666666,0.9330127018922193,0.7320508075688774,0.06460214309120454,0.7499999999999997,0.27747906604368566,0.0,0.7999999999999999,0.9093914823270093,0.8235294117647057,0.7777777777777777,1.0,0.1818181818181818,0.8666666666666667,0.8333333333333333,0.9330127018922193,0.7320508075688774,0.12638086253384767,0.8345653031794289,0.0,0.3568958678922094,0.7999999999999999,0.9114776037156576,0.8235294117647057,0.7777777777777777,1.0,0.1818181818181818,0.9,1.0,0.9330127018922193,0.7320508075688774,0.20448853110729381,0.9045084971874737,0.0990311320975808,0.8019377358048383,0.7999999999999999,0.9135243643233881,0.8235294117647057,0.7777777777777777,1.0,0.1818181818181818,0.9333333333333333,0.0,0.9330127018922193,0.7320508075688774,0.2955114688927057,0.9567727288213003,0.5,1.0,0.7999999999999999,0.9155711249311187,0.8235294117647057,0.7777777777777777,1.0,0.1818181818181818,0.9666666666666667,0.16666666666666666,0.9330127018922193,0.7320508075688774,0.39547153673234625,0.9890738003669028,0.9009688679024191,0.8019377358048384,0.8571428571428571,0.917558844367472,0.8823529411764705,0.8333333333333333,1.0,0.1818181818181818,0.9999999999999999,0.3333333333333333,0.9330127018922193,0.7320508075688774,0.4999999999999999,1.0,1.0,0.3568958678922095,0.8571428571428571,0.9195662441942849,0.8823529411764705,0.8333333333333333,1.0,0.2727272727272727,0.0,0.5,1.0,0.4641016151377547,0.5,1.0,0.7225209339563144,5.551115123125783e-17,0.8571428571428571,0.9215146028497205,0.8823529411764705,0.8333333333333333,1.0,0.2727272727272727,0.03333333333333333,0.6666666666666666,1.0,0.4641016151377547,0.6045284632676534,0.9890738003669028,0.27747906604368566,0.0,0.8571428571428571,0.9235810438479097,0.8823529411764705,0.8333333333333333,1.0,0.2727272727272727,0.06666666666666668,0.8333333333333333,1.0,0.4641016151377547,0.7044885311072939,0.9567727288213004,0.0,0.3568958678922094,0.8571428571428571,0.9256474848460994,0.8823529411764705,0.8333333333333333,1.0,0.2727272727272727,0.1,1.0,1.0,0.4641016151377547,0.7955114688927061,0.9045084971874737,0.0990311320975808,0.8019377358048383,0.8571428571428571,0.9277139258442886,0.8823529411764705,0.8333333333333333,1.0,0.2727272727272727,0.13333333333333333,0.0,1.0,0.4641016151377547,0.8736191374661522,0.8345653031794291,0.5,1.0,0.8571428571428571,0.9297606864520191,0.8823529411764705,0.8333333333333333,1.0,0.2727272727272727,0.16666666666666669,0.16666666666666666,1.0,0.4641016151377547,0.9353978569087953,0.75,0.9009688679024191,0.8019377358048384,0.7999999999999999,0.9318468078406674,0.8235294117647057,0.7777777777777777,1.0,0.2727272727272727,0.2,0.3333333333333333,1.0,0.4641016151377547,0.9781476007338057,0.6545084971874737,1.0,0.3568958678922095,0.7999999999999999,0.9338542076674803,0.8235294117647057,0.7777777777777777,1.0,0.2727272727272727,0.23333333333333334,0.5,1.0,0.4641016151377547,1.0,0.5522642316338269,0.7225209339563144,5.551115123125783e-17,0.7428571428571428,0.9359403290561286,0.764705882352941,0.7222222222222221,1.0,0.2727272727272727,0.26666666666666666,0.6666666666666666,1.0,0.4641016151377547,1.0,0.44773576836617335,0.27747906604368566,0.0,0.7999999999999999,0.9380658112256945,0.8235294117647057,0.7777777777777777,1.0,0.2727272727272727,0.3,0.8333333333333333,1.0,0.4641016151377547,0.9781476007338057,0.34549150281252633,0.0,0.3568958678922094,0.7999999999999999,0.9401716130048019,0.8235294117647057,0.7777777777777777,1.0,0.2727272727272727,0.3333333333333333,1.0,1.0,0.4641016151377547,0.9353978569087953,0.2500000000000001,0.0990311320975808,0.8019377358048383,0.7999999999999999,0.9422774147839093,0.8235294117647057,0.7777777777777777,1.0,0.2727272727272727,0.3666666666666667,0.0,1.0,0.4641016151377547,0.8736191374661523,0.16543469682057105,0.5,1.0,0.7999999999999999,0.9443635361725575,0.8235294117647057,0.7777777777777777,1.0,0.2727272727272727,0.4,0.16666666666666666,1.0,0.4641016151377547,0.7955114688927061,0.09549150281252633,0.9009688679024191,0.8019377358048384,0.7999999999999999,0.9464496575612058,0.8235294117647057,0.7777777777777777,1.0,0.2727272727272727,0.43333333333333335,0.3333333333333333,1.0,0.4641016151377547,0.704488531107294,0.04322727117869962,1.0,0.3568958678922095,0.7999999999999999,0.9484964181689364,0.8235294117647057,0.7777777777777777,1.0,0.2727272727272727,0.4666666666666667,0.5,1.0,0.4641016151377547,0.6045284632676536,0.010926199633097211,0.7225209339563144,5.551115123125783e-17,0.7999999999999999,0.9505431787766669,0.8235294117647057,0.7777777777777777,1.0,0.2727272727272727,0.5,0.6666666666666666,1.0,0.4641016151377547,0.5000000000000001,0.0,0.27747906604368566,0.0,0.7999999999999999,0.9526293001653152,0.8235294117647057,0.7777777777777777,1.0,0.2727272727272727,0.5333333333333333,0.8333333333333333,1.0,0.4641016151377547,0.3954715367323467,0.010926199633097156,0.0,0.3568958678922094,0.7999999999999999,0.9547154215539635,0.8235294117647057,0.7777777777777777,1.0,0.2727272727272727,0.5666666666666667,1.0,1.0,0.4641016151377547,0.29551146889270624,0.043227271178699456,0.0990311320975808,0.8019377358048383,0.7999999999999999,0.956860584113989,0.8235294117647057,0.7777777777777777,1.0,0.2727272727272727,0.6,0.0,1.0,0.4641016151377547,0.20448853110729398,0.09549150281252627,0.5,1.0,0.7999999999999999,0.9588876643312605,0.8235294117647057,0.7777777777777777,1.0,0.2727272727272727,0.6333333333333333,0.16666666666666666,1.0,0.4641016151377547,0.12638086253384795,0.16543469682057077,0.9009688679024191,0.8019377358048384,0.7999999999999999,0.9608950641580729,0.8235294117647057,0.7777777777777777,1.0,0.2727272727272727,0.6666666666666666,0.3333333333333333,1.0,0.4641016151377547,0.06460214309120482,0.24999999999999978,1.0,0.3568958678922095,0.7999999999999999,0.9627843816421318,0.8235294117647057,0.7777777777777777,1.0,0.2727272727272727,0.7,0.5,1.0,0.4641016151377547,0.021852399266194367,0.3454915028125262,0.7225209339563144,5.551115123125783e-17,0.7999999999999999,0.9646736991261906,0.8235294117647057,0.7777777777777777,1.0,0.2727272727272727,0.7333333333333333,0.6666666666666666,1.0,0.4641016151377547,0.0,0.4477357683661729,0.27747906604368566,0.0,0.7999999999999999,0.9665826970007085,0.8235294117647057,0.7777777777777777,1.0,0.2727272727272727,0.7666666666666667,0.8333333333333333,1.0,0.4641016151377547,0.0,0.5522642316338265,0.0,0.3568958678922094,0.7999999999999999,0.968590096827521,0.8235294117647057,0.7777777777777777,1.0,0.2727272727272727,0.8,1.0,1.0,0.4641016151377547,0.02185239926619431,0.6545084971874736,0.0990311320975808,0.8019377358048383,0.8571428571428571,0.9706368574352515,0.8823529411764705,0.8333333333333333,1.0,0.2727272727272727,0.8333333333333334,0.0,1.0,0.4641016151377547,0.06460214309120454,0.7499999999999997,0.5,1.0,0.8571428571428571,0.9726836180429821,0.8823529411764705,0.8333333333333333,1.0,0.2727272727272727,0.8666666666666667,0.16666666666666666,1.0,0.4641016151377547,0.12638086253384767,0.8345653031794289,0.9009688679024191,0.8019377358048384,0.8571428571428571,0.9745926159174996,0.8823529411764705,0.8333333333333333,1.0,0.2727272727272727,0.9,0.3333333333333333,1.0,0.4641016151377547,0.20448853110729381,0.9045084971874737,1.0,0.3568958678922095,0.8571428571428571,0.9763835314492639,0.8823529411764705,0.8333333333333333,1.0,0.2727272727272727,0.9333333333333333,0.5,1.0,0.4641016151377547,0.2955114688927057,0.9567727288213003,0.7225209339563144,5.551115123125783e-17,0.8571428571428571,0.9779973234668975,0.8823529411764705,0.8333333333333333,1.0,0.2727272727272727,0.9666666666666667,0.6666666666666666,1.0,0.4641016151377547,0.39547153673234625,0.9890738003669028,0.27747906604368566,0.0,0.8571428571428571,0.9795323939226952,0.8823529411764705,0.8333333333333333,1.0,0.36363636363636365,0.0,0.8333333333333333,0.9330127018922194,0.19615242270663208,0.5,1.0,0.0,0.3568958678922094,0.8571428571428571,0.9813036290640005,0.8823529411764705,0.8333333333333333,1.0,0.36363636363636365,0.03333333333333333,1.0,0.9330127018922194,0.19615242270663208,0.6045284632676534,0.9890738003669028,0.0990311320975808,0.8019377358048383,0.8571428571428571,0.9911044635125559,0.8823529411764705,0.8333333333333333,1.0,0.36363636363636365,0.23333333333333334,0.8333333333333333,0.9330127018922194,0.19615242270663208,1.0,0.5522642316338269,0.0,0.3568958678922094,0.5428571428571428,0.9928756986538612,0.5294117647058824,0.5555555555555556,1.0,0.36363636363636365,0.26666666666666666,1.0,0.9330127018922194,0.19615242270663208,1.0,0.44773576836617335,0.0990311320975808,0.8019377358048383,0.7999999999999999,0.9946666141856255,0.8235294117647057,0.7777777777777777,1.0,0.36363636363636365,0.3,0.0,0.9330127018922194,0.19615242270663208,0.9781476007338057,0.34549150281252633,0.5,1.0,0.7999999999999999,0.9964181689364717,0.8235294117647057,0.7777777777777777,1.0,0.36363636363636365,0.3333333333333333,0.16666666666666666,0.9330127018922194,0.19615242270663208,0.9353978569087953,0.2500000000000001,0.9009688679024191,0.8019377358048384
1.0,0.871546091474455,0.9999999999999999,1.0,1.0,0.1818181818181818,0.26666666666666666,0.16666666666666666,0.9330127018922193,0.7320508075688774,1.0,0.44773576836617335,0.9009688679024191,0.8019377358048384,0.8571428571428571,0.8736125324726443,0.8823529411764705,0.8333333333333333,1.0,0.1818181818181818,0.3,0.3333333333333333,0.9330127018922193,0.7320508075688774,0.9781476007338057,0.34549150281252633,1.0,0.3568958678922095,1.0,0.8756986538612925,0.9999999999999999,1.0,1.0,0.1818181818181818,0.3333333333333333,0.5,0.9330127018922193,0.7320508075688774,0.9353978569087953,0.2500000000000001,0.7225209339563144,5.551115123125783e-17,0.7999999999999999,0.8777847752499408,0.8235294117647057,0.7777777777777777,1.0,0.1818181818181818,0.3666666666666667,0.6666666666666666,0.9330127018922193,0.7320508075688774,0.8736191374661523,0.16543469682057105,0.27747906604368566,0.0,0.7999999999999999,0.8798512162481305,0.8235294117647057,0.7777777777777777,1.0,0.1818181818181818,0.4,0.8333333333333333,0.9330127018922193,0.7320508075688774,0.7955114688927061,0.09549150281252633,0.0,0.3568958678922094,0.7999999999999999,0.8819963788081555,0.8235294117647057,0.7777777777777777,1.0,0.1818181818181818,0.43333333333333335,1.0,0.9330127018922193,0.7320508075688774,0.704488531107294,0.04322727117869962,0.0990311320975808,0.8019377358048383,0.7999999999999999,0.8841218609777219,0.8235294117647057,0.7777777777777777,1.0,0.1818181818181818,0.4666666666666667,0.0,0.9330127018922193,0.7320508075688774,0.6045284632676536,0.010926199633097211,0.5,1.0,0.7999999999999999,0.8862867039282061,0.8235294117647057,0.7777777777777777,1.0,0.1818181818181818,0.5,0.16666666666666666,0.9330127018922193,0.7320508075688774,0.5000000000000001,0.0,0.9009688679024191,0.8019377358048384,0.7999999999999999,0.8884121860977721,0.8235294117647057,0.7777777777777777,1.0,0.1818181818181818,0.5333333333333333,0.3333333333333333,0.9330127018922193,0.7320508075688774,0.3954715367323467,0.010926199633097156,1.0,0.3568958678922095,0.7999999999999999,0.8905179878768794,0.8235294117647057,0.7777777777777777,1.0,0.1818181818181818,0.5666666666666667,0.5,0.9330127018922193,0.7320508075688774,0.29551146889270624,0.043227271178699456,0.7225209339563144,5.551115123125783e-17,0.7999999999999999,0.8926041092655277,0.8235294117647057,0.7777777777777777,1.0,0.1818181818181818,0.6,0.6666666666666666,0.9330127018922193,0.7320508075688774,0.20448853110729398,0.09549150281252627,0.27747906604368566,0.0,0.7999999999999999,0.894690230654176,0.8235294117647057,0.7777777777777777,1.0,0.1818181818181818,0.6333333333333333,0.8333333333333333,0.9330127018922193,0.7320508075688774,0.12638086253384795,0.16543469682057077,0.0,0.3568958678922094,0.7999999999999999,0.8968353932142015,0.8235294117647057,0.7777777777777777,1.0,0.1818181818181818,0.6666666666666666,1.0,0.9330127018922193,0.7320508075688774,0.06460214309120482,0.24999999999999978,0.0990311320975808,0.8019377358048383,0.7999999999999999,0.8989411949933088,0.8235294117647057,0.7777777777777777,1.0,0.1818181818181818,0.7,0.0,0.9330127018922193,0.7320508075688774,0.021852399266194367,0.3454915028125262,0.5,1.0,0.7999999999999999,0.9010469967724157,0.8235294117647057,0.7777777777777777,1.0,0.1818181818181818,0.7333333333333333,0.16666666666666666,0.9330127018922193,0.7320508075688774,0.0,0.4477357683661729,0.9009688679024191,0.8019377358048384,0.7999999999999999,0.9031331181610645,0.8235294117647057,0.7777777777777777,1.0,0.1818181818181818,0.7666666666666667,0.3333333333333333,0.9330127018922193,0.7320508075688774,0.0,0.5522642316338265,1.0,0.3568958678922095,0.7999999999999999,0.9052192395497127,0.8235294117647057,0.7777777777777777,1.0,0.1818181818181818,0.8,0.5,0.9330127018922193,0.7320508075688774,0.02185239926619431,0.6545084971874736,0.7225209339563144,5.551115123125783e-17,0.7999999999999999,0.9073250413288201,0.8235294117647057,0.7777777777777777,1.0,0.1818181818181818,0.8333333333333334,0.6666666666666666,0.9330127018922193,0.7320508075688774,0.06460214309120454,0.7499999999999997,0.27747906604368566,0.0,0.7999999999999999,0.9093914823270093,0.8235294117647057,0.7777777777777777,1.0,0.1818181818181818,0.8666666666666667,0.8333333333333333,0.9330127018922193,0.7320508075688774,0.12638086253384767,0.8345653031794289,0.0,0.3568958678922094,0.7999999999999999,0.9114776037156576,0.8235294117647057,0.7777777777777777,1.0,0.1818181818181818,0.9,1.0,0.9330127018922193,0.7320508075688774,0.20448853110729381,0.9045084971874737,0.0990311320975808,0.8019377358048383,0.7999999999999999,0.9135243643233881,0.8235294117647057,0.7777777777777777,1.0,0.1818181818181818,0.9333333333333333,0.0,0.9330127018922193,0.7320508075688774,0.2955114688927057,0.9567727288213003,0.5,1.0,0.7999999999999999,0.9155711249311187,0.8235294117647057,0.7777777777777777,1.0,0.1818181818181818,0.9666666666666667,0.16666666666666666,0.9330127018922193,0.7320508075688774,0.39547153673234625,0.9890738003669028,0.9009688679024191,0.8019377358048384,0.8571428571428571,0.917558844367472,0.8823529411764705,0.8333333333333333,1.0,0.1818181818181818,0.9999999999999999,0.3333333333333333,0.9330127018922193,0.7320508075688774,0.4999999999999999,1.0,1.0,0.3568958678922095,0.8571428571428571,0.9195662441942849,0.8823529411764705,0.8333333333333333,1.0,0.2727272727272727,0.0,0.5,1.0,0.4641016151377547,0.5,1.0,0.7225209339563144,5.551115123125783e-17,0.8571428571428571,0.9215146028497205,0.8823529411764705,0.8333333333333333,1.0,0.2727272727272727,0.03333333333333333,0.6666666666666666,1.0,0.4641016151377547,0.6045284632676534,0.9890738003669028,0.27747906604368566,0.0,0.8571428571428571,0.9235810438479097,0.8823529411764705,0.8333333333333333,1.0,0.2727272727272727,0.06666666666666668,0.8333333333333333,1.0,0.4641016151377547,0.7044885311072939,0.9567727288213004,0.0,0.3568958678922094,0.8571428571428571,0.9256474848460994,0.8823529411764705,0.8333333333333333,1.0,0.2727272727272727,0.1,1.0,1.0,0.4641016151377547,0.7955114688927061,0.9045084971874737,0.0990311320975808,0.8019377358048383,0.8571428571428571,0.9277139258442886,0.8823529411764705,0.8333333333333333,1.0,0.2727272727272727,0.13333333333333333,0.0,1.0,0.4641016151377547,0.8736191374661522,0.8345653031794291,0.5,1.0,0.8571428571428571,0.9297606864520191,0.8823529411764705,0.8333333333333333,1.0,0.2727272727272727,0.16666666666666669,0.16666666666666666,1.0,0.4641016151377547,0.9353978569087953,0.75,0.9009688679024191,0.8019377358048384,0.7999999999999999,0.9318468078406674,0.8235294117647057,0.7777777777777777,1.0,0.2727272727272727,0.2,0.3333333333333333,1.0,0.4641016151377547,0.9781476007338057,0.6545084971874737,1.0,0.3568958678922095,0.7999999999999999,0.9338542076674803,0.8235294117647057,0.7777777777777777,1.0,0.2727272727272727,0.23333333333333334,0.5,1.0,0.4641016151377547,1.0,0.5522642316338269,0.7225209339563144,5.551115123125783e-17,0.7428571428571428,0.9359403290561286,0.764705882352941,0.7222222222222221,1.0,0.2727272727272727,0.26666666666666666,0.6666666666666666,1.0,0.4641016151377547,1.0,0.44773576836617335,0.27747906604368566,0.0,0.7999999999999999,0.9380658112256945,0.8235294117647057,0.7777777777777777,1.0,0.2727272727272727,0.3,0.8333333333333333,1.0,0.4641016151377547,0.9781476007338057,0.34549150281252633,0.0,0.3568958678922094,0.7999999999999999,0.9401716130048019,0.8235294117647057,0.7777777777777777,1.0,0.2727272727272727,0.3333333333333333,1.0,1.0,0.4641016151377547,0.9353978569087953,0.2500000000000001,0.0990311320975808,0.8019377358048383,0.7999999999999999,0.9422774147839093,0.8235294117647057,0.7777777777777777,1.0,0.2727272727272727,0.3666666666666667,0.0,1.0,0.4641016151377547,0.8736191374661523,0.16543469682057105,0.5,1.0,0.7999999999999999,0.9443635361725575,0.8235294117647057,0.7777777777777777,1.0,0.2727272727272727,0.4,0.16666666666666666,1.0,0.4641016151377547,0.7955114688927061,0.09549150281252633,0.9009688679024191,0.8019377358048384,0.7999999999999999,0.9464496575612058,0.8235294117647057,0.7777777777777777,1.0,0.2727272727272727,0.43333333333333335,0.3333333333333333,1.0,0.4641016151377547,0.704488531107294,0.04322727117869962,1.0,0.3568958678922095,0.7999999999999999,0.9484964181689364,0.8235294117647057,0.7777777777777777,1.0,0.2727272727272727,0.4666666666666667,0.5,1.0,0.4641016151377547,0.6045284632676536,0.010926199633097211,0.7225209339563144,5.551115123125783e-17,0.7999999999999999,0.9505431787766669,0.8235294117647057,0.7777777777777777,1.0,0.2727272727272727,0.5,0.6666666666666666,1.0,0.4641016151377547,0.5000000000000001,0.0,0.27747906604368566,0.0,0.7999999999999999,0.9526293001653152,0.8235294117647057,0.7777777777777777,1.0,0.2727272727272727,0.5333333333333333,0.8333333333333333,1.0,0.4641016151377547,0.3954715367323467,0.010926199633097156,0.0,0.3568958678922094,0.7999999999999999,0.9547154215539635,0.8235294117647057,0.7777777777777777,1.0,0.2727272727272727,0.5666666666666667,1.0,1.0,0.4641016151377547,0.29551146889270624,0.043227271178699456,0.0990311320975808,0.8019377358048383,0.7999999999999999,0.956860584113989,0.8235294117647057,0.7777777777777777,1.0,0.2727272727272727,0.6,0.0,1.0,0.4641016151377547,0.20448853110729398,0.09549150281252627,0.5,1.0,0.7999999999999999,0.9588876643312605,0.8235294117647057,0.7777777777777777,1.0,0.2727272727272727,0.6333333333333333,0.16666666666666666,1.0,0.4641016151377547,0.12638086253384795,0.16543469682057077,0.9009688679024191,0.8019377358048384,0.7999999999999999,0.9608950641580729,0.8235294117647057,0.7777777777777777,1.0,0.2727272727272727,0.6666666666666666,0.3333333333333333,1.0,0.4641016151377547,0.06460214309120482,0.24999999999999978,1.0,0.3568958678922095,0.7999999999999999,0.9627843816421318,0.8235294117647057,0.7777777777777777,1.0,0.2727272727272727,0.7,0.5,1.0,0.4641016151377547,0.021852399266194367,0.3454915028125262,0.7225209339563144,5.551115123125783e-17,0.7999999999999999,0.9646736991261906,0.8235294117647057,0.7777777777777777,1.0,0.2727272727272727,0.7333333333333333,0.6666666666666666,1.0,0.4641016151377547,0.0,0.4477357683661729,0.27747906604368566,0.0,0.7999999999999999,0.9665826970007085,0.8235294117647057,0.7777777777777777,1.0,0.2727272727272727,0.7666666666666667,0.8333333333333333,1.0,0.4641016151377547,0.0,0.5522642316338265,0.0,0.3568958678922094,0.7999999999999999,0.968590096827521,0.8235294117647057,0.7777777777777777,1.0,0.2727272727272727,0.8,1.0,1.0,0.4641016151377547,0.02185239926619431,0.6545084971874736,0.0990311320975808,0.8019377358048383,0.8571428571428571,0.9706368574352515,0.8823529411764705,0.8333333333333333,1.0,0.2727272727272727,0.8333333333333334,0.0,1.0,0.4641016151377547,0.06460214309120454,0.7499999999999997,0.5,1.0,0.8571428571428571,0.9726836180429821,0.8823529411764705,0.8333333333333333,1.0,0.2727272727272727,0.8666666666666667,0.16666666666666666,1.0,0.4641016151377547,0.12638086253384767,0.8345653031794289,0.9009688679024191,0.8019377358048384,0.8571428571428571,0.9745926159174996,0.8823529411764705,0.8333333333333333,1.0,0.2727272727272727,0.9,0.3333333333333333,1.0,0.4641016151377547,0.20448853110729381,0.9045084971874737,1.0,0.3568958678922095,0.8571428571428571,0.9763835314492639,0.8823529411764705,0.8333333333333333,1.0,0.2727272727272727,0.9333333333333333,0.5,1.0,0.4641016151377547,0.2955114688927057,0.9567727288213003,0.7225209339563144,5.551115123125783e-17,0.8571428571428571,0.9779973234668975,0.8823529411764705,0.8333333333333333,1.0,0.2727272727272727,0.9666666666666667,0.6666666666666666,1.0,0.4641016151377547,0.39547153673234625,0.9890738003669028,0.27747906604368566,0.0,0.8571428571428571,0.9795323939226952,0.8823529411764705,0.8333333333333333,1.0,0.36363636363636365,0.0,0.8333333333333333,0.9330127018922194,0.19615242270663208,0.5,1.0,0.0,0.3568958678922094,0.8571428571428571,0.9813036290640005,0.8823529411764705,0.8333333333333333,1.0,0.36363636363636365,0.03333333333333333,1.0,0.9330127018922194,0.19615242270663208,0.6045284632676534,0.9890738003669028,0.0990311320975808,0.8019377358048383,0.8571428571428571,0.9911044635125559,0.8823529411764705,0.8333333333333333,1.0,0.36363636363636365,0.23333333333333334,0.8333333333333333,0.9330127018922194,0.19615242270663208,1.0,0.5522642316338269,0.0,0.3568958678922094,0.5428571428571428,0.9928756986538612,0.5294117647058824,0.5555555555555556,1.0,0.36363636363636365,0.26666666666666666,1.0,0.9330127018922194,0.19615242270663208,1.0,0.44773576836617335,0.0990311320975808,0.8019377358048383,0.7999999999999999,0.9946666141856255,0.8235294117647057,0.7777777777777777,1.0,0.36363636363636365,0.3,0.0,0.9330127018922194,0.19615242270663208,0.9781476007338057,0.34549150281252633,0.5,1.0,0.7999999999999999,0.9964181689364717,0.8235294117647057,0.7777777777777777,1.0,0.36363636363636365,0.3333333333333333,0.16666666666666666,0.9330127018922194,0.19615242270663208,0.9353978569087953,0.2500000000000001,0.9009688679024191,0.8019377358048384,0.7999999999999999,0.9982090844682356,0.8235294117647057,0.7777777777777777,1.0,0.36363636363636365,0.3666666666666667,0.3333333333333333,0.9330127018922194,0.19615242270663208,0.8736191374661523,0.16543469682057105,1.0,0.3568958678922095
